$SPEC_ID:
No sample description was entered.
$SPEC_REM:
DET# 1
DETDESC# SCE-SOPA-00035 MCB 133
AP# Maestro Version 7.01
$DATE_MEA:
11/18/2019 15:42:47
$MEAS_TIM:
3263 3264
$DATA:
0 4095
       0
       0
       0
       0
       0
       0
       0
       0
       0
       0
       0
       0
       0
       0
       0
       0
       0
       0
       0
       0
       0
       0
       0
       0
       0
       0
       1
       1
       0
       9
      79
      90
      80
      83
      74
      80
      73
      74
      87
      68
      77
     102
      87
      58
      74
      89
      90
      90
      77
      71
      85
      82
      85
      88
      86
      73
      83
      69
      78
      69
      87
      88
      76
      98
     109
      78
      79
      78
      63
      83
      92
      91
      86
      86
      91
      88
      94
      82
      69
      71
      78
      94
      87
      84
      86
      97
     101
      90
      69
      92
      88
      78
      96
      97
     115
      82
      82
     101
      92
     102
      98
      82
      94
     105
      97
      96
      95
     104
     120
     100
     103
      83
      95
     102
     105
     104
     116
      83
     104
     111
     107
     103
     118
     124
      96
     107
     102
     116
     122
     131
      95
     102
     117
     118
     105
     107
     106
     121
     124
     118
      98
     117
     102
      98
      88
     101
     120
     103
      96
     114
     105
     104
     107
     122
     127
     106
     117
     110
      92
      97
     107
     104
     102
     106
     102
     111
      95
      88
      95
      85
     101
      93
     113
      99
      99
     114
     109
     105
      94
      92
     104
      96
      95
     101
      99
      95
     121
     110
      88
     100
     105
     108
     103
     109
      99
      92
     102
      81
      95
      86
      94
      90
     110
      99
      85
      84
     117
      87
     101
      81
      98
     106
     114
     115
     115
     118
     123
     117
     149
     135
     115
     111
     130
      93
     119
     133
     116
     112
     112
     112
      97
     102
     104
     100
      96
     116
     105
     105
      95
      97
     118
      88
      99
      82
      91
      88
      93
      87
      93
      86
      80
      73
      83
      82
      92
      66
      76
      90
      72
      79
      71
      77
      87
      77
      69
      82
      76
      57
      70
      71
      79
      71
      87
      49
      69
      68
      72
      77
      59
      74
      61
      54
      58
      48
      73
      70
      62
      59
      45
      56
      64
      64
      47
      55
      55
      56
      55
      52
      65
      67
      56
      69
      47
      56
      54
      65
      52
      56
      54
      43
      43
      53
      35
      71
      54
      53
      59
      60
      59
      54
      47
      53
      52
      47
      45
      49
      43
      59
      29
      43
      56
      27
      53
      42
      53
      66
      38
      50
      44
      53
      50
      47
      63
      47
      41
      53
      59
      46
      39
      39
      46
      34
      55
      39
      39
      57
      67
      35
      57
      38
      39
      38
      41
      46
      35
      45
      53
      56
      36
      47
      39
      37
      49
      35
      49
      30
      31
      49
      41
      48
      39
      43
      35
      38
      47
      38
      32
      49
      29
      41
      38
      51
      50
      39
      38
      38
      37
      38
      48
      37
      43
      36
      39
      41
      55
      46
      39
      28
      47
      45
      30
      53
      39
      40
      39
      41
      36
      45
      46
      41
      45
      38
      41
      32
      38
      35
      38
      37
      35
      43
      43
      43
      43
      33
      47
      42
      45
      29
      30
      34
      26
      36
      43
      41
      32
      35
      28
      43
      37
      31
      39
      33
      31
      45
      38
      31
      36
      30
      29
      32
      38
      41
      48
      39
      30
      38
      48
      33
      44
      45
      33
      36
      39
      20
      31
      43
      40
      32
      36
      32
      29
      32
      39
      38
      34
      37
      43
      34
      32
      39
      36
      39
      29
      41
      35
      38
      42
      19
      37
      45
      42
      30
      31
      32
      45
      47
      30
      40
      43
      28
      35
      32
      42
      48
      54
      52
      49
      29
      43
      36
      32
      22
      28
      36
      36
      42
      33
      54
      47
      32
      30
      38
      40
      36
      37
      21
      41
      35
      36
      38
      38
      43
      34
      39
      37
      35
      44
      43
      27
      33
      38
      44
      27
      37
      25
      27
      27
      29
      28
      24
      30
      28
      35
      25
      25
      30
      31
      41
      38
      23
      35
      35
      28
      33
      40
      37
      23
      21
      32
      34
      39
      35
      36
      35
      36
      31
      39
      38
      41
      34
      25
      33
      30
      30
      40
      39
      44
      29
      39
      23
      29
      34
      31
      33
      29
      37
      40
      25
      26
      42
      22
      38
      26
      36
      29
      31
      29
      32
      35
      34
      47
      35
      41
      25
      31
      25
      32
      25
      40
      28
      29
      33
      38
      28
      39
      42
      23
      30
      34
      30
      32
      38
      29
      32
      28
      35
      37
      35
      37
      38
      33
      31
      34
      33
      25
      42
      33
      33
      25
      40
      25
      31
      34
      38
      36
      35
      37
      31
      28
      26
      24
      23
      29
      30
      45
      21
      31
      29
      30
      47
      23
      36
      37
      39
      35
      34
      26
      35
      27
      35
      34
      28
      32
      29
      48
      29
      44
      28
      32
      30
      28
      33
      29
      38
      39
      31
      21
      30
      24
      27
      29
      35
      26
      34
      35
      33
      32
      42
      31
      34
      34
      27
      30
      43
      34
      40
      35
      32
      28
      30
      33
      23
      27
      37
      23
      38
      28
      36
      38
      39
      38
      33
      28
      26
      28
      26
      30
      34
      31
      31
      41
      30
      37
      35
      21
      38
      32
      33
      39
      32
      27
      38
      32
      29
      34
      36
      31
      29
      31
      34
      22
      31
      27
      33
      35
      33
      40
      30
      40
      30
      32
      35
      38
      31
      37
      43
      32
      33
      30
      35
      39
      33
      44
      38
      38
      33
      41
      24
      30
      38
      35
      28
      34
      34
      30
      43
      40
      39
      40
      32
      28
      37
      40
      37
      28
      40
      40
      45
      36
      30
      35
      41
      37
      39
      29
      42
      34
      40
      36
      44
      38
      33
      40
      40
      30
      33
      42
      39
      29
      36
      35
      43
      45
      25
      28
      36
      30
      41
      38
      35
      40
      48
      30
      37
      32
      44
      34
      33
      47
      28
      34
      57
      45
      44
      40
      38
      40
      45
      43
      34
      39
      39
      29
      36
      35
      47
      44
      54
      39
      44
      40
      43
      34
      28
      31
      31
      32
      48
      41
      51
      41
      43
      37
      53
      37
      49
      48
      32
      41
      44
      46
      53
      34
      38
      48
      45
      42
      46
      42
      45
      46
      37
      47
      43
      45
      35
      52
      45
      40
      35
      40
      41
      44
      44
      47
      39
      64
      59
      51
      40
      40
      51
      55
      51
      61
      36
      46
      50
      36
      52
      57
      51
      45
      38
      40
      43
      45
      59
      58
      48
      50
      60
      45
      45
      43
      54
      42
      50
      60
      65
      49
      44
      42
      44
      38
      47
      43
      48
      45
      37
      46
      37
      45
      39
      40
      41
      32
      42
      33
      43
      42
      43
      38
      45
      33
      32
      34
      39
      38
      46
      33
      42
      37
      48
      36
      40
      34
      37
      39
      40
      42
      32
      36
      32
      37
      46
      27
      38
      39
      32
      45
      38
      39
      36
      32
      42
      31
      35
      41
      23
      33
      27
      40
      32
      50
      49
      46
      28
      32
      36
      28
      39
      35
      29
      39
      38
      32
      30
      33
      34
      25
      27
      24
      34
      28
      40
      42
      26
      27
      25
      35
      39
      32
      36
      37
      40
      32
      34
      29
      27
      34
      23
      27
      33
      27
      32
      27
      31
      36
      16
      24
      32
      24
      23
      36
      31
      27
      23
      32
      36
      36
      22
      25
      29
      27
      32
      31
      37
      27
      33
      36
      32
      33
      30
      33
      30
      28
      33
      32
      35
      34
      30
      34
      36
      36
      27
      30
      29
      41
      30
      32
      41
      31
      39
      34
      35
      35
      28
      33
      38
      37
      34
      27
      24
      27
      26
      26
      30
      25
      14
      31
      21
      17
      17
      17
      29
      18
      14
      26
      26
      21
      23
      21
      24
      22
      18
      22
      11
      15
      19
      14
      12
      16
      19
      15
      22
      18
      21
      19
      18
      11
      15
      19
      29
      16
      21
      17
      15
      25
      14
      14
      20
      14
      16
      16
      42
     126
     328
     687
     783
     621
     309
     102
      23
      16
       6
      18
      11
      14
       9
      14
       6
      10
      13
      10
      11
      11
      13
      11
      10
       9
      12
      11
      12
      16
      10
       9
      11
      10
       8
      16
       8
      11
       9
      11
       7
       8
       7
       4
       8
       7
       7
      12
       7
       7
       8
       6
       9
       9
       6
       3
       5
       4
       6
       8
       6
       4
       3
       5
       5
       2
       6
       3
       5
      14
       6
       6
       6
       5
       5
       4
       9
      11
      10
       6
       5
       3
       7
       6
       6
       9
       5
       2
       3
       2
       6
       2
       5
       2
       3
       4
       6
       2
       8
       3
       6
       6
       7
       4
       5
       5
       1
       9
       7
       1
       6
       4
       5
       5
       2
       5
       4
       9
       3
       9
       4
       5
       4
       4
       7
       3
       5
       4
       2
       4
       4
       3
       4
       3
       3
       6
       2
       8
       6
       4
       1
       1
       0
       2
       6
       2
       5
       2
       5
       3
       4
       7
       4
       8
       4
       5
       5
       5
       2
      10
      57
     122
     300
     527
     674
     564
     307
      83
      14
       2
       0
       2
       5
       1
       2
       4
       2
       3
       2
       1
       2
       1
       3
       0
       2
       2
       2
       0
       0
       2
       3
       1
       0
       3
       1
       0
       2
       2
       1
       2
       1
       1
       3
       1
       2
       0
       0
       1
       0
       2
       0
       3
       2
       0
       0
       3
       3
       1
       1
       2
       0
       3
       0
       0
       0
       1
       1
       1
       2
       1
       1
       3
       2
       0
       0
       3
       2
       1
       1
       3
       0
       1
       2
       0
       2
       1
       1
       1
       1
       1
       0
       1
       2
       0
       3
       2
       1
       2
       2
       0
       1
       0
       2
       0
       1
       1
       0
       0
       3
       1
       1
       1
       1
       2
       2
       1
       2
       1
       1
       2
       0
       1
       0
       2
       4
       1
       1
       0
       0
       0
       2
       5
       3
       5
       6
       4
       5
       3
       2
       1
       2
       0
       0
       2
       1
       2
       0
       2
       2
       1
       1
       1
       0
       0
       3
       1
       0
       1
       1
       0
       1
       0
       2
       1
       0
       1
       0
       2
       1
       1
       2
       0
       1
       2
       1
       0
       0
       3
       0
       0
       3
       0
       0
       0
       0
       0
       1
       2
       3
       4
       3
       1
       0
       1
       1
       2
       0
       0
       0
       0
       0
       0
       2
       0
       2
       1
       1
       1
       1
       0
       0
       1
       0
       1
       2
       0
       1
       2
       0
       0
       1
       1
       2
       0
       1
       0
       4
       1
       0
       1
       1
       0
       0
       0
       1
       1
       1
       0
       4
       1
       2
       2
       2
       1
       0
       2
       1
       1
       2
       0
       4
       2
       3
       1
       1
       0
       0
       1
       0
       2
       0
       2
       2
       1
       0
       0
       0
       0
       1
       0
       0
       0
       2
       3
       0
       2
       1
       1
       0
       0
       1
       0
       0
       0
       0
       0
       1
       1
       0
       0
       0
       0
       0
       1
       1
       1
       0
       0
       0
       2
       0
       2
       0
       1
       2
       2
       2
       1
       0
       0
       2
       2
       1
       1
       3
       1
       1
       2
       0
       1
       0
       1
       1
       0
       1
       0
       3
       3
       2
       2
       0
       2
       1
       1
       0
       2
       0
       1
       1
       2
       0
       1
       1
       1
       2
       1
       0
       1
       1
       1
       0
       0
       0
       0
       2
       0
       0
       0
       0
       0
       2
       0
       0
       2
       1
       0
       0
       0
       1
       1
       2
       0
       1
       0
       1
       1
       0
       1
       0
       0
       0
       0
       1
       0
       2
       1
       0
       0
       2
       0
       1
       0
       1
       3
       0
       0
       0
       0
       1
       1
       0
       0
       0
       1
       0
       0
       3
       0
       0
       2
       1
       0
       0
       0
       2
       0
       1
       2
       1
       1
       1
       1
       1
       2
       0
       2
       0
       0
       0
       0
       0
       2
       0
       0
       0
       1
       0
       0
       0
       1
       3
       0
       2
       1
       4
       0
       0
       1
       0
       1
       1
       1
       2
       0
       0
       1
       1
       1
       0
       1
       1
       1
       0
       1
       1
       0
       2
       1
       0
       0
       0
       1
       0
       0
       1
       1
       1
       2
       1
       1
       1
       0
       1
       0
       0
       0
       0
       0
       2
       1
       1
       0
       0
       0
       0
       3
       1
       1
       1
       0
       2
       1
       1
       2
       0
       1
       1
       0
       2
       1
       0
       0
       0
       1
       0
       1
       0
       0
       0
       1
       1
       1
       0
       0
       0
       1
       1
       2
       2
       0
       0
       2
       0
       1
       1
       0
       0
       0
       2
       0
       1
       0
       0
       0
       0
       1
       0
       1
       0
       0
       0
       0
       0
       2
       0
       0
       2
       0
       0
       0
       0
       2
       0
       0
       0
       0
       1
       2
       2
       1
       0
       1
       1
       1
       0
       0
       0
       0
       1
       0
       0
       0
       1
       1
       0
       0
       0
       0
       1
       0
       0
       0
       1
       0
       1
       0
       1
       1
       1
       1
       2
       0
       0
       1
       0
       0
       1
       0
       1
       0
       0
       1
       0
       0
       1
       0
       0
       1
       0
       0
       0
       0
       0
       0
       0
       0
       2
       0
       0
       1
       1
       0
       0
       0
       0
       0
       1
       2
       0
       2
       0
       0
       0
       0
       1
       0
       1
       1
       1
       1
       0
       1
       0
       0
       1
       0
       0
       1
       0
       0
       1
       0
       0
       0
       0
       0
       2
       0
       0
       1
       0
       1
       1
       0
       1
       0
       0
       0
       0
       0
       1
       0
       0
       0
       0
       1
       0
       0
       0
       1
       1
       0
       1
       0
       0
       0
       1
       0
       0
       0
       1
       1
       1
       1
       1
       1
       0
       1
       1
       2
       1
       0
       0
       1
       1
       1
       0
       1
       0
       2
       1
       0
       0
       1
       0
       0
       0
       0
       0
       0
       1
       0
       0
       2
       0
       0
       0
       0
       2
       1
       0
       0
       1
       1
       0
       2
       0
       1
       0
       0
       0
       3
       0
       0
       1
       1
       0
       0
       0
       0
       0
       0
       2
       0
       1
       0
       0
       2
       1
       0
       0
       0
       0
       1
       0
       0
       0
       1
       0
       0
       1
       0
       1
       1
       1
       0
       0
       0
       1
       0
       0
       0
       0
       0
       0
       1
       0
       0
       0
       1
       0
       0
       1
       0
       0
       0
       0
       1
       0
       0
       0
       0
       1
       0
       1
       0
       2
       0
       1
       0
       1
       0
       0
       0
       0
       0
       1
       2
       1
       1
       2
       0
       1
       0
       0
       0
       1
       0
       2
       1
       1
       0
       1
       0
       0
       0
       0
       1
       0
       0
       0
       0
       0
       1
       0
       1
       1
       0
       1
       0
       0
       0
       0
       1
       0
       0
       1
       1
       0
       2
       1
       0
       1
       0
       1
       0
       1
       0
       1
       0
       1
       1
       1
       0
       0
       0
       1
       0
       0
       1
       0
       0
       2
       1
       3
       0
       0
       2
       0
       2
       1
       0
       0
       0
       0
       0
       0
       0
       0
       0
       0
       1
       1
       0
       0
       0
       0
       1
       0
       0
       1
       1
       0
       0
       1
       0
       0
       1
       1
       0
       0
       1
       0
       0
       2
       0
       0
       0
       0
       1
       0
       1
       0
       0
       1
       0
       0
       0
       0
       0
       0
       1
       0
       0
       1
       0
       0
       0
       1
       0
       0
       0
       0
       0
       1
       1
       0
       0
       1
       0
       0
       0
       0
       2
       0
       1
       1
       0
       1
       0
       0
       1
       0
       0
       0
       1
       0
       1
       0
       0
       0
       0
       0
       0
       0
       0
       0
       1
       1
       0
       0
       0
       0
       0
       0
       0
       0
       0
       1
       2
       0
       0
       0
       0
       1
       0
       1
       0
       0
       0
       3
       1
       0
       0
       1
       0
       0
       0
       0
       0
       0
       0
       0
       0
       1
       1
       1
       0
       0
       1
       1
       0
       0
       0
       1
       0
       2
       0
       0
       0
       0
       0
       0
       1
       0
       1
       0
       0
       0
       0
       0
       1
       0
       0
       0
       0
       0
       0
       0
       1
       1
       0
       0
       0
       0
       0
       1
       0
       0
       0
       0
       0
       0
       0
       0
       1
       0
       0
       1
       0
       0
       0
       0
       0
       0
       0
       0
       0
       0
       0
       0
       0
       0
       0
       0
       1
       0
       0
       0
       0
       0
       0
       1
       0
       0
       1
       0
       0
       0
       0
       1
       0
       0
       0
       0
       0
       0
       1
       1
       1
       1
       1
       0
       0
       0
       0
       0
       1
       0
       0
       1
       0
       2
       0
       0
       0
       0
       1
       0
       0
       0
       1
       0
       0
       0
       0
       0
       0
       0
       0
       1
       0
       0
       0
       1
       0
       1
       1
       0
       0
       0
       1
       0
       1
       0
       0
       0
       1
       0
       0
       1
       0
       0
       0
       2
       1
       0
       0
       0
       0
       0
       0
       0
       0
       1
       0
       0
       1
       0
       0
       0
       0
       0
       0
       0
       0
       0
       0
       0
       0
       0
       0
       0
       0
       0
       0
       0
       1
       0
       0
       1
       0
       0
       0
       0
       0
       0
       1
       0
       0
       0
       0
       0
       0
       0
       0
       0
       1
       0
       0
       0
       0
       0
       0
       0
       0
       0
       0
       0
       0
       0
       0
       0
       1
       0
       0
       0
       0
       0
       0
       0
       0
       0
       0
       0
       0
       0
       0
       0
       0
       0
       0
       0
       0
       0
       0
       0
       0
       0
       0
       0
       0
       1
       0
       0
       0
       1
       1
       0
       0
       0
       1
       1
       4
       0
       0
       0
       0
       0
       1
       0
       0
       0
       0
       0
       0
       0
       0
       0
       0
       0
       0
       0
       0
       0
       0
       0
       0
       0
       0
       0
       0
       0
       1
       1
       0
       0
       0
       0
       0
       0
       0
       1
       0
       0
       0
       0
       0
       0
       0
       0
       0
       0
       0
       0
       0
       0
       0
       0
       0
       0
       0
       0
       0
       0
       1
       0
       0
       0
       1
       0
       0
       0
       0
       0
       0
       0
       0
       0
       0
       0
       0
       0
       0
       0
       0
       0
       0
       0
       0
       0
       0
       0
       0
       0
       0
       0
       0
       0
       0
       1
       0
       0
       1
       0
       0
       0
       1
       0
       0
       0
       0
       0
       0
       0
       1
       0
       0
       0
       0
       1
       0
       0
       0
       0
       0
       0
       0
       1
       0
       1
       0
       0
       0
       1
       0
       1
       0
       0
       0
       0
       0
       0
       0
       0
       0
       0
       0
       0
       0
       0
       0
       0
       0
       0
       0
       0
       0
       0
       0
       0
       0
       0
       0
       0
       0
       0
       0
       0
       0
       0
       0
       0
       0
       0
       0
       0
       0
       0
       1
       0
       0
       0
       1
       0
       0
       0
       0
       0
       0
       0
       1
       0
       0
       0
       0
       0
       0
       0
       0
       0
       0
       0
       0
       0
       0
       1
       0
       0
       0
       0
       0
       0
       0
       0
       0
       0
       1
       2
       0
       0
       1
       0
       0
       0
       2
       0
       0
       0
       0
       0
       0
       0
       0
       0
       0
       0
       1
       0
       0
       1
       0
       0
       0
       0
       0
       1
       0
       0
       0
       0
       0
       0
       0
       1
       1
       0
       0
       0
       0
       0
       0
       0
       0
       0
       0
       1
       0
       0
       0
       0
       0
       0
       1
       0
       0
       0
       0
       0
       0
       0
       0
       0
       0
       0
       0
       0
       0
       1
       0
       0
       0
       0
       0
       0
       0
       0
       0
       0
       0
       0
       0
       0
       1
       0
       0
       0
       1
       0
       0
       0
       0
       0
       0
       0
       0
       0
       0
       0
       0
       0
       1
       0
       0
       1
       1
       0
       1
       0
       0
       0
       0
       0
       0
       0
       2
       0
       0
       0
       0
       0
       0
       0
       0
       0
       0
       0
       1
       0
       0
       0
       0
       0
       0
       0
       0
       0
       0
       0
       1
       0
       0
       0
       0
       0
       0
       0
       0
       0
       0
       0
       0
       0
       0
       1
       0
       0
       0
       0
       0
       0
       0
       0
       0
       0
       0
       0
       1
       0
       0
       0
       0
       0
       0
       0
       0
       0
       0
       0
       0
       0
       0
       0
       0
       0
       0
       0
       0
       0
       0
       0
       0
       0
       0
       0
       0
       0
       0
       0
       0
       0
       0
       0
       0
       0
       0
       0
       1
       0
       0
       0
       0
       1
       0
       0
       0
       0
       0
       0
       0
       0
       0
       0
       1
       0
       0
       1
       0
       0
       0
       0
       0
       0
       0
       0
       0
       0
       0
       0
       3
       0
       0
       1
       0
       0
       0
       0
       0
       0
       0
       0
       0
       0
       0
       0
       1
       0
       0
       0
       0
       0
       0
       0
       0
       0
       0
       0
       1
       0
       0
       0
       0
       0
       0
       0
       0
       0
       0
       1
       0
       0
       0
       1
       0
       0
       0
       0
       0
       0
       0
       0
       0
       0
       0
       0
       0
       0
       0
       0
       0
       0
       0
       0
       0
       0
       0
       0
       0
       0
       0
       0
       0
       1
       0
       0
       0
       0
       0
       0
       0
       0
       0
       0
       0
       0
       0
       0
       0
       0
       0
       0
       0
       0
       1
       0
       0
       0
       0
       0
       0
       0
       0
       0
       0
       0
       0
       0
       0
       0
       0
       0
       0
       1
       0
       0
       0
       0
       0
       0
       0
       0
       0
       0
       0
       0
       1
       0
       0
       0
       0
       0
       0
       0
       0
       0
       0
       0
       0
       0
       0
       0
       0
       0
       0
       0
       0
       0
       0
       0
       0
       0
       0
       0
       0
       0
       0
       0
       0
       0
       0
       0
       0
       0
       0
       0
       0
       0
       0
       0
       0
       0
       0
       0
       0
       0
       0
       0
       0
       0
       0
       0
       0
       0
       0
       0
       0
       0
       0
       0
       0
       0
       0
       0
       0
       0
       0
       0
       0
       0
       0
       0
       0
       0
       0
       0
       0
       0
       0
       2
       1
       1
       0
       0
       0
       0
       1
       0
       0
       1
       0
       0
       0
       0
       0
       0
       0
       0
       0
       0
       0
       0
       0
       0
       0
       0
       0
       0
       0
       0
       1
       0
       0
       0
       0
       0
       0
       0
       0
       1
       0
       0
       0
       0
       0
       0
       0
       0
       0
       0
       0
       1
       0
       1
       0
       0
       0
       0
       0
       0
       0
       0
       0
       0
       0
       0
       0
       0
       0
       0
       0
       1
       0
       0
       0
       0
       0
       0
       0
       2
       1
       0
       0
       0
       0
       0
       0
       0
       0
       0
       0
       0
       0
       0
       0
       0
       0
       0
       0
       0
       0
       0
       0
       0
       0
       0
       0
       0
       0
       0
       0
       0
       0
       0
       1
       0
       0
       0
       0
       0
       0
       0
       0
       0
       0
       0
       0
       0
       0
       1
       0
       0
       0
       0
       0
       0
       1
       0
       0
       0
       0
       0
       1
       0
       0
       0
       0
       0
       0
       1
       0
       0
       0
       0
       0
       0
       0
       0
       0
       0
       0
       0
       0
       0
       0
       0
       0
       0
       0
       0
       0
       0
       0
       0
       0
       0
       0
       0
       0
       0
       0
       0
       0
       0
       0
       0
       0
       0
       0
       0
       0
       0
       1
       0
       0
       0
       0
       0
       1
       0
       0
       0
       0
       0
       0
       0
       1
       0
       0
       0
       0
       0
       0
       0
       0
       0
       0
       0
       0
       0
       0
       0
       1
       0
       0
       0
       0
       0
       0
       0
       0
       1
       0
       0
       0
       0
       0
       0
       0
       0
       0
       0
       1
       0
       0
       0
       0
       0
       1
       0
       0
       0
       0
       0
       0
       0
       0
       0
       0
       0
       0
       0
       0
       0
       0
       0
       0
       0
       0
       0
       0
       0
       0
       0
       0
       0
       0
       0
       0
       1
       0
       0
       0
       0
       0
       0
       0
       0
       0
       0
       0
       0
       0
       0
       0
       0
       0
       0
       0
       0
       0
       0
       0
       1
       0
       0
       0
       0
       0
       0
       0
       0
       0
       0
       0
       0
       0
       0
       0
       1
       0
       0
       0
       0
       0
       0
       0
       0
       0
       0
       0
       0
       0
       0
       0
       0
       1
       0
       0
       0
       0
       0
       0
       0
       0
       0
       0
       0
       0
       0
       0
       0
       0
       0
       0
       0
       1
       0
       0
       0
       0
       1
       1
       0
       0
       0
       0
       0
       0
       0
       0
       0
       0
       0
       0
       0
       0
       0
       0
       0
       1
       0
       0
       0
       0
       0
       0
       0
       1
       0
       0
       0
       0
       1
       0
       0
       0
       0
       0
       0
       1
       0
       0
       0
       0
       0
       0
       0
       0
       0
       0
       0
       0
       0
       0
       0
       0
       0
       0
       0
       0
       0
       0
       0
       0
       0
       0
       0
       0
       0
       1
       0
       0
       1
       0
       0
       0
       0
       0
       0
       0
       0
       0
       0
       0
       0
       0
       0
       0
       0
       0
       0
       0
       0
       0
       0
       0
       0
       0
       0
       0
       0
       0
       1
       0
       0
       0
       0
       0
       0
       0
       0
       0
       0
       0
       0
       0
       0
       0
       0
       0
       0
       0
       0
       1
       0
       0
       0
       0
       0
       0
       0
       0
       0
       0
       0
       1
       0
       0
       0
       0
       0
       0
       1
       0
       0
       0
       0
       1
       0
       0
       0
       0
       1
       0
       1
       0
       0
       0
       0
       0
       0
       0
       0
       0
       0
       0
       0
       1
       0
       0
       0
       1
       0
       0
       0
       0
       0
       0
       1
       0
       0
       0
       0
       0
       0
       0
       0
       1
       0
       0
       0
       0
       0
       0
       0
       0
       0
       0
       0
       1
       0
       1
       1
       0
       0
       0
       0
       0
       0
       0
       0
       0
       0
       0
       0
       0
       0
       0
       0
       1
       0
       0
       1
       0
       0
       0
       0
       0
       1
       0
       0
       0
       0
       0
       0
       0
       0
       0
       0
       1
       0
       0
       0
       0
       0
       0
       0
       0
       0
       1
       0
       0
       0
       0
       0
       0
       0
       0
       0
       0
       0
       0
       0
       0
       0
       0
       0
       0
       0
       0
       0
       0
       1
       0
       0
       0
       0
       0
       0
       0
       0
       0
       0
       0
       0
       0
       0
       0
       0
       0
       0
       0
       0
       0
       0
       0
       0
       0
       0
       0
       0
       0
       0
       0
       0
       0
       0
       0
       0
       0
       0
       0
       0
       0
       0
       0
       0
       0
       0
       0
       0
       0
       0
       0
       0
       0
       0
       0
       0
       0
       0
       0
       0
       0
       0
       0
       0
       0
       0
       0
       0
       0
       0
       0
       0
       0
       0
       0
       0
       0
       0
       0
       0
       0
       0
       0
       0
       0
       0
       0
       0
       0
       0
       0
       0
       0
       0
       0
       0
       0
       0
       0
       0
       0
       0
       0
       0
       0
       0
       0
       0
       0
       0
       0
       0
       0
       0
       0
       0
       0
       0
       0
       0
       0
       0
       0
       0
       0
       0
       0
       0
       0
       0
       0
       0
       0
       0
       0
       0
       0
       0
       0
       0
       0
       0
       0
       0
       0
       0
       0
       0
       0
       0
       0
       0
       0
       0
       0
       0
       0
       0
       0
       0
       0
       0
       0
       0
       0
       0
       0
       0
$ROI:
0
$PRESETS:
None
0
0
$ENER_FIT:
0.000000 0.000000
$MCA_CAL:
3
0.000000E+000 0.000000E+000 0.000000E+000 
$SHAPE_CAL:
3
0.000000E+000 0.000000E+000 0.000000E+000
