$SPEC_ID:
No sample description was entered.
$SPEC_REM:
DET# 1
DETDESC# SCE-SOPA-00035 MCB 133
AP# Maestro Version 7.01
$DATE_MEA:
11/12/2019 15:48:03
$MEAS_TIM:
75645 75647
$DATA:
0 4095
       0
       0
       0
       0
       1
       2
       1
       1
       1
       1
       0
       0
       0
       0
       0
       0
       0
       0
       1
       0
       3
       1
       5
       4
       2
       6
      65
     168
      69
      83
     343
     349
     367
     356
     377
     327
     368
     351
     327
     358
     357
     366
     310
     392
     372
     401
     536
     555
     470
     365
     352
     332
     337
     358
     383
     361
     355
     311
     326
     319
     331
     337
     450
     662
     675
     511
     348
     318
     293
     330
     325
     351
     344
     374
     356
     372
     361
     388
     379
     337
     355
     348
     352
     343
     394
     396
     395
     365
     360
     354
     361
     453
     644
     860
     712
     486
     352
     364
     378
     351
     351
     317
     346
     334
     312
     362
     322
     373
     369
     391
     386
     356
     391
     364
     372
     349
     373
     387
     313
     363
     370
     363
     359
     337
     357
     342
     391
     354
     372
     378
     339
     367
     364
     391
     361
     385
     385
     406
     372
     338
     375
     356
     384
     354
     424
     390
     362
     356
     377
     367
     331
     331
     318
     359
     366
     356
     336
     362
     371
     359
     351
     359
     338
     360
     322
     325
     328
     364
     331
     331
     329
     297
     341
     338
     341
     317
     309
     343
     330
     354
     339
     320
     317
     339
     326
     348
     497
     555
     413
     335
     288
     300
     227
     313
     273
     306
     298
     294
     291
     330
     301
     289
     283
     273
     331
     301
     300
     294
     276
     305
     257
     289
     283
     283
     257
     262
     248
     250
     253
     243
     241
     257
     265
     286
     258
     291
     246
     246
     261
     264
     250
     229
     272
     262
     267
     253
     257
     246
     248
     291
     297
     290
     222
     241
     237
     226
     248
     269
     219
     233
     244
     186
     223
     223
     215
     213
     207
     217
     213
     207
     234
     234
     181
     193
     217
     208
     206
     231
     176
     189
     210
     214
     182
     193
     192
     179
     187
     192
     203
     204
     180
     170
     183
     179
     180
     175
     179
     184
     154
     159
     207
     183
     186
     165
     176
     196
     191
     191
     189
     178
     176
     148
     184
     179
     163
     187
     184
     196
     159
     169
     182
     156
     153
     161
     167
     151
     164
     134
     178
     148
     141
     165
     194
     162
     155
     145
     164
     148
     137
     157
     154
     146
     147
     150
     147
     161
     125
     146
     149
     147
     125
     168
     156
     147
     139
     151
     146
     119
     135
     147
     133
     160
     137
     125
     163
     150
     145
     107
     140
     119
     140
     144
     102
     125
     144
     137
     153
     113
     126
     143
     153
     134
     115
     122
     135
     146
     138
     112
     110
     125
     124
     129
     132
     110
     122
     123
     110
     113
     114
     126
     102
      95
     109
     111
     122
     133
     104
     108
     114
     116
     106
     112
      89
     131
     114
     119
      87
     108
     109
     106
     115
     117
     110
     114
     100
     109
     111
     108
     109
     102
     111
     112
     102
     112
     115
     107
     111
     115
      92
      97
     116
     123
      92
      92
     111
     104
     105
      91
     114
     106
      93
      93
     101
      95
      99
     102
      96
     121
     111
      99
      94
      92
      93
     109
     103
      98
     104
      98
     100
      86
      90
     118
     110
     100
     102
      92
      95
      94
     114
      86
     102
      98
     108
     112
      96
      73
      79
      85
      90
      92
      81
      83
     100
      76
      91
      83
      86
      78
      80
      94
      82
      83
      90
      82
      96
      84
      84
      92
      78
      90
     109
      93
     103
      84
      72
      85
      85
      86
     101
      88
     102
     156
     251
     360
     336
     238
     154
     135
      75
      60
      88
      85
      73
      70
      74
      77
      84
      70
      83
      65
      86
      73
      77
      71
      84
      72
      72
      66
      92
      80
      86
      81
      87
      80
      73
      66
      76
      63
      67
      63
      82
      82
      75
      81
      58
      64
      72
      71
      73
      63
      62
      73
      68
      81
      76
      63
      72
      67
      69
      83
      69
      71
      74
      71
      72
      82
      77
      64
      78
      83
      65
      76
      67
      72
      85
      84
      82
      97
      78
      76
      71
      64
      59
      79
      68
      67
      54
      77
      77
      71
      74
      96
      64
      66
      84
      77
      63
      72
      62
      73
      77
      88
      92
      74
      79
      61
      68
      70
      67
      79
      57
      68
      45
      54
      64
      48
      65
      57
      67
      66
      60
      63
      69
      62
      54
      80
      59
      58
      55
      63
      72
      50
      58
      53
      55
      73
      71
      60
      68
      64
      49
      69
      56
      67
      59
      64
      58
      59
      52
      58
      54
      65
      57
      75
      57
      65
      73
      59
      64
      66
      62
      73
      75
      71
      70
      57
      54
      54
      67
      51
      56
      58
      71
      54
      55
      49
      46
      65
      55
      59
      52
      57
      61
      59
      61
      53
      75
      72
      72
      67
      55
      61
      67
      72
      57
      61
      66
      55
      80
      60
      55
      61
      62
      66
      58
      62
      61
      59
      65
      63
      56
      60
      46
      55
      55
      65
      44
      44
      53
      61
      55
      67
      48
      56
      47
      54
      55
      43
      62
      40
      44
      61
      53
      63
      43
      66
      56
      45
      55
      49
      64
      38
      51
      44
      48
      46
      51
      49
      53
      51
      73
      39
      46
      63
      54
      50
      52
      40
      55
      65
      61
      57
      38
      43
      49
      43
      56
      54
      37
      52
      39
      48
      48
      58
      49
      56
      57
      45
      51
      53
      44
      35
      54
      53
      39
      50
      41
      52
      53
      50
      34
      51
      41
      43
      42
      41
      48
      48
      57
      47
      57
      53
      42
      46
      53
      48
      70
      69
      48
      37
      58
      45
      43
      61
      42
      37
      44
      44
      39
      37
      44
      41
      52
      58
      50
      37
      48
      51
      47
      38
      63
      42
      44
      45
      39
      44
      50
      57
      46
      61
      41
      54
      40
      44
      38
      50
      44
      38
      37
      43
      41
      47
      45
      29
      58
      47
      43
      42
      47
      44
      38
      57
      40
      35
      37
      47
      46
      36
      40
      46
      33
      42
      39
      30
      38
      39
      45
      50
      43
      43
      49
      40
      41
      40
      37
      52
      38
      52
      34
      49
      38
      62
      45
      66
      46
      37
      33
      57
      50
      29
      51
      59
      47
      48
      42
      62
      44
      47
      33
      33
      45
      44
      43
      42
      43
      35
      45
      42
      40
      36
      48
      42
      30
      35
      35
      33
      38
      45
      31
      31
      44
      39
      42
      34
      49
      36
      40
      44
      28
      39
      33
      35
      30
      40
      45
      30
      45
      46
      39
      36
      34
      31
      44
      35
      45
      49
      46
      49
      45
      40
      38
      43
      43
      54
      46
      36
      31
      36
      35
      43
      42
      32
      29
      33
      30
      35
      28
      47
      33
      35
      36
      35
      39
      52
      34
      34
      31
      35
      47
      35
      36
      43
      34
      37
      36
      56
      40
      38
      39
      29
      32
      36
      34
      47
      37
      36
      27
      37
      34
      37
      43
      27
      26
      34
      29
      32
      38
      31
      34
      29
      34
      31
      38
      36
      34
      31
      32
      39
      32
      47
      31
      23
      41
      42
      34
      35
      28
      34
      33
      39
      31
      31
      24
      34
      32
      20
      29
      36
      39
      32
      25
      28
      22
      35
      34
      37
      30
      40
      34
      29
      29
      21
      41
      22
      40
      38
      44
      23
      30
      39
      26
      38
      41
      32
      33
      31
      43
      26
      36
      31
      34
      22
      24
      38
      30
      30
      18
      33
      38
      32
      28
      29
      36
      33
      31
      30
      35
      30
      25
      38
      29
      27
      33
      27
      29
      30
      31
      30
      40
      31
      30
      38
      28
      28
      30
      45
      34
      26
      29
      20
      25
      30
      22
      26
      35
      33
      33
      39
      28
      27
      41
      35
      36
      23
      24
      40
      30
      32
      31
      31
      29
      28
      24
      23
      38
      22
      24
      31
      28
      25
      30
      23
      30
      30
      38
      33
      25
      23
      26
      31
      24
      31
      23
      29
      32
      22
      21
      32
      28
      32
      25
      21
      37
      31
      27
      27
      27
      25
      32
      27
      31
      20
      28
      40
      32
      35
      33
      25
      34
      33
      23
      33
      18
      21
      23
      23
      25
      21
      27
      42
      31
      26
      33
      24
      30
      26
      33
      23
      22
      21
      27
      27
      20
      29
      34
      27
      32
      28
      29
      20
      35
      17
      29
      26
      24
      26
      34
      31
      24
      26
      28
      24
      26
      27
      32
      19
      27
      28
      19
      24
      19
      23
      27
      26
      20
      22
      22
      20
      24
      20
      20
      27
      28
      31
      25
      18
      23
      26
      30
      15
      31
      25
      23
      25
      21
      22
      19
      22
      21
      26
      21
      22
      13
      27
      34
      18
      24
      29
      22
      27
      24
      16
      23
      18
      25
      27
       9
      18
      23
      20
      23
      20
      23
      22
      26
      18
      23
      23
      18
      23
      19
      22
      16
      22
      26
      27
      25
      19
      22
      31
      26
      26
      17
      22
      17
      24
      19
      19
      20
      27
      28
      26
      23
      23
      22
      21
      28
      22
      18
      18
      17
      14
      17
      24
      17
      18
      17
      28
      20
      26
      23
      15
      23
      19
      18
      12
      26
      15
      21
      23
      19
      16
      27
      17
      26
      18
      21
      17
      16
      12
       9
      20
      14
      16
      20
      22
      18
      17
      22
      22
      21
      25
      26
      21
      21
      23
      27
      23
      23
      14
      25
      15
      19
      19
      18
      22
      17
      16
       8
      14
      14
      22
      17
      17
      25
      23
      16
      21
      15
      17
      19
      20
      24
      18
      19
      21
      17
      18
      17
      17
      16
      12
      18
      11
      18
      18
      14
      23
      20
      18
      18
      11
      14
      17
      18
      25
      22
      16
      21
      25
      18
      16
      18
      18
      15
      20
      27
       9
      18
      13
      16
      19
      14
      16
      22
      21
      17
      10
      22
      24
      20
      20
      16
      28
      43
      90
     116
      90
      72
      34
      24
      15
       8
      15
      16
      13
      22
      11
      14
      11
      18
      10
      18
      16
      19
      15
      13
      14
      18
      11
       8
      11
      17
      18
      16
      12
      13
      18
      10
      12
      10
      13
      13
      20
      15
      10
      11
      13
      16
      13
       9
      11
      19
      14
      17
      21
      13
      12
      14
      19
      12
      14
      10
       9
      14
       9
      13
      16
      15
      12
      16
       9
      10
      18
      16
      18
      17
      14
      12
       9
       9
      16
      16
      19
      13
       6
      16
      11
      17
      13
       8
       9
      11
      14
      14
      19
      18
      13
      12
      16
      17
      15
       7
       9
      16
      10
      12
      13
      10
      15
      10
      18
       9
      14
       9
      13
      15
      20
      11
      14
      14
       9
       8
       7
      11
      15
      17
       9
      12
      12
      14
      12
       9
      19
      20
      16
      16
      22
      15
      25
      15
      14
      12
      11
      14
      14
      11
      11
       9
      10
      11
       9
      13
       6
      14
      20
      13
       7
      14
      13
      12
      15
      18
      17
      11
       9
      14
      10
      15
      13
      19
       6
      11
       9
       7
      14
      20
      14
      12
      12
       6
      11
       7
      11
      13
       8
      14
      10
      12
       9
      15
       7
       8
      13
      13
      13
       9
       6
      11
      12
       8
       9
      10
      11
       9
      13
      16
      13
       7
      17
      11
      14
       8
       6
      15
      10
       9
      12
       5
      14
      15
       9
       7
      13
      13
       8
       8
      13
       9
       4
      14
      16
       8
       6
      11
      13
       9
      17
       9
       6
      11
       7
      12
      12
      11
      13
      14
      12
       8
      18
      13
      11
       8
      15
       8
      13
       9
      13
      11
       6
      11
       7
       9
      12
      12
      14
      12
      12
       9
      12
       4
       6
      10
      16
      15
      13
      10
      10
       8
       8
       7
       9
       9
       6
      11
       8
       7
       6
       6
      10
      10
      12
      10
      11
      13
      11
       4
       7
       9
       6
      10
       8
       3
       7
      10
       8
      13
      10
       9
      17
      17
      25
      21
      16
       9
       6
      11
      12
       7
      13
      10
      11
       7
      10
       7
      13
       6
      12
      15
      10
       6
       5
      11
       6
       6
      11
      13
      12
      10
       7
      11
      10
      10
       7
       8
       9
      10
      14
      11
       8
      13
      12
       4
       9
      15
       6
       8
       7
      10
       7
      10
       6
       7
       4
       9
       8
       8
      11
       6
       7
       5
      10
       7
      11
       9
       6
      10
       4
      12
       7
      16
      13
       6
      14
       7
      13
       9
      13
       6
       7
      12
       9
       8
      10
      13
      10
       8
       7
       7
      11
       4
       9
       8
       3
       8
      15
      10
      10
       7
      13
       9
       6
      11
       5
       4
       7
      16
       7
      11
       4
       6
       5
      10
      13
       7
       8
      11
       6
       5
       9
      10
      11
      10
       9
       6
      11
       4
       5
      15
       9
      13
       9
       4
       8
       7
       6
       3
      10
       8
       9
      12
      10
       6
       6
      13
       9
       3
       4
       8
      12
       9
       6
       7
       7
       8
       4
      12
      12
      10
       5
       6
       4
       9
       9
       8
       4
      11
       8
       5
       2
       5
       8
      10
       8
       9
       6
       8
       3
       5
       4
       9
       8
       8
       6
       6
      11
       4
      12
       6
       6
       9
       8
       9
       6
       7
       6
       6
       7
      11
       2
       6
      12
       8
       8
      11
       7
      12
      11
       3
       8
       7
       6
       7
       4
      10
       5
      10
       3
       8
       3
       9
       3
       9
       7
       4
       9
       8
       6
       6
       8
       4
      10
      11
       2
       5
       5
       7
       8
       9
       5
       5
      10
       6
       9
       5
       6
       3
       7
       5
       8
      12
       6
       6
      14
       8
       8
       7
       4
       8
       7
      10
       6
       7
      10
       1
       2
       2
       7
       3
       8
       6
       5
       3
       6
       6
       6
       3
      10
       7
       6
       9
       4
      13
       7
       8
       5
       7
       6
      12
       5
       4
       5
       6
       7
       8
       7
       7
       4
       6
       6
       3
       3
      11
       9
       5
       7
       6
       5
       3
       6
       5
       6
       5
       1
       8
       3
       3
       7
       5
       4
       6
       4
       9
       6
       7
       3
       6
      13
       3
       4
       0
       2
       4
       8
       4
       4
       6
       5
      11
       5
       9
       6
      11
       8
      10
       4
       5
      10
       3
      10
       4
       7
       8
       4
      11
       9
       9
      10
      11
       5
      11
       4
       8
       4
       2
       4
       8
       6
       6
       1
       1
       9
       8
       4
       7
       8
       3
       6
       9
       8
       6
       4
       5
       2
       6
       3
       6
       9
       8
       3
       6
       7
       8
       8
      10
       5
       7
       4
       8
       6
       4
       1
       8
       4
       6
       4
      10
       7
       9
       7
       6
       8
       9
       8
       5
       2
       7
       9
       5
       3
       8
       6
       5
       6
       7
       9
       5
       8
       6
       3
       5
       7
       4
       6
       3
       5
       5
       6
       2
       8
       7
       6
      11
      10
       9
       8
       7
       8
       2
       7
       4
       6
       9
       3
      10
       6
       6
       8
       5
       7
       8
       7
       6
       4
       6
       9
       2
       4
       6
       8
       3
       7
       4
       3
       5
       3
       5
       5
       2
      11
       9
       4
      10
       7
       9
       5
      11
       8
       5
       8
       5
       8
       6
       8
       7
       4
       3
       8
       4
       7
       6
       5
       7
       7
      10
       3
      10
       3
       4
       6
       8
       7
       3
       6
       5
       3
       5
       7
       4
       4
       2
       4
       6
       2
       5
       6
       4
       3
       5
       6
       5
       3
       8
       7
       2
       5
       2
       8
      11
       4
       7
      13
       9
       7
       7
       5
       3
       7
       7
       5
       4
       2
       3
       6
       9
       8
      10
       3
       2
       3
       8
       2
       3
       3
       4
       5
       8
       6
       6
       2
       3
       7
      11
       6
       9
       4
       4
       7
       7
       7
       3
       6
       4
       9
       8
       3
       5
       6
       7
       2
       6
       7
       2
       1
       9
       5
       5
       7
       1
       3
       4
       6
       6
       9
       4
       7
       5
       3
       4
       5
       6
       4
       3
       4
       6
       6
       5
       8
       5
       6
       4
       6
       5
       7
       3
       6
       6
       9
       7
       3
       6
       9
       2
       7
       4
       6
       6
       9
       5
       4
       8
       3
       4
       4
       8
       1
       1
       7
       4
       3
       5
       2
       3
       3
       3
       7
       4
       6
       3
       3
       0
       3
       5
       7
       2
       3
      11
       4
       5
       3
       8
       1
       6
       4
       5
       4
       7
       8
       7
       6
       1
       7
       7
       3
       5
       1
       9
       3
       8
       2
       1
       9
       5
       4
       6
       3
       4
       4
       6
       2
       2
       5
       2
       6
       3
       6
       8
       5
       1
       3
       6
       3
       6
       2
       1
       6
       7
       6
       4
       4
       8
       7
       7
       2
       3
       4
       4
      10
       4
       2
       2
       3
       6
       5
       6
       4
       3
       3
       4
       1
       9
       4
       6
       6
       4
       5
       3
       2
       6
       5
       8
       4
       4
       2
       4
       1
       2
       3
       4
       5
       3
       2
       7
       7
       5
       8
       5
       4
       7
       2
       6
       1
       2
       6
       3
       1
       5
       1
       5
       3
       3
       9
       1
       2
       6
       2
       3
       4
       0
       6
       7
       6
       5
       4
       1
       0
       3
       5
       2
       4
       4
       3
       1
       5
       2
       2
       6
       0
       5
       5
       2
       6
       6
       3
       0
       1
       2
       5
       5
       4
       2
       3
       3
       2
       3
       2
       6
      10
       3
       2
       2
       4
       4
       1
       2
       5
       2
       5
       1
       3
       3
       4
       4
       3
       4
       6
       2
       7
       3
       4
       7
      14
      29
      36
      31
      39
      17
       7
       7
       5
       2
       4
       1
       7
       4
       2
       2
       3
       5
       3
       1
       8
       1
       0
       1
       2
       3
       2
       3
       4
       3
       3
       4
       0
       4
       3
       2
       3
       1
       5
       3
       0
       1
       7
       4
       3
       1
       4
       1
       2
       2
       1
       8
       3
       3
       2
       2
       3
       4
       3
      10
       4
       4
       5
       3
       5
       3
       4
       2
       1
       3
       4
       3
       5
       2
       7
       5
       5
       7
       4
       6
       3
       3
       5
       3
       3
       5
       4
       3
       3
       5
       2
       4
       2
       8
       0
       0
       5
       0
       2
       2
       4
       2
       1
       3
       2
       1
       6
       2
       5
       7
       1
       2
       2
       2
       3
       3
       5
       3
       2
       5
       4
       2
       4
       2
       3
       5
       1
       3
       1
       3
       4
       5
       1
       2
       0
       3
       6
       7
       2
       2
       4
       2
       3
       2
       1
       1
       2
       2
       4
       2
       2
       1
       4
       3
       1
       1
       3
       2
       2
       4
       2
       2
       1
       2
       1
       5
       3
       4
       4
       2
       5
       1
       6
       2
       4
       4
       3
       0
       1
       3
       1
       1
       2
       2
       5
       3
       1
       0
       4
       4
       0
       2
       2
       8
       5
       2
       4
       3
       2
       5
       4
       1
       1
       2
       4
       1
       3
       3
       1
       2
       4
       4
       6
       2
       2
       1
       6
       7
       4
       3
       2
       4
       4
       3
       5
       3
       2
       4
       3
       5
       1
       2
       3
       3
       4
       3
       6
       1
       2
       3
       2
       1
       2
       4
       3
       3
       4
       4
       4
       5
       1
       2
       1
       2
       2
       2
       1
       0
       2
       0
       4
       4
       3
       4
       3
       3
       0
       4
       3
      10
       3
       3
       3
       1
       5
       4
       5
       3
       0
       1
       1
       3
       2
       1
       0
       7
       3
       3
       3
       0
       2
       0
       5
       6
       0
       5
       4
       2
       9
       4
       2
       3
       5
       4
       3
       2
       3
       5
       0
       3
       2
       5
       2
       1
       4
       2
       2
       1
       3
       1
       3
       3
       3
       5
       2
       4
       4
       1
       1
       1
       0
       5
       2
       2
       2
       5
       1
       4
       4
       3
       4
       2
       6
       0
       2
       2
       5
       1
       2
       5
       2
       6
       7
       6
       2
       0
       4
       1
       0
       0
       1
       3
       2
       2
       2
       5
       5
       1
       2
       2
       4
       6
       2
       2
       1
       5
       4
       6
       5
       4
       3
       1
       2
       5
       2
       3
       1
       5
       0
       4
       5
       3
       0
       5
       5
       1
       3
       2
       3
       2
       3
       5
       3
       5
       2
       3
       3
       3
       2
       0
       0
       1
       3
       2
       5
       4
       1
       1
       3
       2
       1
       2
       3
       3
       3
       3
       4
       5
       1
       5
       3
       3
       2
       3
       1
       1
       5
       2
       3
       1
       0
       0
       0
       3
       3
       2
       5
       2
       3
       0
       2
       3
       4
       1
       2
       3
       2
       6
       4
       3
       3
       5
       2
       1
       5
       3
       2
       0
       1
       3
       4
       3
       2
       2
       2
       2
       4
       5
       1
       0
       7
       2
       3
       2
       3
       6
       3
       1
       3
       3
       3
       3
       6
       2
       4
       3
       0
       3
       4
       2
       3
       1
       5
       3
       0
       5
       4
       1
       2
       2
       1
       1
       0
       4
       1
       2
       1
       1
       1
       1
       0
       1
       5
       4
       3
       3
       2
       0
       6
       3
       3
       1
       2
       4
       2
       1
       2
       4
       2
       1
       1
       1
       3
       4
       3
       2
       1
       0
       0
       2
       5
       1
       2
       4
       3
       4
       6
       3
       3
       4
       1
       1
       3
       4
       4
       2
       1
       3
       3
       5
       4
       3
       3
       1
       1
       2
       4
       4
       4
       1
       3
       2
       2
       2
       4
       1
       3
       4
       3
       4
       2
       1
       3
       5
       2
       1
       2
       0
       1
       5
       1
       1
       2
       1
       1
       1
       1
       5
       2
       6
       2
       1
       1
       1
       3
       2
       2
       2
       2
       3
       2
       3
       4
       2
       2
       1
       2
       2
       2
       1
       4
       4
       2
       1
       2
       3
       4
       3
       5
       2
       3
       3
       2
       2
       2
       2
       4
       1
       4
       0
       2
       2
       1
       3
       3
       1
       3
       5
       0
       2
       5
       1
       0
       6
       1
       3
       1
       5
       3
       4
       3
       3
       4
       3
       2
       4
       4
       2
       4
       2
       0
       3
       3
       4
       1
       1
       2
       6
       5
       2
       4
       3
       3
       1
       3
       2
       3
       0
       4
       1
       3
       1
       2
       1
       1
       3
       2
       1
       2
       2
       1
       0
       4
       2
       0
       4
       2
       1
       0
       4
       5
       2
       3
       3
       2
       0
       3
       1
       2
       1
       2
       3
       2
       1
       3
       1
       0
       2
       2
       3
       2
       2
       1
       3
       1
       2
       4
       0
       1
       2
       2
       1
       1
       4
       0
       4
       0
       0
       4
       1
       4
       3
       2
       1
       3
       4
       0
       2
       2
       3
       2
       1
       4
       2
       1
       2
       2
       1
       1
       0
       3
       4
       2
       3
       1
       3
       2
       2
       1
       1
       1
       3
       3
       2
       2
       2
       2
       0
       3
       3
       4
       2
       1
       2
       3
       4
       3
       3
       1
       2
       3
       4
       6
       2
       2
       3
       4
       1
       3
       2
       0
       1
       2
       1
       1
       2
       2
       1
       7
       5
       1
       0
       1
       2
       1
       3
       2
       1
       3
       0
       5
       2
       3
       2
       1
       0
       1
       2
       1
       5
       2
       0
       2
       5
       1
       2
       1
       4
       2
       2
       1
       1
       0
       0
       2
       4
       3
       2
       5
       4
       5
       1
       4
       1
       9
       2
       3
       1
       1
       2
       3
       1
       2
       3
       2
       4
       4
       3
       5
       3
       5
       3
       2
       1
       4
       1
       2
       1
       4
       2
       2
       3
       3
       1
       3
       4
       5
       5
       3
       1
       0
       2
       1
       2
       1
       3
       0
       1
       0
       2
       4
       1
       3
       1
       2
       5
       0
       2
       2
       4
       4
       3
       2
       1
       3
       2
       3
       1
       3
       1
       2
       2
       3
       3
       2
       4
       3
       1
       1
       4
       1
       2
       2
       5
       3
       4
       1
       3
       2
       3
       1
       0
       2
       1
       2
       0
       1
       1
       3
       2
       2
       4
       3
       1
       4
       2
       2
       7
       3
       2
       0
       4
       2
       3
       0
       3
       3
       2
       0
       5
       2
       1
       0
       1
       2
       1
       3
       2
       4
       0
       3
       2
       2
       2
       1
       3
       0
       3
       2
       1
       2
       4
       0
       2
       5
       2
       1
       1
       3
       1
       3
       1
       3
       2
       1
       3
       2
       4
       1
       1
       2
       0
       2
       3
       1
       3
       4
       6
       3
       2
       2
       4
       1
       2
       1
       1
       2
       3
       1
       3
       4
       3
       3
       3
       1
       5
       2
       4
       3
       0
       0
       5
       2
       2
       3
       3
       2
       2
       1
       1
       3
       4
       2
       6
       3
       2
       3
       2
       1
       1
       2
       1
       1
       5
       2
       4
       2
       5
       0
       2
       4
       4
       1
       3
       2
       3
       1
       0
       3
       1
       0
       2
       3
       2
       3
       2
       2
       2
       4
       5
       2
       5
       3
       3
       0
       4
       1
       3
       3
       2
       0
       1
       2
       3
       3
       0
       0
       1
       3
       4
       1
       3
       3
       2
       0
       2
       1
       1
       1
       0
       2
       1
       4
       1
       0
       0
       3
       3
       0
       1
       0
       1
       3
       2
       0
       4
       3
       0
       1
       0
       1
       1
       3
       3
       3
       1
       1
       0
       1
       1
       2
       1
       1
       0
       1
       3
       3
       4
       2
       2
       1
       4
       2
       3
       2
       5
       1
       3
       4
       1
       1
       1
       2
       2
       0
       2
       4
       1
       1
       4
       4
       4
       1
       2
       1
       2
       2
       1
       2
       2
       1
       3
       3
       1
       1
       0
       1
       2
       2
       0
       0
       1
       1
       1
       2
       2
       0
       0
       1
       0
       3
       4
       1
       0
       0
       5
       0
       4
       1
       3
       0
       1
       2
       3
       0
       3
       2
       1
       1
       2
       1
       3
       4
       4
       2
       1
       3
       3
       0
       3
       2
       8
       3
       0
       0
       1
       0
       3
       1
       1
       3
       1
       0
       1
       3
       4
       1
       0
       1
       2
       3
       0
       3
       2
       0
       0
       4
       4
       1
       1
       0
       2
       0
       1
       1
       3
       1
       3
       1
       1
       2
       1
       1
       7
       4
       2
       2
       3
       3
       2
       0
       2
       3
       3
       1
       1
       0
       4
       2
       0
       0
       0
       0
       0
       0
       0
       0
       0
       0
       0
       0
       0
       0
       0
       0
       0
       0
       0
       0
       0
       0
       0
       0
       0
       0
       0
       0
       0
       0
       0
       0
       0
       0
       0
       0
       0
       0
       0
       0
       0
       0
       0
       0
       0
       0
       0
       0
       0
       0
       0
       0
       0
       0
       0
       0
       0
       0
       0
       0
       0
       0
       0
       0
       0
       0
       0
       0
       0
       0
       0
       0
       0
       0
       0
       0
       0
       0
       0
       0
       0
       0
       0
       0
       0
       0
       0
       0
       0
       0
       0
       0
       0
       0
       0
       0
       0
       0
       0
       0
       0
       0
       0
       0
       0
       0
       0
       0
       0
       0
       0
       0
       0
       0
       0
       0
       0
       0
       0
       0
       0
       0
       0
       0
       0
       0
       0
       0
       0
       0
       0
       0
       0
       0
       0
       0
       0
       0
       0
       0
       0
       0
       0
       0
       0
       0
       0
       0
       0
       0
       0
       0
       0
       0
       0
       0
$ROI:
0
$PRESETS:
None
0
0
$ENER_FIT:
0.000000 0.000000
$MCA_CAL:
3
0.000000E+000 0.000000E+000 0.000000E+000 
$SHAPE_CAL:
3
0.000000E+000 0.000000E+000 0.000000E+000
