$SPEC_ID:
No sample description was entered.
$SPEC_REM:
DET# 1
DETDESC# SCE-SOPA-00035 MCB 133
AP# Maestro Version 7.01
$DATE_MEA:
11/06/2019 15:55:33
$MEAS_TIM:
158228 158232
$DATA:
0 4095
       0
       0
       0
       0
       2
       0
       0
       0
       1
       0
       0
       1
       0
       1
       0
       0
       3
       1
       0
       1
       1
       4
       2
       5
      12
      27
      97
     338
     180
     229
    1059
    1123
    1130
    1158
    1124
    1117
    1112
    1132
    1228
    1164
    1208
    1165
    1234
    1263
    1220
    1408
    1664
    1804
    1640
    1367
    1257
    1255
    1345
    1428
    1420
    1347
    1280
    1420
    1407
    1426
    1394
    1508
    1782
    2291
    2387
    1957
    1610
    1518
    1453
    1571
    1565
    1559
    1575
    1689
    1968
    2423
    2749
    3025
    2885
    2074
    1651
    1418
    1401
    1473
    1520
    1616
    1639
    1674
    1789
    1629
    1689
    1821
    2120
    2875
    2604
    1866
    1394
    1309
    1290
    1308
    1343
    1258
    1179
    1200
    1219
    1322
    1302
    1295
    1278
    1252
    1359
    1294
    1308
    1369
    1357
    1255
    1305
    1298
    1254
    1287
    1269
    1329
    1290
    1326
    1299
    1329
    1263
    1203
    1319
    1362
    1382
    1355
    1316
    1304
    1264
    1277
    1273
    1257
    1278
    1213
    1334
    1251
    1229
    1272
    1345
    1361
    1309
    1221
    1246
    1189
    1263
    1255
    1208
    1220
    1202
    1219
    1176
    1207
    1161
    1165
    1194
    1182
    1164
    1157
    1217
    1104
    1121
    1068
    1112
    1077
    1120
    1034
    1035
    1039
    1057
    1096
    1027
    1076
    1066
    1030
    1044
    1002
    1067
    1037
    1030
    1132
    1488
    1762
    1555
    1146
    1076
     980
     982
     988
     949
     974
     998
     976
     925
     966
    1000
     948
     979
     987
     960
     894
     973
     964
     858
     937
     992
     988
     868
     874
     851
     869
     868
     813
     889
     840
     872
     874
     829
     782
     845
     799
     837
     834
     866
     835
     803
     768
     749
     835
     798
     788
     804
     805
    1013
    1597
    2163
    1769
    1323
    1213
    1072
     865
     744
     716
     657
     628
     673
     617
     696
     675
     636
     599
     583
     621
     669
     613
     648
     585
     655
     627
     590
     618
     581
     562
     605
     565
     631
     691
     696
     678
     608
     552
     555
     558
     602
     652
     577
     580
     541
     540
     521
     555
     514
     548
     519
     527
     547
     549
     542
     498
     588
     698
    1040
    1196
     917
     591
     537
     603
     602
     539
     491
     458
     458
     466
     475
     515
     494
     507
     427
     448
     479
     465
     460
     469
     394
     442
     437
     439
     467
     415
     414
     429
     476
     465
     448
     517
     519
     451
     431
     399
     441
     453
     418
     430
     477
     540
     697
     584
     510
     411
     406
     397
     414
     411
     391
     368
     393
     477
     767
    1319
    1467
     984
     540
     399
     360
     398
     350
     367
     382
     379
     332
     365
     357
     353
     374
     364
     329
     378
     359
     347
     363
     334
     367
     328
     373
     331
     340
     331
     330
     352
     346
     318
     345
     366
     309
     353
     381
     370
     354
     347
     298
     340
     309
     328
     315
     353
     370
     310
     309
     309
     329
     311
     339
     370
     345
     332
     308
     344
     322
     301
     298
     330
     310
     293
     319
     303
     307
     289
     299
     308
     311
     303
     315
     312
     305
     292
     285
     304
     295
     277
     306
     278
     239
     299
     266
     288
     293
     273
     304
     263
     304
     270
     269
     268
     276
     276
     257
     283
     269
     258
     275
     259
     292
     284
     274
     274
     282
     264
     272
     303
     308
     341
     309
     293
     291
     257
     258
     274
     251
     228
     252
     251
     259
     263
     270
     252
     223
     238
     242
     252
     229
     263
     226
     251
     218
     246
     238
     240
     242
     227
     218
     244
     232
     217
     223
     256
     253
     255
     219
     249
     248
     234
     240
     252
     227
     249
     311
     439
     697
     827
     812
     618
     379
     258
     232
     226
     234
     197
     197
     230
     202
     205
     201
     202
     189
     223
     213
     231
     204
     209
     203
     219
     208
     234
     209
     195
     210
     216
     219
     183
     223
     211
     217
     201
     217
     193
     217
     184
     211
     208
     195
     201
     192
     185
     207
     197
     180
     224
     185
     188
     237
     213
     192
     237
     225
     182
     214
     197
     228
     212
     218
     210
     203
     186
     234
     191
     190
     186
     213
     241
     293
     467
     536
     445
     271
     205
     204
     180
     166
     167
     213
     212
     177
     183
     201
     199
     196
     195
     189
     202
     193
     209
     185
     198
     223
     236
     383
     740
    1012
     755
     409
     256
     204
     163
     174
     203
     188
     180
     184
     189
     193
     174
     180
     176
     165
     167
     189
     173
     174
     171
     172
     183
     187
     162
     180
     176
     166
     173
     204
     176
     155
     175
     175
     151
     170
     174
     180
     184
     138
     173
     175
     163
     156
     167
     177
     147
     159
     137
     165
     158
     184
     186
     188
     194
     182
     180
     144
     175
     159
     187
     165
     157
     182
     146
     152
     158
     154
     140
     160
     170
     168
     176
     162
     158
     136
     168
     158
     160
     167
     167
     154
     182
     176
     165
     177
     188
     148
     188
     179
     170
     177
     187
     200
     166
     159
     173
     155
     183
     140
     174
     156
     147
     140
     163
     160
     142
     149
     181
     145
     166
     171
     164
     152
     158
     206
     185
     214
     234
     186
     153
     141
     136
     152
     137
     145
     149
     148
     150
     150
     143
     144
     150
     158
     142
     180
     146
     146
     147
     154
     129
     153
     125
     154
     167
     143
     163
     137
     147
     129
     138
     150
     147
     154
     151
     146
     183
     196
     180
     216
     173
     146
     131
     145
     153
     143
     125
     144
     138
     147
     124
     134
     143
     133
     154
     164
     162
     161
     138
     125
     124
     126
     123
     132
     149
     177
     157
     141
     129
     134
     127
     123
     119
     134
     120
     149
     156
     140
     139
     128
     110
     144
     111
     121
     118
     127
     113
     106
     124
     125
     112
     130
     122
     122
     121
     125
     136
     136
     107
     128
     138
     138
     124
     131
     124
     145
     126
     138
     140
     139
     123
     111
     125
     127
     147
     129
     112
     137
     121
     132
     137
     123
     114
     111
     100
     110
     107
     110
     120
     133
     139
     137
     179
     113
     118
     124
     119
     112
     114
     109
     112
     132
      96
     134
     111
     121
     109
      96
     141
     120
     120
     106
     109
     101
      95
     125
     106
     120
     103
     126
     109
     106
     110
     119
      92
     131
     123
     142
     114
     114
     128
     110
     109
     110
     111
     136
     106
     106
     124
     123
     167
     273
     336
     289
     175
     116
     125
     108
     106
      94
     137
      87
     107
     100
     113
     107
     119
     115
     100
     102
     119
      99
     101
     114
     127
     135
     119
      99
     128
      98
     108
     112
     106
     100
     104
     102
     101
      97
     101
      99
      99
     123
      98
     114
     102
     104
      93
     100
     106
     110
     111
     106
     116
     119
     145
     147
     137
     133
     154
     216
     230
     193
     149
     102
     106
     108
      96
      83
     100
     104
     102
     118
     103
      98
     107
     114
      91
      98
     104
     103
     104
      89
     101
     100
     102
     102
     100
     108
      94
      98
     108
     129
     144
     113
     110
      79
     100
      90
      85
      87
     109
      81
      87
     110
      88
     107
      98
      87
      96
      98
      99
      88
     106
      87
      93
      91
      87
      95
      95
      98
      86
      84
      90
     107
      88
      92
      92
      90
      80
     102
      76
      86
      95
     107
      83
      91
      96
      75
      83
     115
      89
     103
      92
      98
      74
      80
      87
      87
      98
      93
      88
     110
      98
      91
      96
      87
      80
      84
      96
      94
      76
      95
      88
      95
      95
      85
     104
      85
      97
     101
      96
      84
     108
      97
      93
      78
     105
      91
      86
      82
      86
      97
      76
      88
      88
      92
      88
      82
      97
      94
     100
      80
     105
     103
      81
      92
     104
     102
     100
      77
      89
     106
      82
      99
      97
      90
     101
      93
     109
     121
     169
     224
     247
     163
     129
     107
      97
      85
     104
      86
     105
      99
      85
      77
      80
      85
      96
      97
      95
      93
      88
      71
      90
      66
      76
      86
      90
      98
      76
      77
      79
      93
      74
      84
      76
      88
      95
     126
      98
      95
      93
      77
      85
      86
      90
      86
      76
      92
      86
      96
      97
      83
      83
      76
      92
      76
      86
      88
      86
      80
      71
      87
      75
      81
      91
      83
      94
      82
      88
      97
      71
     102
      81
     104
      72
      87
      77
      63
      96
      88
      90
      89
      72
      96
      79
      82
      66
      83
      83
      88
      97
      93
     106
      96
     100
      83
      77
      97
      75
      87
      93
      82
      97
      92
      72
      99
      93
      97
      85
      89
      70
      84
      69
      84
      91
     102
      74
     104
     102
     119
     145
     115
     108
      88
      79
      71
      74
      79
      97
      82
      70
      70
      70
      75
      75
      64
      80
      77
      72
      93
      66
      72
      57
      71
      70
      70
      77
      67
      66
      56
      46
      60
      79
      65
      82
      79
      68
      63
      55
      62
      75
      81
      89
      83
      65
      72
      62
      48
      81
      57
      54
      69
      73
      72
      74
      55
      74
      55
      63
      72
      70
      65
      70
      61
      76
      57
      48
      55
      65
      62
      63
      53
      66
      50
      56
      51
      49
      48
      56
      86
      63
      69
      55
      51
      56
      69
      61
      54
      59
      63
      58
      80
      55
      64
      60
      63
      62
      50
      49
      58
      51
      59
      56
      52
      57
      58
      53
      66
      43
      66
      51
      55
      43
      51
      61
      66
      53
      48
      46
      54
      45
      53
      63
      32
      52
      56
      41
      58
      35
      55
      53
      57
      45
      52
      54
      58
      46
      43
      59
      78
      97
      68
      79
      53
      53
      48
      48
      55
      60
      59
      60
      44
      41
      48
      49
      47
      42
      45
      40
      52
      49
      41
      65
      47
      60
      47
      59
      43
      51
      54
      72
      65
      71
      45
      55
      47
      51
      36
      55
      36
      44
      49
      41
      43
      41
      44
      45
      44
      49
      35
      31
      58
      49
      36
      36
      44
      54
      39
      51
      42
      54
      50
      40
      52
      48
      52
      37
      39
      36
      42
      42
      49
      41
      39
      45
      35
      49
      43
      50
      57
     129
     254
     522
     790
     725
     526
     236
      83
      56
      35
      41
      28
      36
      41
      43
      55
      31
      36
      37
      35
      44
      28
      37
      48
      36
      37
      38
      38
      45
      42
      34
      39
      38
      44
      36
      40
      36
      47
      31
      33
      33
      42
      42
      38
      40
      37
      38
      55
      34
      47
      44
      59
      55
      55
      47
      38
      42
      39
      31
      43
      41
      37
      36
      33
      43
      27
      33
      39
      35
      30
      43
      39
      38
      42
      40
      39
      33
      29
      34
      28
      38
      43
      30
      28
      34
      32
      39
      36
      35
      28
      31
      32
      29
      24
      33
      26
      24
      40
      30
      37
      36
      34
      41
      32
      28
      38
      24
      24
      34
      26
      25
      33
      28
      26
      30
      32
      34
      31
      31
      29
      28
      22
      51
      40
      44
      47
      40
      48
      36
      45
      50
      46
      49
      44
      45
      62
      37
      47
      34
      47
      36
      39
      30
      28
      33
      21
      22
      25
      30
      29
      20
      32
      37
      22
      34
      35
      34
      28
      33
      24
      23
      23
      30
      36
      42
      36
      30
      32
      20
      32
      27
      30
      33
      39
      43
      37
      30
      45
      26
      33
      30
      21
      28
      35
      41
      23
      33
      28
      27
      27
      33
      26
      21
      25
      35
      22
      25
      32
      39
      26
      26
      28
      43
      31
      39
      35
      22
      22
      29
      23
      29
      26
      23
      25
      20
      22
      31
      18
      25
      22
      30
      31
      28
      30
      15
      23
      32
      23
      24
      29
      16
      18
      22
      20
      29
      22
      28
      30
      22
      27
      26
      29
      29
      20
      25
      37
      26
      23
      29
      15
      18
      29
      31
      21
      19
      28
      31
      28
      20
      26
      28
      22
      28
      26
      18
      22
      32
      27
      23
      25
      35
      29
      35
      52
      44
      40
      31
      20
      26
      19
      26
      18
      24
      22
      31
      25
      12
      19
      22
      16
      17
      19
      18
      21
      23
      27
      26
      15
      26
      18
      24
      22
      25
      20
      33
      38
      59
      97
     123
      99
      87
      46
      34
      19
      32
      12
      15
      20
      21
      27
      27
      23
      23
      23
      20
      17
      24
      12
      34
      25
      28
      23
      22
      24
      27
      18
      35
      23
      20
      21
      25
      26
      23
      16
      31
      28
      28
      19
      17
      24
      17
      17
      16
      28
      15
      21
      20
      28
      17
      23
      24
      21
      20
      13
      15
      31
      22
      25
      23
      19
      19
      21
      17
      24
      25
      27
      17
      24
      20
      15
      31
      27
      26
      36
      24
      24
      16
      18
      12
      30
      35
      29
      19
      25
      26
      24
      17
      23
      14
      18
      23
      20
      19
      20
      21
      20
      26
      17
      27
      14
      18
      32
      21
      13
      21
      20
      22
      21
      27
      26
      15
      18
      18
      14
      22
      19
      17
       9
      15
      23
      20
      15
      24
      17
      21
      23
      23
      14
      27
      20
      24
      13
      21
      19
      17
      22
      24
      25
      18
      14
      19
      14
      18
      21
      19
      16
      21
      22
      21
      17
      24
      17
      21
      21
      18
      17
      20
      18
      21
      18
      19
      18
       8
      24
      29
      31
      22
      19
      16
      14
      16
      18
      22
      14
      20
      22
      21
      13
      22
      20
      20
      24
      24
      20
      10
      22
      27
      21
      17
      12
      20
      19
      17
      15
      22
      19
      15
      17
      23
      19
      17
      18
      26
      22
      19
      15
      18
      22
      18
      22
       9
      17
      18
      14
      16
      21
      19
      16
      14
      22
      16
      20
      24
      21
      16
      16
      10
      13
      12
      18
      13
      21
      15
      17
      13
      17
      20
      20
      20
      14
      11
      12
      24
      17
      13
      17
      22
      22
      15
      14
      17
      18
       9
      13
      14
      19
      21
      12
      20
      17
      15
      17
      22
      12
      10
      21
      20
      19
      15
      21
      15
      16
      17
      12
      18
      17
      14
      15
      15
      17
      14
      22
      14
      15
      18
      12
      14
       7
      21
      18
      24
      10
      20
      11
      13
       9
      18
      18
       9
      16
      14
      17
      24
      13
      12
      12
      14
      14
      12
      14
      18
      21
      16
      15
       8
      16
      19
      15
      13
      19
       9
      15
      16
       9
      11
      16
      21
      18
      22
      11
      21
      18
      20
      25
      20
      21
      16
      24
      30
      26
      28
      32
      19
      20
      14
      14
      20
      16
      15
      18
      19
      13
      18
      17
      24
      24
      19
      13
      15
      10
      17
      23
      16
      13
      15
      10
      16
      10
      12
      21
      13
      17
      21
      20
      13
      21
      21
      15
      20
      15
      24
      10
      12
      16
      15
      17
      15
      13
      21
       7
      15
       8
      17
      14
      19
      15
      19
      13
      12
      18
       9
      14
      16
      14
       8
       9
      11
      24
      22
      20
      21
      20
      20
      16
      17
      13
       5
      12
      18
      12
      10
      15
      12
      23
      16
      13
      10
       7
      19
       9
      15
      13
      18
      16
      19
      16
      21
      25
      36
      42
      36
      40
      20
      12
      13
      19
      15
      17
      21
      16
      17
       8
      15
      23
      16
      18
      19
      21
      23
      20
      18
      12
      10
      13
      11
      19
      24
       9
      11
      32
      15
      15
      12
      16
      14
      19
       7
      10
      20
      17
      14
      19
      21
       8
      17
      16
      12
      10
      13
       7
      10
      12
      10
      13
      13
      16
      16
      19
      13
      14
      15
      11
      13
      24
      15
      18
      19
      13
      15
      17
       8
       9
      11
      18
      11
       7
      15
      12
      16
      20
       8
      18
      15
      17
      18
      17
      17
      17
      16
      16
      18
      18
      19
       9
      10
      17
      23
      15
      17
      13
      24
      14
      14
      14
      12
      18
      10
      17
      13
      11
      19
      12
      17
      13
      21
      16
      12
      20
      12
      10
      20
      16
      10
      17
      14
       4
      24
      19
      12
      17
      14
      16
      19
      10
      16
      16
      15
      25
      16
      13
      13
       7
      11
      10
      17
      22
      16
      13
      21
      17
      13
      25
      16
      14
       9
      14
      14
      22
      17
      13
       7
      11
      28
      10
      25
      16
      14
      14
      17
      11
      13
      11
      10
       9
      18
      12
      22
      14
      11
      13
      11
      12
      16
      13
      12
      19
      19
      11
      18
      12
       9
      12
      12
      11
      11
       7
      12
      11
      17
      10
       5
      12
      21
      12
      12
      18
      14
      12
      10
      16
      12
      12
      16
       6
      17
      16
       7
      20
      13
       7
      10
      13
      11
       6
      10
       9
      14
       9
      11
      11
       8
      20
       8
       8
      16
       9
      12
      11
      10
      12
      12
      11
      21
      18
      15
      14
      24
      12
      15
      10
       7
       8
       4
       8
      13
       6
      16
      13
      18
       9
      16
      12
      10
      11
       6
       6
       8
       7
      11
      11
      13
      11
       8
      10
      12
       9
      11
       7
       8
      17
       8
      10
       4
       9
      18
      10
      12
      15
       5
       2
       7
      10
       8
       5
       7
       9
      12
      11
      14
       5
      11
      10
      12
      11
       9
       7
      10
       9
       9
      13
       6
       5
      10
      14
       6
       5
      13
       6
       7
       6
      12
      11
      10
       6
       7
       9
       8
      12
       7
      12
      15
      11
       4
       5
       4
       5
      10
       5
       5
      13
       1
       9
      10
       5
       5
       4
       4
       6
       6
       8
       6
      15
       9
       7
       8
       9
       9
      10
       5
       8
      11
       7
       3
       8
      10
       9
       9
       6
       5
       5
       9
       8
       9
       7
      10
      10
       2
       5
       8
       6
       6
       7
       8
      11
       8
      12
       8
       9
       7
      10
       6
       9
       7
      10
       7
       4
       7
       3
      10
       4
       8
       6
       7
      15
      16
      13
      21
      28
      60
      73
      90
     131
     126
      79
      64
      29
      12
       7
       6
       5
       5
       7
       5
       9
       6
       7
      11
       4
       7
      11
       5
       4
       7
      14
       2
       4
       3
       7
       5
       7
      12
       5
       7
       7
      10
       7
      10
       7
       2
       8
       7
       9
       9
       7
      12
       7
       8
      11
       7
       5
      10
       9
       6
       2
       1
       9
       5
       7
       8
       0
       7
       3
       7
       7
       6
      11
      13
       8
       7
       8
       9
       6
       4
       7
       7
       5
       7
      10
       9
       7
       8
       8
       4
       6
      12
       5
       8
       6
       8
      14
       4
      11
       7
       6
       7
       9
       9
       9
      10
       7
       7
       7
       5
       5
       4
       9
      10
       2
       9
       7
       9
      11
       7
       3
       9
       3
       9
       6
       6
      15
       6
      11
       5
       5
       4
       5
       6
       9
       5
       6
       4
       9
      14
       4
       6
       6
       9
       7
       5
       5
       4
       2
       7
       5
       6
       5
       8
       5
       5
       6
       6
      10
       6
       7
       9
       7
       5
       7
       6
       7
       5
       5
      11
       8
       4
       4
       5
      10
       5
       4
       7
       9
       8
       5
       8
       6
       2
       6
       7
       6
       5
       2
       2
       3
       4
       2
       3
       7
      10
       5
       3
       5
       8
       4
       3
       6
      13
       3
       5
       6
      12
       5
       8
       6
       9
       8
       6
       5
       3
       5
       6
       9
       5
       7
       6
       8
       4
       3
       6
       4
       3
       7
       7
       7
       5
       6
       2
       5
      10
       4
       8
       5
       3
       8
      13
       7
       4
       5
       3
       5
       8
       6
       6
       5
       4
       9
       4
      11
       4
       3
       2
       7
       9
       3
       6
       7
       6
       4
       5
       6
       3
       5
       6
       1
       6
       7
       8
       4
       7
       7
       5
       6
       2
      11
       7
       7
       7
       8
       8
       5
       1
       6
       6
       6
      10
       4
       5
       5
       9
       3
       8
      13
       7
       4
       4
       4
       6
       6
       6
       8
      10
       6
       2
       4
       4
       5
       5
       5
       5
       6
       5
      11
       7
       6
       5
       7
       4
       7
       9
       5
       9
       2
      11
       5
       9
       5
       6
       6
       5
       5
       6
       8
       8
       6
       5
       2
       4
       7
       5
       6
       5
       2
       7
       4
       5
       7
       6
       6
       5
       4
       8
       6
       2
       7
       6
       5
       9
       3
       9
       3
       4
       4
       6
       4
       2
       5
      10
       7
       8
       9
       4
       1
       9
       6
       5
       5
       7
       3
       4
       4
       7
       7
       5
       5
       4
       9
       6
       8
      10
       6
       4
       4
       3
       2
       7
       7
       9
       4
       5
      11
       9
       3
       6
       4
       8
       3
       5
       7
       4
       5
       6
       4
       4
       6
       3
       6
      10
       7
       5
       3
       6
       6
       6
       7
       7
       4
       5
       6
       9
       7
       6
       7
       6
       3
       3
       1
       4
       3
       6
       4
       3
       7
       7
       6
       9
       0
       4
       6
       4
       2
      10
       5
       3
       9
       8
       4
       8
       5
       0
       4
       5
       3
      12
       3
       8
       1
       8
       7
       6
       4
       6
       5
       5
       6
       4
       7
       2
       2
       3
       3
      10
       5
      11
       6
       6
       9
       4
       5
       3
       7
       6
       6
       8
       3
       3
       4
       1
       7
       6
       7
       7
       5
       3
       7
       7
       8
       8
       6
       8
       4
       5
       3
       6
       7
       4
       6
       8
       9
       5
       0
       5
      11
       4
       7
       1
       0
       1
       6
       6
       9
       5
       6
       1
      10
       2
       9
       5
       4
       5
       6
       4
       4
       4
       8
       5
       6
       4
       6
       2
       8
       8
       1
       3
       6
       7
       4
       3
       4
       9
      10
      11
       8
       1
       6
       2
       4
       8
       9
       3
       2
       7
       6
       8
       4
       3
       5
       2
       7
       8
       4
       4
       3
       4
       6
       8
       7
       5
       3
       8
       5
       7
       3
       5
       4
       3
      12
       2
       6
       3
       4
       3
       7
       6
       2
       7
       3
       6
       7
       4
       6
       3
       6
       3
       8
       0
       1
       3
       8
       6
       6
       3
       7
       9
       5
       4
       5
       7
       3
       1
       2
       7
       3
       6
       9
       3
       2
       5
       4
       6
       2
       5
       6
       5
       6
       4
       3
       6
       8
       5
       6
       6
       2
       3
       4
       8
       4
       2
       0
       7
       1
       3
       8
       4
       2
       3
       7
       4
       5
       1
       3
       6
       3
       8
       5
       5
       7
       5
       3
       4
       4
       1
       4
       8
      10
       5
       5
       7
      11
       3
       5
       4
       3
       3
       5
       4
       4
       6
       3
       9
       8
       6
       4
       5
       5
       6
       2
       3
       7
       3
       2
       2
       1
       1
      10
       7
       2
       5
       3
       5
       4
       4
       9
       6
       3
       9
       2
       1
       4
       4
       8
       5
       3
      10
       6
       7
       4
       3
       6
       3
       5
       3
       3
       4
       4
       9
       6
       8
       5
       8
       5
       4
       3
       3
       5
       8
       5
       2
       3
       0
       7
       7
       5
       8
       6
       3
       4
       3
       2
       5
       5
       4
       7
       3
       3
       6
       9
       6
       9
       4
       3
       6
       8
       5
       6
       6
       1
       8
       2
       5
       2
       5
       4
       3
       3
       8
       2
       4
       3
       6
       1
       2
       2
       1
       7
       5
       2
       2
       9
       5
       1
       6
       4
       6
       5
      10
       3
       8
       6
       4
       2
       4
       3
       5
       8
       3
       1
      11
       1
       5
       3
       7
       9
       5
       6
       3
       3
       2
       3
       8
       3
       3
       7
       3
       6
       5
       5
       2
       9
       2
       8
       4
       8
       4
       1
       3
       6
       9
       3
       5
       4
       6
       3
       8
       5
       4
       8
       6
       4
      10
       4
       1
       3
       5
       4
       3
       5
       5
       7
       2
       7
       8
       7
       4
      11
       3
       2
       7
       8
       9
       4
       5
       3
       5
       5
       4
       4
       5
       4
       7
       2
       5
       5
       4
       2
       5
       0
       4
       3
       2
       3
       4
       2
       7
       3
       2
       4
       3
       4
       5
       2
       3
       1
       3
       1
       1
       4
       2
       6
       6
       8
       3
      10
       5
       5
       5
       0
       2
       5
       5
       6
       4
       4
       4
       4
       4
       6
       8
       1
       6
       6
       8
       3
       3
       4
       4
       9
       5
       3
       6
       5
       7
       4
       5
       3
       3
       4
       7
       4
       6
       3
       5
       5
       3
       6
       5
       6
       6
       2
       6
       6
       5
       5
       3
       4
       6
       6
       5
       3
       5
       5
       6
       8
       4
       3
       3
       4
       4
       4
       3
       2
       1
       1
       4
       3
       4
       3
      10
       4
       2
       2
       2
       6
       3
       2
       2
       4
       3
       9
       6
       3
       4
       6
       4
       4
       9
       2
       3
       4
       8
       6
       3
       4
       6
       4
       5
       1
       2
       3
       4
       1
       4
       5
       5
       5
       3
       4
       6
       3
       3
       7
       7
       4
       4
       4
       3
       4
       4
       7
       4
       3
       3
       4
       4
       3
       4
       4
       2
       9
       6
       7
       4
       4
       4
       6
       3
       5
       3
       2
       4
       2
       7
       3
       8
       5
       3
       4
       2
       3
       4
       7
       7
       5
       4
       3
       6
       5
       5
       4
       4
       3
       2
       6
       4
       7
       4
       1
       5
       1
       0
       3
       3
       0
       4
       4
       6
       2
       8
       3
       2
       2
       4
       3
       2
       9
       1
       4
       7
       6
       2
       3
       5
       5
       6
       2
       4
       4
       4
       6
       6
       5
       3
       2
       1
       4
       6
       0
       4
       5
       7
       2
       1
       2
       2
       9
       3
       5
       5
       2
       8
       3
       4
       2
       2
       4
       4
       4
       2
       2
       2
       7
       3
       4
       7
       7
       3
      12
       1
       3
       4
       4
       6
       5
       3
       3
       6
       3
       5
       4
       6
       1
       7
       3
       3
       4
       5
       2
       0
       4
       2
       5
       4
       2
       5
       5
       3
       4
       5
       4
       6
       7
       3
       8
       3
       2
       3
       3
       4
       4
       2
       2
       5
       7
       5
       5
       2
       5
       6
       4
       1
       5
       5
       4
       1
       3
       8
       4
       4
       6
       2
       2
       2
       3
       5
       5
       4
       2
       4
       5
       7
       4
       9
       2
       9
       0
       4
       8
       1
       1
       6
       4
       3
       5
       5
       5
       2
       2
       5
       2
       2
       2
       2
       6
       4
       2
       2
       5
       4
       6
       4
       5
       3
       2
       2
       2
       9
       3
       2
       3
       2
       3
       3
       4
       3
       2
       1
       3
       1
       3
       4
       3
       3
       3
       3
       3
       3
       8
       1
       4
       3
       9
       3
       6
       2
       3
       6
       4
       3
       7
       3
       0
       0
       0
       0
       0
       0
       0
       0
       0
       0
       0
       0
       0
       0
       0
       0
       0
       0
       0
       0
       0
       0
       0
       0
       0
       0
       0
       0
       0
       0
       0
       0
       0
       0
       0
       0
       0
       0
       0
       0
       0
       0
       0
       0
       0
       0
       0
       0
       0
       0
       0
       0
       0
       0
       0
       0
       0
       0
       0
       0
       0
       0
       0
       0
       0
       0
       0
       0
       0
       0
       0
       0
       0
       0
       0
       0
       0
       0
       0
       0
       0
       0
       0
       0
       0
       0
       0
       0
       0
       0
       0
       0
       0
       0
       0
       0
       0
       0
       0
       0
       0
       0
       0
       0
       0
       0
       0
       0
       0
       0
       0
       0
       0
       0
       0
       0
       0
       0
       0
       0
       0
       0
       0
       0
       0
       0
       0
       0
       0
       0
       0
       0
       0
       0
       0
       0
       0
       0
       0
       0
       0
       0
       0
       0
       0
       0
       0
       0
       0
       0
       0
       0
       0
       0
$ROI:
0
$PRESETS:
None
0
0
$ENER_FIT:
0.000000 0.000000
$MCA_CAL:
3
0.000000E+000 0.000000E+000 0.000000E+000 
$SHAPE_CAL:
3
0.000000E+000 0.000000E+000 0.000000E+000
