$SPEC_ID:
No sample description was entered.
$SPEC_REM:
DET# 1
DETDESC# SCE-SOPA-00035 MCB 133
AP# Maestro Version 7.01
$DATE_MEA:
11/04/2019 14:16:44
$MEAS_TIM:
3598 3598
$DATA:
0 4095
       0
       0
       0
       0
       0
       0
       0
       0
       0
       0
       0
       0
       0
       0
       0
       0
       0
       0
       0
       0
       0
       0
       0
       2
       0
       1
       2
       7
      12
      17
      99
      91
     118
     102
     100
     109
      84
     104
      88
      97
      97
     108
      99
      97
      99
     113
      95
     116
     113
      86
      99
     102
      97
     109
      90
      95
      90
      97
      85
     108
      89
      99
     106
     114
     107
      99
      89
     109
     105
      82
      85
      93
     101
     105
     125
     100
     106
      80
     112
      88
      97
      88
     106
      99
      85
     122
     106
      98
      97
     104
     119
     118
     132
     130
     132
     117
     100
     120
     104
     112
     135
     115
     128
     100
     128
     118
     122
     120
     111
     144
     138
     126
     118
     127
     104
     117
     146
     121
     136
     123
     106
     127
     105
     131
     150
     138
     121
     116
     121
     148
     130
     147
     138
     138
     131
     112
     117
     134
     135
     140
     124
     149
     137
     138
     116
     121
     113
     103
     120
     142
     126
     124
     115
     108
     122
     116
     120
     124
     117
     132
     140
     111
     140
     119
     154
     110
     116
     112
     119
     138
     129
     137
     109
     135
     137
     141
     102
     129
      96
     104
     126
     137
     143
     107
     126
     143
     118
     132
     109
     121
     128
     119
      94
     137
     135
     123
     113
     106
     124
     136
     125
     126
     138
     134
     110
     135
     139
     144
     144
     145
     123
     134
     131
     166
     152
     160
     146
     162
     142
     122
     138
     145
     140
     147
     159
     162
     153
     126
     141
     140
     124
     134
     131
     136
     127
     122
     110
     131
     135
     143
     128
     122
     126
     116
     116
     130
     113
      89
     107
     120
     111
      82
     119
     120
      99
     108
      88
      95
      97
      90
      79
      92
      81
      86
      88
      90
     108
     100
     100
      90
      86
      99
      74
      77
      85
      76
      98
      72
      71
      81
      85
      90
      82
      87
      83
      70
      65
      89
      97
      69
      74
      86
      72
      77
      72
      80
      63
      66
      69
      87
      65
      71
      69
      57
      78
      68
      65
      71
      72
      69
      69
      77
      73
      74
      84
      69
      73
      76
      74
      82
      61
      58
      63
      73
      70
      59
      53
      71
      61
      57
      79
      85
      54
      64
      70
      62
      66
      68
      45
      63
      61
      57
      60
      67
      69
      71
      61
      59
      50
      64
      53
      68
      66
      58
      58
      69
      52
      63
      47
      47
      71
      60
      62
      47
      58
      54
      57
      64
      69
      49
      65
      52
      50
      47
      58
      43
      48
      56
      64
      43
      51
      54
      58
      50
      54
      62
      59
      50
      70
      56
      54
      50
      58
      53
      54
      61
      54
      58
      55
      45
      54
      61
      37
      59
      49
      61
      62
      63
      57
      60
      56
      58
      60
      57
      39
      42
      46
      53
      49
      50
      54
      53
      66
      48
      60
      56
      52
      46
      43
      35
      52
      65
      44
      51
      50
      55
      55
      38
      54
      57
      53
      41
      38
      58
      56
      48
      42
      42
      51
      49
      67
      45
      44
      52
      52
      44
      51
      55
      52
      47
      48
      57
      47
      48
      51
      51
      44
      50
      54
      43
      36
      49
      47
      60
      60
      47
      54
      47
      51
      54
      40
      44
      47
      45
      42
      39
      47
      52
      47
      51
      46
      47
      39
      33
      51
      51
      38
      46
      34
      49
      39
      48
      47
      55
      54
      41
      49
      52
      39
      56
      47
      58
      57
      67
      60
      59
      44
      48
      49
      45
      40
      38
      39
      51
      55
      61
      41
      48
      56
      49
      30
      42
      50
      42
      44
      49
      44
      48
      48
      49
      50
      36
      47
      59
      47
      48
      37
      36
      44
      37
      39
      44
      42
      45
      57
      47
      46
      56
      31
      41
      45
      49
      39
      39
      57
      43
      46
      31
      48
      46
      41
      39
      40
      34
      38
      36
      33
      32
      42
      43
      58
      58
      34
      42
      46
      42
      44
      49
      41
      40
      44
      38
      39
      43
      40
      36
      42
      45
      39
      53
      44
      46
      35
      31
      53
      41
      38
      45
      42
      52
      47
      42
      44
      40
      43
      53
      44
      40
      46
      51
      50
      45
      46
      35
      54
      51
      37
      41
      44
      48
      57
      50
      30
      52
      43
      49
      46
      47
      41
      46
      48
      44
      42
      52
      29
      48
      35
      47
      52
      49
      38
      48
      40
      57
      53
      41
      38
      49
      48
      33
      48
      42
      38
      52
      47
      46
      54
      50
      58
      42
      50
      36
      42
      42
      50
      42
      50
      50
      35
      37
      37
      43
      52
      50
      38
      38
      44
      41
      43
      57
      50
      44
      50
      52
      36
      54
      47
      37
      53
      48
      42
      36
      38
      61
      43
      44
      42
      46
      43
      30
      39
      52
      38
      40
      38
      46
      40
      45
      49
      40
      39
      46
      39
      50
      36
      34
      45
      33
      50
      45
      42
      37
      44
      37
      48
      41
      49
      35
      40
      45
      40
      47
      41
      45
      38
      40
      43
      49
      36
      40
      44
      45
      55
      45
      47
      46
      39
      35
      53
      48
      39
      39
      45
      51
      45
      46
      39
      36
      48
      38
      40
      53
      42
      50
      53
      43
      51
      53
      40
      43
      47
      46
      53
      48
      31
      48
      38
      44
      48
      54
      45
      43
      55
      41
      55
      41
      50
      54
      49
      47
      32
      53
      52
      56
      43
      49
      61
      53
      49
      49
      38
      42
      44
      54
      45
      50
      53
      45
      42
      45
      37
      54
      42
      61
      43
      48
      54
      44
      40
      60
      34
      46
      56
      48
      63
      49
      65
      41
      48
      55
      51
      47
      27
      42
      41
      50
      59
      42
      53
      58
      47
      50
      51
      46
      51
      53
      33
      49
      47
      53
      47
      65
      56
      51
      53
      44
      48
      51
      49
      49
      56
      55
      77
      52
      50
      53
      59
      58
      50
      60
      46
      60
      59
      61
      53
      43
      60
      51
      56
      54
      52
      50
      57
      60
      69
      48
      59
      54
      48
      51
      65
      58
      49
      54
      59
      63
      60
      42
      68
      69
      49
      62
      74
      76
      75
      78
      50
      58
      58
      62
      60
      55
      54
      55
      65
      60
      63
      61
      75
      68
      67
      60
      67
      49
      55
      72
      72
      68
      62
      61
      63
      79
      56
      79
      85
      77
      63
      67
      82
      68
      68
      73
      77
      59
      54
      60
      77
      66
      63
      64
      73
      63
      74
      66
      78
      42
      73
      51
      77
      58
      58
      49
      45
      56
      45
      52
      53
      44
      53
      45
      47
      47
      41
      49
      45
      39
      59
      61
      47
      62
      45
      44
      46
      32
      38
      49
      39
      52
      62
      44
      47
      47
      53
      47
      44
      50
      60
      49
      60
      45
      52
      47
      56
      40
      54
      39
      52
      48
      45
      46
      50
      46
      44
      35
      45
      57
      59
      46
      43
      44
      51
      51
      40
      41
      50
      43
      41
      47
      35
      40
      50
      41
      44
      50
      59
      46
      37
      39
      55
      43
      38
      58
      44
      47
      47
      44
      49
      44
      43
      49
      36
      27
      54
      45
      45
      30
      37
      46
      43
      35
      48
      51
      41
      33
      47
      41
      40
      45
      33
      45
      44
      39
      39
      53
      36
      42
      42
      45
      39
      44
      37
      41
      33
      44
      44
      49
      39
      44
      48
      40
      33
      49
      46
      54
      41
      42
      48
      40
      53
      45
      34
      52
      52
      29
      48
      41
      39
      50
      36
      49
      32
      35
      33
      41
      27
      47
      40
      30
      28
      36
      18
      33
      30
      20
      35
      33
      28
      28
      34
      25
      33
      25
      20
      25
      24
      26
      27
      24
      26
      18
      33
      19
      34
      29
      28
      27
      32
      25
      27
      25
      20
      19
      30
      19
      25
      32
      25
      19
      24
      24
      29
      25
      32
      56
     143
     381
     834
    1169
     983
     583
     193
      41
      21
      14
      22
      15
      20
      15
      22
      16
      18
       9
      18
       6
      13
      16
      13
      13
      15
      19
      17
      24
      14
      15
      12
      15
       9
      16
       8
      13
      10
      11
      10
      12
      17
      11
      19
      12
      14
      10
       6
      14
      13
      10
      11
       9
      11
       6
      11
       9
      10
       9
       7
       7
       8
       1
      11
      13
       3
       3
       9
       8
       8
      13
       5
       6
       8
       8
       6
       5
      10
       9
       5
       7
       9
       4
       5
       5
       8
       3
       5
       6
      11
       7
       3
       0
      11
       6
       7
       5
       7
       5
       4
       6
       6
       3
       5
       5
       5
       4
       6
       7
       3
       9
       8
       5
       7
       8
       5
       4
       2
       8
       7
       7
       8
       7
       5
       5
       4
       1
      10
       8
       5
       5
       7
       6
       5
       5
       5
       3
       7
       4
       3
       6
       9
       4
       3
       5
       7
       3
       6
       4
       6
       5
       8
       4
      11
       8
       9
       7
       7
       7
      14
      53
     154
     453
     792
    1009
     787
     392
     115
      18
       8
       2
       4
       7
       2
       1
       2
       4
       3
       4
       3
       2
       0
       5
       1
       1
       7
       1
       0
       4
       1
       1
       0
       1
       0
       0
       3
       1
       1
       1
       2
       0
       1
       2
       1
       3
       0
       1
       2
       2
       2
       0
       1
       0
       2
       4
       0
       1
       2
       1
       2
       3
       1
       0
       3
       1
       1
       2
       0
       0
       2
       1
       2
       4
       2
       3
       1
       1
       2
       3
       1
       1
       2
       3
       2
       2
       3
       1
       3
       2
       1
       0
       0
       0
       3
       1
       1
       1
       1
       2
       3
       1
       1
       1
       0
       3
       1
       2
       1
       1
       0
       1
       2
       1
       1
       3
       3
       1
       1
       1
       1
       2
       2
       2
       2
       1
       0
       4
       1
       1
       1
       5
       3
       4
       5
       8
       3
       2
       7
       1
       3
       1
       0
       2
       1
       2
       0
       2
       1
       3
       1
       1
       1
       2
       0
       1
       3
       1
       0
       0
       4
       0
       1
       0
       2
       0
       0
       2
       1
       2
       3
       2
       0
       3
       1
       1
       1
       1
       2
       5
       2
       1
       2
       4
       2
       4
       0
       1
       5
       1
       2
       2
       3
       1
       0
       1
       1
       1
       1
       2
       1
       1
       1
       1
       3
       0
       0
       3
       1
       3
       1
       1
       3
       3
       1
       3
       1
       1
       1
       1
       2
       1
       3
       3
       2
       0
       2
       0
       2
       2
       3
       0
       3
       2
       2
       3
       1
       1
       3
       0
       1
       0
       1
       0
       1
       2
       1
       1
       1
       3
       1
       2
       1
       0
       0
       3
       3
       2
       1
       1
       2
       0
       2
       0
       2
       0
       0
       0
       0
       0
       0
       1
       1
       0
       0
       3
       3
       0
       2
       2
       2
       2
       0
       2
       1
       0
       1
       1
       1
       1
       1
       0
       2
       0
       0
       2
       0
       1
       2
       2
       0
       2
       3
       1
       1
       1
       1
       0
       2
       1
       2
       2
       0
       1
       1
       1
       0
       0
       0
       2
       1
       2
       1
       0
       1
       0
       3
       1
       1
       1
       0
       1
       1
       0
       1
       2
       2
       0
       1
       1
       0
       0
       1
       1
       0
       1
       0
       1
       0
       1
       0
       1
       0
       1
       0
       0
       1
       4
       0
       0
       1
       2
       0
       0
       2
       0
       4
       1
       0
       0
       0
       0
       2
       1
       1
       0
       2
       1
       0
       0
       1
       1
       1
       0
       0
       0
       0
       1
       1
       2
       1
       1
       0
       2
       0
       1
       0
       1
       0
       0
       0
       1
       0
       2
       1
       1
       0
       1
       1
       2
       2
       1
       2
       1
       0
       1
       2
       0
       1
       1
       0
       0
       0
       3
       3
       1
       1
       0
       1
       1
       2
       1
       2
       0
       0
       0
       2
       3
       1
       4
       3
       0
       2
       1
       0
       1
       2
       1
       0
       1
       1
       0
       3
       0
       1
       1
       0
       0
       4
       3
       0
       1
       2
       1
       0
       0
       0
       1
       2
       0
       1
       1
       0
       0
       2
       0
       1
       0
       0
       5
       0
       0
       1
       1
       0
       1
       1
       2
       0
       0
       1
       0
       1
       0
       0
       2
       0
       1
       0
       0
       0
       2
       0
       1
       0
       2
       0
       1
       0
       1
       1
       1
       2
       1
       2
       0
       2
       0
       0
       0
       0
       1
       1
       2
       1
       3
       1
       0
       1
       3
       0
       0
       2
       2
       0
       1
       0
       3
       1
       2
       2
       0
       0
       2
       1
       1
       0
       2
       2
       0
       1
       1
       3
       1
       1
       0
       3
       0
       0
       1
       0
       1
       0
       0
       0
       3
       1
       1
       1
       1
       0
       2
       2
       1
       1
       1
       0
       0
       0
       2
       3
       3
       2
       0
       0
       0
       2
       0
       1
       1
       1
       1
       1
       0
       1
       2
       0
       0
       0
       1
       0
       1
       0
       0
       1
       1
       0
       1
       0
       1
       2
       1
       2
       2
       0
       0
       2
       0
       1
       1
       0
       0
       1
       0
       0
       0
       2
       1
       0
       2
       1
       0
       0
       0
       2
       0
       1
       3
       1
       1
       2
       0
       0
       0
       0
       0
       0
       0
       0
       0
       0
       3
       0
       0
       0
       1
       0
       2
       2
       0
       0
       1
       1
       0
       1
       1
       2
       0
       0
       0
       0
       1
       1
       0
       0
       0
       0
       0
       0
       0
       0
       1
       2
       0
       0
       0
       2
       1
       0
       1
       0
       0
       0
       0
       0
       0
       0
       1
       1
       0
       0
       1
       1
       0
       1
       1
       1
       4
       1
       0
       0
       0
       2
       0
       0
       1
       0
       1
       1
       1
       0
       2
       3
       2
       0
       0
       1
       1
       1
       0
       0
       3
       0
       0
       1
       0
       1
       0
       0
       1
       2
       0
       1
       1
       2
       0
       0
       1
       0
       0
       0
       0
       0
       1
       2
       2
       2
       1
       1
       1
       1
       0
       0
       0
       1
       0
       0
       0
       0
       0
       2
       1
       1
       2
       0
       0
       1
       0
       0
       0
       1
       0
       1
       0
       1
       0
       1
       1
       0
       2
       0
       0
       1
       0
       0
       0
       1
       1
       0
       3
       0
       0
       0
       0
       0
       1
       0
       0
       1
       1
       1
       0
       0
       1
       0
       0
       0
       2
       1
       0
       0
       0
       0
       0
       0
       0
       1
       1
       0
       0
       0
       0
       1
       0
       0
       0
       3
       1
       1
       0
       0
       1
       1
       0
       0
       1
       0
       0
       0
       0
       1
       1
       0
       0
       1
       0
       0
       1
       1
       0
       0
       0
       1
       0
       0
       1
       1
       0
       3
       0
       0
       1
       1
       1
       0
       0
       0
       1
       0
       0
       1
       2
       0
       2
       0
       0
       1
       0
       1
       2
       1
       0
       0
       1
       0
       1
       0
       1
       1
       0
       2
       0
       1
       1
       0
       1
       1
       0
       0
       0
       0
       0
       1
       0
       0
       0
       0
       0
       0
       1
       0
       0
       0
       0
       0
       1
       2
       1
       1
       0
       1
       0
       0
       0
       2
       0
       0
       0
       1
       0
       1
       0
       0
       0
       1
       1
       0
       0
       1
       0
       1
       1
       0
       1
       0
       1
       0
       0
       0
       0
       1
       0
       0
       1
       0
       1
       0
       1
       0
       1
       0
       3
       0
       2
       0
       0
       0
       0
       0
       0
       0
       0
       0
       1
       1
       0
       2
       0
       0
       0
       0
       2
       0
       0
       0
       0
       0
       0
       0
       1
       1
       1
       1
       0
       0
       0
       0
       0
       1
       1
       0
       0
       1
       0
       0
       0
       1
       0
       0
       0
       0
       1
       0
       1
       0
       0
       0
       0
       0
       0
       1
       1
       0
       0
       0
       1
       0
       0
       1
       0
       0
       0
       2
       0
       0
       0
       1
       0
       1
       0
       0
       1
       0
       1
       0
       0
       0
       0
       0
       0
       0
       2
       0
       0
       0
       2
       2
       0
       0
       0
       0
       1
       0
       0
       0
       1
       1
       0
       0
       2
       0
       0
       0
       0
       1
       0
       0
       0
       1
       0
       0
       0
       0
       1
       3
       0
       0
       0
       2
       1
       0
       0
       0
       0
       0
       0
       0
       0
       0
       1
       0
       1
       0
       2
       0
       0
       0
       0
       1
       0
       0
       0
       1
       1
       1
       0
       0
       0
       1
       0
       0
       0
       0
       0
       1
       0
       0
       0
       0
       0
       0
       1
       1
       0
       1
       0
       1
       0
       0
       0
       0
       0
       0
       1
       0
       0
       0
       0
       1
       0
       0
       0
       0
       0
       0
       0
       0
       0
       0
       0
       0
       0
       0
       0
       2
       0
       0
       2
       1
       2
       6
       4
       3
       2
       0
       2
       0
       0
       0
       1
       0
       0
       0
       2
       0
       0
       0
       0
       0
       0
       1
       0
       1
       0
       1
       0
       0
       0
       0
       0
       0
       0
       1
       1
       0
       0
       0
       1
       0
       0
       0
       0
       0
       0
       0
       0
       0
       1
       0
       0
       1
       1
       1
       0
       0
       1
       0
       0
       0
       0
       0
       0
       0
       0
       1
       0
       0
       1
       0
       0
       0
       0
       0
       0
       0
       0
       0
       0
       0
       1
       1
       0
       0
       0
       0
       0
       0
       0
       0
       0
       0
       0
       0
       0
       0
       1
       1
       1
       0
       1
       0
       0
       0
       0
       0
       1
       0
       0
       0
       3
       3
       1
       2
       0
       0
       1
       0
       0
       0
       0
       0
       0
       0
       0
       0
       0
       0
       0
       0
       0
       0
       1
       0
       0
       1
       1
       0
       0
       1
       0
       0
       0
       0
       0
       0
       0
       0
       0
       0
       1
       0
       0
       1
       0
       0
       1
       0
       0
       0
       0
       0
       0
       0
       0
       0
       0
       0
       1
       1
       0
       0
       0
       0
       0
       0
       0
       0
       0
       0
       0
       1
       0
       0
       1
       0
       0
       0
       0
       1
       0
       0
       0
       0
       0
       0
       0
       0
       0
       0
       0
       0
       0
       0
       0
       0
       0
       0
       0
       0
       0
       0
       0
       0
       0
       0
       0
       0
       0
       0
       1
       0
       0
       0
       0
       0
       0
       0
       0
       1
       0
       0
       1
       0
       0
       1
       0
       0
       0
       0
       0
       0
       0
       0
       0
       1
       0
       0
       0
       0
       0
       0
       0
       0
       0
       0
       0
       0
       0
       1
       0
       1
       0
       1
       1
       1
       0
       0
       2
       0
       0
       0
       0
       1
       0
       0
       0
       0
       2
       0
       0
       0
       0
       0
       0
       0
       0
       0
       0
       0
       0
       0
       0
       0
       0
       0
       0
       0
       1
       0
       0
       0
       0
       0
       0
       0
       1
       1
       0
       0
       0
       0
       1
       1
       0
       0
       1
       0
       0
       0
       0
       0
       0
       0
       0
       0
       0
       0
       0
       1
       0
       0
       0
       0
       0
       0
       0
       0
       0
       0
       0
       0
       0
       1
       0
       0
       0
       0
       0
       0
       2
       0
       0
       1
       0
       0
       0
       0
       0
       1
       0
       0
       0
       0
       0
       0
       0
       0
       1
       0
       0
       1
       0
       0
       0
       0
       1
       0
       0
       0
       0
       0
       0
       0
       1
       0
       0
       0
       0
       1
       1
       0
       0
       0
       1
       0
       0
       1
       0
       0
       0
       0
       0
       0
       0
       0
       0
       0
       1
       0
       0
       0
       0
       0
       0
       0
       0
       0
       2
       0
       0
       0
       0
       0
       1
       0
       0
       0
       0
       0
       1
       0
       0
       0
       0
       0
       0
       0
       0
       0
       0
       0
       1
       0
       0
       0
       1
       0
       0
       0
       0
       0
       0
       0
       0
       0
       0
       0
       0
       0
       1
       0
       0
       0
       0
       0
       0
       0
       0
       0
       1
       3
       0
       1
       0
       0
       0
       0
       0
       0
       0
       0
       1
       0
       0
       0
       0
       0
       0
       0
       1
       0
       0
       0
       0
       0
       0
       0
       0
       0
       0
       0
       0
       0
       0
       1
       0
       0
       0
       0
       1
       0
       0
       1
       0
       0
       1
       0
       0
       0
       0
       0
       0
       0
       0
       0
       0
       0
       0
       0
       0
       0
       0
       1
       0
       0
       0
       0
       0
       0
       0
       0
       0
       0
       0
       0
       0
       0
       0
       0
       0
       0
       1
       0
       0
       0
       0
       0
       0
       0
       0
       0
       0
       0
       0
       0
       0
       1
       0
       0
       0
       0
       0
       1
       0
       0
       0
       0
       0
       0
       0
       0
       0
       0
       0
       0
       0
       0
       0
       1
       1
       0
       0
       0
       0
       0
       0
       1
       1
       1
       0
       0
       1
       0
       0
       1
       0
       0
       1
       0
       0
       0
       0
       0
       0
       0
       0
       0
       0
       0
       0
       0
       0
       0
       0
       0
       0
       1
       0
       0
       1
       0
       0
       0
       0
       0
       0
       0
       0
       0
       0
       1
       0
       0
       0
       0
       1
       0
       0
       0
       0
       0
       0
       0
       0
       0
       1
       0
       0
       0
       0
       0
       1
       0
       1
       0
       0
       0
       0
       0
       0
       0
       0
       0
       0
       0
       0
       0
       0
       0
       0
       0
       0
       0
       0
       0
       0
       0
       0
       0
       0
       0
       0
       0
       0
       0
       0
       0
       0
       0
       0
       0
       1
       0
       0
       0
       1
       1
       0
       0
       1
       0
       0
       0
       0
       0
       0
       0
       2
       0
       0
       0
       0
       0
       0
       0
       0
       0
       0
       0
       0
       0
       0
       0
       0
       0
       0
       0
       0
       0
       0
       0
       0
       0
       0
       1
       0
       0
       0
       0
       1
       1
       0
       0
       0
       0
       1
       0
       0
       0
       0
       0
       0
       1
       0
       0
       0
       0
       0
       0
       0
       1
       0
       0
       0
       0
       0
       0
       0
       0
       0
       0
       0
       0
       0
       1
       0
       0
       0
       0
       0
       0
       0
       0
       0
       0
       0
       0
       0
       0
       0
       0
       0
       0
       0
       0
       0
       0
       0
       0
       0
       0
       0
       0
       0
       0
       0
       0
       0
       0
       0
       0
       1
       0
       0
       0
       0
       0
       0
       0
       0
       0
       0
       0
       0
       0
       0
       0
       0
       0
       0
       1
       0
       0
       0
       0
       1
       0
       0
       0
       1
       0
       0
       0
       0
       0
       0
       1
       0
       0
       1
       0
       0
       0
       0
       0
       0
       0
       0
       0
       0
       0
       0
       0
       0
       0
       0
       0
       0
       0
       0
       0
       0
       0
       0
       0
       0
       0
       0
       0
       1
       0
       0
       0
       0
       0
       0
       0
       0
       0
       0
       0
       0
       0
       0
       0
       1
       0
       0
       0
       0
       1
       0
       0
       0
       0
       0
       0
       0
       0
       0
       0
       1
       0
       0
       0
       0
       1
       0
       0
       0
       0
       0
       0
       1
       1
       0
       0
       0
       0
       0
       1
       0
       0
       1
       0
       0
       0
       0
       0
       0
       0
       0
       0
       0
       0
       0
       0
       0
       0
       0
       0
       0
       0
       0
       0
       0
       0
       0
       0
       0
       0
       0
       0
       0
       0
       1
       0
       0
       0
       1
       0
       0
       0
       0
       0
       0
       0
       0
       1
       0
       0
       0
       0
       0
       0
       0
       0
       0
       0
       0
       0
       0
       0
       0
       0
       0
       0
       0
       0
       0
       0
       1
       0
       0
       0
       0
       0
       0
       0
       0
       0
       0
       0
       0
       0
       0
       0
       0
       0
       0
       0
       0
       0
       0
       0
       0
       0
       0
       0
       0
       0
       0
       1
       0
       0
       0
       0
       0
       0
       0
       0
       0
       0
       0
       0
       0
       0
       0
       0
       0
       1
       0
       1
       0
       0
       0
       0
       0
       0
       0
       0
       0
       0
       0
       0
       0
       0
       0
       0
       0
       0
       0
       0
       0
       0
       0
       1
       0
       0
       0
       0
       0
       0
       0
       1
       0
       0
       0
       0
       0
       0
       0
       0
       1
       0
       0
       0
       0
       0
       0
       0
       0
       0
       0
       0
       0
       0
       0
       0
       0
       0
       1
       0
       0
       0
       0
       0
       0
       0
       1
       0
       0
       0
       0
       0
       0
       0
       0
       0
       0
       0
       0
       0
       0
       0
       0
       0
       0
       0
       0
       2
       0
       1
       0
       0
       0
       0
       0
       0
       0
       0
       0
       0
       1
       0
       0
       1
       0
       0
       0
       0
       0
       0
       0
       0
       0
       0
       0
       0
       0
       0
       1
       0
       0
       0
       1
       0
       0
       0
       1
       0
       1
       0
       0
       0
       0
       0
       0
       0
       0
       0
       0
       0
       0
       0
       0
       0
       0
       0
       0
       0
       0
       0
       0
       0
       0
       0
       0
       0
       0
       0
       0
       0
       0
       0
       0
       0
       0
       0
       0
       0
       0
       0
       0
       0
       1
       0
       0
       1
       0
       0
       0
       0
       1
       0
       0
       0
       0
       0
       0
       0
       0
       0
       0
       0
       0
       0
       0
       0
       1
       0
       0
       0
       0
       0
       0
       0
       0
       1
       0
       0
       0
       0
       0
       0
       0
       0
       0
       0
       0
       0
       0
       0
       1
       0
       0
       0
       0
       0
       0
       0
       0
       0
       0
       0
       0
       0
       0
       0
       0
       0
       0
       0
       0
       0
       0
       0
       0
       0
       0
       0
       0
       0
       0
       0
       0
       0
       0
       1
       0
       0
       0
       0
       0
       0
       0
       0
       0
       0
       0
       0
       1
       0
       0
       0
       0
       0
       0
       1
       0
       0
       0
       0
       0
       0
       0
       0
       0
       0
       0
       0
       0
       0
       0
       0
       0
       0
       0
       0
       0
       1
       0
       0
       0
       1
       0
       0
       0
       0
       0
       0
       0
       0
       0
       0
       0
       0
       0
       0
       0
       0
       0
       0
       0
       0
       0
       1
       0
       0
       0
       0
       0
       0
       0
       0
       0
       0
       0
       0
       0
       1
       0
       0
       0
       0
       0
       0
       1
       0
       0
       0
       0
       1
       0
       0
       0
       0
       0
       1
       1
       0
       0
       0
       0
       0
       1
       1
       0
       0
       0
       0
       0
       0
       0
       0
       0
       0
       0
       0
       0
       0
       0
       0
       0
       0
       0
       0
       0
       0
       0
       0
       0
       0
       0
       0
       0
       0
       0
       0
       0
       0
       0
       0
       0
       0
       0
       0
       0
       0
       0
       0
       0
       0
       0
       0
       0
       0
       0
       0
       0
       0
       0
       0
       0
       0
       0
       0
       0
       0
       0
       0
       0
       0
       0
       0
       0
       0
       0
       0
       0
       0
       0
       0
       0
       0
       0
       0
       0
       0
       0
       0
       0
       0
       0
       0
       0
       0
       0
       0
       0
       0
       0
       0
       0
       0
       0
       0
       0
       0
       0
       0
       0
       0
       0
       0
       0
       0
       0
       0
       0
       0
       0
       0
       0
       0
       0
       0
       0
       0
       0
       0
       0
       0
       0
       0
       0
       0
       0
       0
       0
       0
       0
       0
       0
       0
       0
       0
       0
       0
       0
       0
       0
       0
       0
       0
       0
       0
       0
       0
       0
       0
       0
       0
       0
$ROI:
0
$PRESETS:
None
0
0
$ENER_FIT:
0.000000 0.000000
$MCA_CAL:
3
0.000000E+000 0.000000E+000 0.000000E+000 
$SHAPE_CAL:
3
0.000000E+000 0.000000E+000 0.000000E+000
