$SPEC_ID:
No sample description was entered.
$SPEC_REM:
DET# 1
DETDESC# SCE-SOPA-00035 MCB 133
AP# Maestro Version 7.01
$DATE_MEA:
11/11/2019 11:46:26
$MEAS_TIM:
3426 3427
$DATA:
0 4095
       0
       0
       0
       0
       0
       0
       0
       0
       0
       0
       0
       0
       0
       0
       0
       0
       0
       0
       0
       0
       0
       0
       0
       0
       0
       1
       3
       3
       0
      17
     104
     114
     108
     112
     122
     129
     125
     106
     107
     108
     110
     118
      99
     116
     131
     125
     118
     127
      96
     107
      88
     117
      97
     103
     105
     119
     121
      96
      95
     100
     116
     112
     121
     121
     121
     102
     123
     108
      94
      99
     109
     108
     130
     105
     104
     117
     136
     123
     106
     107
     148
     101
     119
     113
     117
     118
     114
      97
     111
     115
     114
     126
     156
     147
     156
     134
     123
     128
     125
     137
     131
     113
     144
     122
     131
     124
     105
     127
     145
     134
     155
     151
     151
     144
     145
     124
     145
     143
     136
     134
     162
     155
     119
     154
     133
     143
     160
     145
     131
     158
     117
     135
     150
     124
     149
     149
     151
     158
     157
     150
     140
     149
     153
     133
     166
     175
     164
     143
     138
     157
     141
     152
     144
     158
     161
     144
     156
     149
     169
     165
     130
     148
     142
     137
     155
     149
     141
     138
     150
     144
     165
     125
     147
     158
     121
     137
     130
     145
     128
     137
     131
     139
     120
     158
     139
     116
     143
     142
     145
     152
     141
     126
     120
     139
     130
     154
     140
     163
     155
     125
     152
     117
     124
     154
     125
     160
     139
     133
     151
     136
     119
     157
     164
     147
     159
     172
     181
     183
     165
     172
     181
     164
     171
     186
     170
     145
     153
     150
     145
     150
     174
     150
     142
     139
     139
     155
     141
     148
     138
     143
     144
     170
     121
     144
     134
     129
     143
     124
     134
     132
     110
     138
     132
     113
     106
     115
     113
     127
     109
     119
      98
     118
     104
     122
     107
     127
     122
     116
      89
      90
     111
     100
      99
     116
     117
      94
      99
     105
      96
     101
     100
     108
     110
      78
      84
      94
      87
      93
     108
      81
      89
      79
      94
      97
      80
      85
     106
      85
      89
      77
      74
      90
     104
      92
      88
      67
      80
      79
      75
      73
      83
      83
      95
      87
      88
      81
     107
      91
      85
      97
      79
      80
      71
      97
      86
     101
      87
      80
      73
      72
      85
      84
      99
      77
      83
      67
      76
      76
      79
      70
      74
      80
      53
      68
      76
      68
      70
      87
      68
      62
      83
      66
      72
      64
      80
      79
      75
      70
      73
      60
      73
      74
      60
      70
      72
      76
      56
      54
      78
      66
      64
      52
      75
      61
      64
      60
      54
      66
      68
      59
      70
      71
      62
      71
      66
      62
      74
      69
      61
      53
      67
      62
      53
      59
      70
      63
      61
      62
      61
      55
      60
      62
      76
      77
      73
      69
      60
      72
      67
      73
      70
      64
      67
      62
      65
      67
      80
      50
      60
      63
      54
      50
      49
      59
      69
      72
      65
      64
      59
      52
      61
      62
      56
      51
      60
      63
      77
      66
      67
      51
      62
      61
      58
      41
      48
      45
      54
      44
      57
      56
      66
      65
      48
      67
      64
      64
      65
      69
      65
      54
      60
      43
      69
      44
      74
      64
      80
      48
      53
      51
      49
      59
      51
      57
      64
      58
      69
      59
      53
      48
      60
      72
      45
      70
      40
      63
      36
      51
      61
      55
      56
      58
      40
      56
      52
      59
      54
      44
      57
      60
      50
      48
      58
      53
      78
      50
      48
      53
      46
      82
      60
      58
      69
      56
      70
      73
      57
      50
      67
      53
      52
      53
      57
      40
      52
      62
      58
      55
      55
      53
      55
      41
      47
      50
      38
      53
      45
      46
      64
      60
      49
      50
      34
      64
      50
      53
      48
      66
      50
      56
      44
      48
      46
      58
      43
      53
      45
      40
      54
      62
      58
      60
      48
      52
      49
      54
      64
      50
      50
      55
      48
      60
      52
      48
      46
      46
      40
      54
      40
      50
      41
      56
      50
      48
      54
      52
      41
      51
      65
      48
      60
      55
      60
      44
      55
      42
      56
      60
      58
      51
      47
      73
      48
      48
      61
      66
      56
      53
      52
      65
      40
      46
      44
      53
      49
      61
      56
      56
      54
      56
      54
      61
      54
      50
      55
      60
      70
      47
      60
      59
      58
      37
      42
      52
      57
      59
      43
      43
      56
      50
      46
      54
      43
      57
      62
      53
      59
      50
      49
      57
      49
      52
      44
      56
      38
      49
      48
      41
      61
      57
      50
      50
      46
      58
      56
      53
      53
      54
      48
      41
      59
      48
      45
      42
      49
      42
      47
      41
      42
      56
      47
      46
      47
      47
      55
      54
      54
      56
      55
      43
      53
      50
      51
      53
      53
      58
      49
      59
      48
      54
      60
      55
      56
      49
      47
      52
      46
      64
      46
      55
      51
      41
      47
      50
      73
      50
      69
      46
      54
      47
      64
      48
      50
      48
      53
      41
      53
      58
      55
      47
      40
      56
      49
      60
      62
      63
      56
      58
      48
      43
      60
      44
      63
      35
      45
      56
      60
      50
      39
      55
      53
      59
      53
      48
      47
      49
      42
      55
      51
      54
      60
      67
      52
      52
      47
      48
      48
      52
      63
      45
      61
      50
      59
      65
      51
      54
      46
      66
      48
      64
      50
      66
      58
      51
      58
      50
      60
      64
      56
      50
      47
      57
      66
      62
      60
      51
      48
      48
      53
      59
      53
      59
      45
      50
      51
      62
      51
      40
      64
      57
      44
      57
      60
      67
      57
      68
      65
      52
      64
      60
      65
      65
      57
      65
      62
      57
      55
      46
      66
      62
      52
      45
      65
      62
      61
      67
      57
      54
      58
      62
      58
      65
      61
      62
      55
      53
      56
      73
      63
      60
      64
      53
      49
      59
      62
      52
      72
      70
      50
      60
      61
      61
      60
      56
      60
      65
      71
      65
      75
      67
      70
      65
      55
      56
      65
      58
      70
      73
      61
      57
      65
      75
      63
      85
      65
      64
      56
      71
      63
      74
      52
      70
      65
      60
      64
      65
      54
      84
      70
      68
      57
      63
      66
      62
      54
      74
      56
      82
      69
      66
      85
      70
      71
      77
      73
      75
      80
      78
      80
      70
      67
      78
      76
      76
      55
      81
      63
      72
      68
      71
      81
      74
      79
      76
      51
      71
      65
      73
      89
      82
      72
      65
      74
      78
      79
      71
      79
      77
      68
      91
      65
      88
      67
      69
      78
      81
      80
      81
      84
      75
      63
      95
      88
      75
      85
      79
      77
      85
      80
      69
      73
      66
      58
      74
      60
      65
      62
      68
      67
      79
      57
      59
      56
      58
      66
      51
      58
      60
      66
      48
      58
      70
      59
      61
      59
      59
      47
      56
      65
      57
      63
      59
      53
      72
      41
      49
      64
      56
      60
      54
      47
      51
      67
      56
      65
      52
      58
      65
      49
      60
      57
      52
      59
      63
      69
      48
      41
      63
      54
      60
      55
      61
      58
      54
      58
      51
      43
      51
      45
      50
      41
      58
      50
      44
      59
      64
      46
      48
      40
      60
      43
      40
      48
      49
      44
      51
      52
      59
      54
      49
      53
      53
      51
      41
      34
      42
      60
      50
      60
      46
      55
      50
      44
      39
      65
      40
      49
      53
      50
      44
      55
      44
      47
      57
      50
      55
      64
      53
      66
      37
      53
      56
      58
      37
      49
      66
      40
      52
      52
      65
      48
      53
      65
      44
      54
      49
      62
      51
      62
      48
      58
      51
      54
      60
      64
      52
      54
      46
      55
      55
      52
      48
      45
      39
      47
      45
      38
      35
      35
      37
      41
      34
      28
      32
      34
      37
      41
      35
      42
      27
      35
      29
      31
      30
      21
      43
      32
      34
      20
      33
      33
      52
      29
      44
      30
      40
      32
      26
      40
      37
      25
      21
      29
      28
      33
      22
      22
      29
      35
      19
      35
      39
      34
      33
      63
     224
     533
    1150
    1419
     980
     502
     137
      49
      35
      16
      20
      19
      22
      18
      16
      15
      19
      17
      22
      19
      24
      18
      14
      21
      15
      15
      19
      21
      17
      10
      20
      17
      20
      11
       9
      17
      14
      15
      23
      13
      14
      14
      17
      14
      10
       7
      14
       9
      13
       9
       9
       8
      11
      14
       7
      10
       8
       4
       8
      10
       9
      12
       9
      12
      10
       9
      10
       4
      13
       9
      12
       5
       5
       5
       5
       1
      11
      10
       2
       6
       4
       4
       8
       6
       7
       8
      10
       7
       7
       6
       8
       8
       1
       9
       6
       9
       7
       6
       6
       9
       7
       6
       9
       9
       7
       3
       5
       5
       5
       8
      11
       6
       4
       6
       8
       5
       5
       7
       9
       8
      11
       5
       6
       5
      12
       8
       9
       3
      12
       8
       4
       8
       7
       9
       4
      10
       5
       8
       3
       2
       8
       5
      11
      11
       4
       4
       9
      11
      11
       9
       8
      10
       4
       7
       8
       8
       4
      12
      24
      92
     250
     601
    1081
    1134
     802
     335
      93
       9
       4
       2
       3
       2
       3
       1
       2
       4
       1
       4
       5
       2
       4
       1
       0
       2
       1
       0
       2
       1
       2
       3
       4
       3
       3
       4
       0
       4
       1
       1
       2
       3
       0
       0
       0
       3
       1
       4
       2
       1
       4
       0
       2
       3
       1
       2
       2
       2
       3
       2
       1
       2
       0
       4
       5
       2
       2
       4
       1
       4
       1
       1
       3
       4
       1
       6
       2
       1
       4
       3
       3
       1
       3
       2
       2
       3
       2
       1
       6
       0
       2
       4
       2
       2
       1
       5
       1
       0
       3
       4
       1
       3
       4
       2
       1
       3
       2
       2
       2
       0
       1
       2
       1
       2
       2
       2
       0
       2
       5
       5
       1
       6
       3
       2
       1
       0
       3
       2
       2
       1
       1
       2
       3
       5
       4
       7
       4
       1
       0
       1
       1
       3
       0
       1
       2
       0
       4
       5
       5
       3
       2
       0
       2
       0
       1
       3
       7
       0
       1
       3
       2
       1
       2
       0
       2
       1
       3
       3
       1
       1
       2
       4
       3
       0
       1
       0
       1
       0
       2
       4
       3
       2
       1
       1
       1
       2
       1
       2
       2
       0
       4
       3
       1
       2
       0
       2
       3
       3
       2
       1
       1
       3
       4
       5
       1
       1
       0
       0
       1
       4
       1
       1
       4
       2
       1
       0
       1
       3
       1
       1
       0
       3
       2
       2
       1
       2
       0
       5
       3
       2
       0
       1
       1
       3
       3
       2
       2
       0
       3
       2
       1
       1
       2
       4
       1
       2
       3
       1
       0
       1
       3
       4
       0
       1
       1
       0
       0
       1
       1
       1
       2
       0
       2
       1
       0
       2
       3
       3
       0
       2
       2
       0
       0
       3
       2
       1
       1
       2
       1
       0
       2
       0
       1
       1
       1
       5
       3
       1
       2
       7
       0
       2
       0
       1
       3
       0
       1
       0
       2
       1
       1
       1
       2
       2
       2
       1
       0
       3
       0
       1
       0
       2
       0
       1
       1
       1
       0
       0
       3
       1
       0
       2
       0
       1
       3
       0
       0
       1
       1
       4
       3
       0
       1
       0
       2
       0
       0
       2
       2
       2
       1
       2
       0
       1
       0
       0
       1
       0
       0
       1
       2
       1
       2
       0
       3
       0
       1
       1
       1
       1
       2
       3
       0
       2
       0
       0
       3
       0
       2
       0
       3
       0
       2
       0
       1
       0
       1
       0
       1
       0
       3
       3
       0
       1
       1
       3
       0
       1
       2
       1
       2
       0
       0
       0
       1
       1
       3
       0
       0
       0
       0
       1
       4
       1
       3
       1
       2
       0
       0
       0
       1
       0
       5
       0
       0
       1
       1
       0
       0
       2
       4
       2
       0
       2
       2
       1
       0
       2
       1
       1
       2
       0
       0
       0
       1
       4
       5
       0
       1
       1
       2
       2
       0
       1
       1
       1
       4
       1
       4
       1
       3
       0
       1
       1
       0
       1
       3
       1
       0
       1
       0
       1
       0
       1
       1
       0
       3
       3
       4
       1
       1
       0
       2
       0
       0
       2
       1
       1
       1
       0
       0
       5
       2
       0
       1
       0
       0
       1
       1
       1
       1
       1
       1
       1
       3
       0
       1
       1
       0
       1
       2
       0
       1
       0
       1
       1
       0
       1
       0
       1
       1
       1
       0
       0
       2
       1
       3
       1
       0
       0
       1
       0
       0
       1
       1
       2
       2
       1
       0
       2
       1
       0
       0
       0
       1
       0
       2
       3
       0
       1
       0
       1
       1
       2
       0
       0
       0
       2
       1
       1
       1
       0
       1
       3
       1
       2
       0
       2
       1
       0
       2
       1
       1
       1
       2
       0
       1
       0
       0
       1
       1
       1
       2
       1
       1
       2
       0
       2
       0
       5
       1
       4
       2
       1
       1
       0
       1
       1
       1
       4
       2
       0
       0
       1
       1
       0
       1
       0
       2
       1
       2
       1
       0
       0
       0
       2
       2
       3
       1
       1
       2
       1
       1
       0
       2
       2
       2
       1
       1
       0
       0
       1
       1
       2
       3
       0
       0
       0
       3
       2
       1
       2
       1
       0
       1
       2
       0
       2
       0
       1
       1
       0
       0
       0
       0
       2
       4
       0
       1
       0
       2
       1
       2
       0
       0
       1
       1
       0
       0
       2
       2
       0
       1
       4
       4
       2
       1
       2
       0
       0
       2
       2
       1
       0
       1
       1
       0
       2
       0
       0
       0
       0
       1
       0
       1
       1
       0
       3
       0
       0
       2
       0
       0
       1
       1
       1
       0
       0
       0
       1
       0
       0
       0
       0
       0
       1
       2
       2
       1
       1
       0
       0
       1
       0
       2
       2
       1
       1
       1
       0
       0
       0
       1
       2
       0
       1
       3
       2
       1
       0
       1
       1
       3
       0
       2
       2
       1
       2
       0
       2
       0
       0
       2
       2
       1
       0
       1
       2
       1
       0
       1
       1
       2
       1
       1
       0
       1
       0
       0
       0
       1
       0
       3
       1
       1
       0
       0
       1
       1
       1
       0
       0
       1
       0
       1
       2
       2
       1
       0
       0
       0
       1
       1
       0
       3
       1
       0
       0
       1
       0
       0
       2
       0
       0
       1
       1
       1
       0
       1
       0
       0
       0
       2
       2
       0
       0
       0
       1
       1
       0
       2
       1
       2
       0
       0
       0
       0
       0
       0
       0
       1
       2
       0
       0
       0
       1
       0
       2
       0
       0
       1
       1
       0
       0
       2
       1
       0
       0
       1
       1
       0
       0
       0
       0
       1
       0
       1
       2
       0
       1
       0
       1
       1
       1
       0
       0
       0
       0
       0
       0
       1
       2
       0
       0
       0
       0
       1
       1
       0
       0
       1
       0
       0
       1
       2
       0
       1
       1
       1
       1
       1
       0
       0
       3
       1
       1
       0
       1
       1
       0
       0
       1
       0
       0
       0
       2
       2
       1
       0
       0
       1
       0
       0
       0
       2
       1
       0
       0
       1
       1
       1
       0
       1
       0
       0
       1
       1
       0
       1
       1
       0
       0
       1
       0
       0
       2
       0
       1
       0
       3
       3
       0
       1
       0
       0
       1
       0
       3
       1
       0
       0
       2
       1
       1
       1
       0
       2
       1
       0
       1
       0
       0
       0
       0
       0
       0
       1
       1
       1
       0
       1
       0
       1
       0
       2
       0
       1
       0
       0
       1
       1
       2
       2
       1
       1
       1
       0
       0
       0
       0
       0
       1
       0
       1
       0
       1
       1
       0
       1
       0
       0
       0
       0
       0
       0
       1
       2
       0
       0
       0
       1
       0
       1
       0
       1
       2
       0
       0
       0
       0
       0
       0
       0
       0
       0
       0
       0
       0
       0
       1
       0
       0
       0
       0
       1
       0
       0
       1
       0
       0
       0
       0
       0
       2
       0
       0
       0
       1
       1
       1
       1
       0
       0
       0
       1
       1
       0
       0
       0
       0
       1
       0
       0
       0
       0
       0
       1
       0
       0
       0
       1
       0
       0
       0
       1
       0
       0
       1
       0
       0
       0
       0
       0
       1
       0
       0
       1
       0
       0
       0
       0
       0
       0
       1
       0
       0
       1
       0
       0
       0
       0
       0
       0
       1
       0
       1
       0
       0
       1
       1
       0
       0
       0
       1
       0
       0
       0
       0
       0
       0
       0
       0
       1
       0
       0
       0
       1
       0
       0
       0
       0
       0
       0
       1
       1
       1
       0
       0
       0
       0
       0
       0
       0
       1
       0
       0
       0
       0
       0
       0
       0
       0
       0
       0
       0
       0
       0
       0
       1
       0
       0
       0
       0
       0
       0
       2
       0
       1
       0
       1
       0
       0
       0
       0
       0
       0
       0
       0
       0
       1
       0
       1
       0
       1
       0
       1
       1
       2
       1
       2
       2
       4
       5
       2
       2
       0
       0
       0
       0
       1
       0
       2
       0
       0
       0
       0
       0
       0
       0
       0
       0
       0
       1
       0
       0
       0
       0
       0
       0
       0
       1
       0
       0
       0
       0
       1
       1
       1
       1
       0
       0
       0
       0
       0
       0
       0
       0
       0
       0
       0
       0
       0
       0
       0
       0
       0
       0
       0
       0
       0
       0
       0
       0
       0
       0
       0
       1
       0
       0
       0
       0
       0
       1
       0
       0
       1
       0
       0
       0
       0
       0
       0
       0
       1
       1
       0
       2
       0
       0
       0
       0
       0
       0
       0
       0
       1
       0
       0
       0
       0
       0
       0
       1
       0
       0
       1
       0
       1
       1
       4
       1
       2
       1
       1
       2
       1
       0
       0
       0
       0
       0
       0
       0
       0
       0
       0
       0
       0
       0
       0
       0
       0
       0
       0
       0
       2
       0
       0
       0
       0
       0
       0
       0
       0
       0
       1
       0
       0
       0
       0
       0
       0
       1
       1
       0
       2
       0
       1
       0
       0
       0
       0
       0
       0
       0
       1
       0
       0
       0
       1
       0
       1
       0
       0
       0
       0
       0
       0
       0
       0
       0
       0
       0
       0
       0
       0
       0
       0
       0
       0
       0
       0
       0
       0
       0
       0
       0
       0
       0
       0
       0
       0
       0
       0
       0
       0
       0
       0
       0
       0
       0
       0
       0
       1
       0
       0
       1
       0
       1
       0
       0
       0
       0
       0
       0
       0
       0
       0
       0
       0
       0
       0
       0
       0
       0
       0
       0
       0
       0
       0
       0
       0
       0
       0
       0
       0
       1
       0
       0
       1
       0
       0
       0
       1
       0
       0
       0
       0
       0
       0
       0
       0
       1
       0
       1
       0
       0
       0
       0
       0
       0
       1
       0
       0
       0
       0
       0
       0
       0
       0
       1
       0
       0
       0
       0
       0
       0
       0
       0
       0
       0
       0
       0
       0
       1
       0
       0
       0
       0
       2
       0
       0
       0
       0
       0
       0
       0
       0
       0
       0
       0
       0
       0
       0
       0
       0
       1
       0
       0
       0
       0
       0
       0
       0
       0
       1
       0
       1
       0
       0
       0
       0
       0
       0
       0
       0
       0
       0
       0
       0
       0
       0
       0
       0
       0
       0
       0
       0
       0
       0
       0
       0
       0
       1
       0
       0
       1
       0
       0
       0
       0
       0
       0
       0
       0
       0
       0
       0
       0
       0
       0
       0
       0
       0
       0
       0
       0
       0
       0
       0
       0
       0
       0
       1
       0
       0
       0
       0
       0
       0
       0
       0
       0
       0
       0
       0
       0
       0
       0
       0
       0
       0
       0
       0
       0
       0
       0
       0
       1
       1
       0
       0
       1
       1
       0
       0
       0
       0
       0
       0
       0
       0
       0
       0
       0
       0
       1
       0
       0
       0
       0
       0
       0
       0
       0
       0
       0
       0
       0
       0
       0
       0
       0
       0
       0
       0
       0
       0
       1
       0
       0
       0
       1
       0
       0
       0
       0
       0
       0
       0
       0
       0
       0
       0
       0
       0
       0
       0
       0
       0
       0
       0
       0
       0
       0
       0
       0
       0
       1
       0
       1
       0
       0
       0
       0
       1
       0
       0
       0
       1
       0
       0
       0
       0
       0
       0
       0
       0
       0
       0
       0
       0
       0
       0
       0
       0
       0
       0
       0
       0
       0
       0
       0
       0
       0
       0
       1
       0
       1
       0
       0
       1
       0
       0
       0
       0
       0
       0
       1
       0
       0
       0
       0
       0
       0
       0
       0
       0
       0
       0
       0
       0
       0
       0
       0
       0
       0
       0
       0
       0
       0
       0
       0
       0
       0
       0
       0
       0
       0
       1
       0
       0
       0
       0
       0
       0
       0
       1
       0
       0
       0
       0
       0
       0
       0
       0
       0
       1
       2
       2
       0
       0
       0
       0
       0
       0
       1
       0
       0
       0
       0
       0
       0
       0
       0
       1
       0
       0
       0
       0
       0
       0
       0
       0
       0
       0
       0
       1
       1
       0
       0
       0
       0
       0
       0
       0
       0
       0
       0
       0
       0
       0
       0
       1
       0
       0
       0
       0
       0
       0
       0
       0
       0
       0
       0
       0
       0
       0
       0
       0
       0
       0
       0
       0
       0
       0
       0
       0
       0
       0
       0
       0
       0
       1
       0
       0
       0
       0
       0
       0
       1
       0
       0
       1
       0
       0
       0
       0
       1
       0
       0
       0
       0
       0
       0
       0
       0
       0
       0
       0
       0
       0
       0
       0
       0
       0
       0
       0
       0
       0
       0
       0
       0
       0
       0
       0
       0
       0
       0
       0
       0
       1
       0
       0
       0
       0
       1
       0
       0
       0
       0
       0
       0
       0
       1
       0
       0
       1
       0
       0
       0
       0
       0
       0
       0
       0
       0
       0
       0
       0
       0
       0
       0
       0
       0
       0
       0
       1
       0
       0
       0
       0
       0
       0
       0
       0
       0
       1
       1
       0
       1
       0
       1
       0
       0
       0
       2
       0
       0
       0
       0
       0
       0
       0
       0
       1
       0
       0
       0
       0
       2
       0
       0
       1
       0
       0
       0
       0
       0
       0
       0
       1
       0
       0
       0
       0
       0
       0
       0
       0
       0
       0
       0
       0
       0
       0
       0
       0
       0
       1
       0
       0
       0
       0
       0
       0
       0
       0
       0
       0
       1
       0
       0
       0
       1
       0
       0
       0
       0
       0
       0
       0
       0
       0
       0
       1
       0
       0
       0
       0
       0
       0
       0
       1
       0
       0
       1
       0
       0
       1
       0
       0
       0
       0
       0
       0
       0
       1
       0
       0
       0
       0
       0
       0
       0
       0
       1
       0
       0
       0
       0
       0
       0
       0
       1
       1
       0
       0
       0
       1
       0
       0
       0
       0
       1
       0
       0
       0
       0
       0
       0
       0
       0
       0
       0
       0
       0
       0
       1
       0
       0
       0
       0
       0
       0
       0
       0
       0
       0
       0
       0
       0
       0
       0
       0
       0
       1
       0
       0
       0
       0
       0
       1
       0
       0
       0
       0
       0
       0
       0
       1
       0
       0
       0
       0
       0
       0
       0
       0
       0
       0
       0
       0
       0
       0
       0
       0
       0
       0
       0
       0
       1
       0
       0
       0
       0
       0
       0
       0
       0
       0
       0
       0
       0
       0
       0
       0
       0
       0
       0
       1
       0
       0
       0
       0
       0
       1
       0
       0
       0
       0
       0
       0
       0
       0
       0
       0
       0
       0
       0
       0
       1
       0
       0
       0
       0
       0
       0
       0
       0
       0
       0
       0
       0
       1
       0
       0
       0
       0
       0
       0
       0
       0
       0
       0
       0
       0
       0
       0
       0
       0
       0
       0
       0
       0
       1
       0
       1
       0
       0
       0
       0
       0
       0
       0
       0
       0
       0
       0
       0
       0
       0
       1
       0
       0
       0
       0
       0
       0
       0
       1
       0
       0
       0
       1
       0
       0
       0
       0
       0
       0
       0
       0
       0
       0
       0
       0
       0
       0
       0
       0
       0
       0
       0
       0
       0
       0
       0
       0
       0
       0
       0
       0
       0
       0
       0
       0
       0
       0
       0
       0
       1
       0
       0
       0
       0
       0
       0
       0
       1
       0
       0
       0
       0
       0
       0
       0
       0
       0
       0
       0
       0
       0
       0
       0
       0
       0
       0
       0
       0
       0
       0
       0
       0
       0
       1
       0
       0
       0
       0
       0
       0
       0
       0
       0
       0
       0
       0
       0
       0
       0
       0
       0
       0
       0
       2
       0
       0
       1
       0
       0
       0
       0
       0
       0
       0
       0
       0
       0
       0
       0
       0
       0
       0
       0
       0
       0
       1
       0
       0
       0
       0
       0
       0
       0
       0
       0
       0
       1
       0
       0
       0
       0
       0
       0
       1
       0
       0
       0
       0
       1
       0
       0
       1
       0
       0
       0
       0
       0
       0
       0
       0
       0
       0
       0
       0
       0
       0
       0
       0
       0
       0
       0
       0
       0
       0
       0
       0
       0
       0
       0
       1
       0
       0
       0
       0
       0
       0
       0
       0
       0
       1
       0
       0
       0
       0
       0
       0
       0
       0
       0
       0
       0
       0
       0
       0
       1
       0
       0
       0
       0
       1
       0
       1
       0
       0
       0
       0
       1
       0
       0
       0
       0
       0
       0
       0
       0
       0
       0
       0
       0
       0
       0
       0
       1
       0
       0
       0
       0
       0
       0
       0
       0
       0
       0
       0
       0
       0
       0
       0
       0
       0
       0
       0
       0
       0
       0
       0
       1
       0
       0
       0
       0
       0
       0
       0
       0
       0
       0
       0
       0
       0
       0
       0
       0
       0
       0
       0
       0
       0
       0
       0
       1
       0
       0
       0
       1
       0
       1
       0
       1
       0
       0
       0
       0
       0
       0
       0
       0
       0
       0
       0
       0
       0
       0
       0
       0
       0
       0
       0
       0
       0
       0
       0
       0
       0
       0
       0
       0
       0
       0
       0
       0
       0
       0
       0
       0
       0
       0
       0
       0
       0
       1
       0
       0
       0
       0
       0
       0
       0
       0
       1
       0
       0
       0
       0
       0
       0
       0
       0
       0
       0
       0
       1
       0
       0
       0
       0
       0
       0
       0
       0
       0
       0
       0
       1
       0
       0
       0
       0
       0
       0
       0
       0
       0
       0
       0
       0
       0
       0
       0
       0
       0
       0
       0
       0
       0
       0
       0
       0
       0
       0
       0
       0
       0
       0
       0
       0
       0
       0
       0
       0
       0
       0
       0
       0
       0
       0
       0
       0
       0
       0
       0
       0
       0
       0
       0
       0
       0
       0
       0
       0
       0
       0
       0
       0
       0
       0
       0
       0
       0
       0
       0
       0
       0
       0
       0
       0
       0
       0
       0
       0
       0
       0
       0
       0
       0
       0
       0
       0
       0
       0
       0
       0
       0
       0
       0
       0
       0
       0
       0
       0
       0
       0
       0
       0
       0
       0
       0
       0
       0
       0
       0
       0
       0
       0
       0
       0
       0
       0
       0
       0
       0
       0
       0
       0
       0
       0
       0
       0
       0
       0
       0
       0
       0
       0
       0
       0
       0
       0
       0
       0
       0
       0
       0
       0
       0
       0
       0
       0
       0
       0
       0
       0
       0
       0
       0
       0
       0
       0
       0
       0
       0
       0
       0
       0
       0
       0
       0
       0
       0
       0
       0
       0
       0
       0
       0
       0
       0
       0
       0
       0
       0
       0
       0
       0
       0
       0
       0
       0
       0
       0
       0
$ROI:
0
$PRESETS:
None
0
0
$ENER_FIT:
0.000000 0.000000
$MCA_CAL:
3
0.000000E+000 0.000000E+000 0.000000E+000 
$SHAPE_CAL:
3
0.000000E+000 0.000000E+000 0.000000E+000
