$SPEC_ID:
No sample description was entered.
$SPEC_REM:
DET# 1
DETDESC# SCE-SOPA-00035 MCB 133
AP# Maestro Version 7.01
$DATE_MEA:
11/04/2019 11:13:14
$MEAS_TIM:
3678 3679
$DATA:
0 4095
       0
       0
       0
       0
       0
       0
       0
       0
       0
       0
       0
       0
       0
       0
       0
       0
       0
       0
       0
       0
       0
       0
       1
       0
       0
       1
       0
       6
       3
      23
     189
     228
     226
     225
     215
     227
     229
     232
     206
     216
     200
     240
     243
     197
     196
     203
     222
     223
     211
     205
     186
     211
     230
     195
     230
     187
     222
     197
     222
     182
     198
     224
     206
     228
     218
     246
     185
     177
     202
     183
     199
     197
     214
     206
     245
     212
     213
     252
     220
     215
     213
     215
     230
     232
     234
     214
     222
     229
     208
     215
     227
     258
     288
     260
     260
     229
     256
     216
     233
     246
     247
     230
     226
     201
     226
     187
     238
     234
     209
     237
     260
     231
     268
     261
     222
     268
     237
     260
     237
     258
     250
     260
     239
     261
     244
     277
     263
     270
     242
     288
     277
     288
     283
     260
     247
     274
     270
     263
     282
     284
     275
     300
     269
     294
     286
     265
     276
     277
     263
     267
     261
     247
     267
     297
     252
     284
     261
     262
     264
     239
     278
     275
     253
     276
     247
     244
     302
     292
     234
     254
     247
     273
     212
     253
     257
     257
     265
     240
     257
     236
     257
     252
     285
     259
     255
     280
     276
     261
     254
     255
     241
     230
     253
     242
     261
     278
     276
     250
     258
     211
     249
     276
     236
     251
     252
     241
     265
     248
     254
     255
     298
     261
     292
     262
     279
     297
     335
     300
     299
     314
     280
     271
     293
     252
     336
     307
     297
     287
     248
     286
     269
     271
     258
     281
     284
     279
     253
     270
     231
     270
     248
     268
     243
     231
     245
     221
     229
     215
     205
     246
     227
     210
     218
     192
     243
     236
     223
     217
     205
     189
     211
     182
     228
     224
     186
     215
     219
     204
     215
     204
     213
     182
     221
     187
     182
     175
     180
     203
     171
     205
     182
     192
     193
     208
     198
     211
     199
     198
     202
     190
     163
     178
     176
     168
     167
     184
     175
     176
     185
     191
     178
     173
     173
     179
     197
     175
     182
     184
     184
     167
     167
     165
     190
     185
     159
     174
     162
     181
     171
     177
     155
     165
     172
     159
     158
     151
     172
     169
     169
     141
     150
     167
     161
     151
     164
     143
     145
     151
     138
     148
     159
     139
     159
     146
     157
     151
     165
     145
     150
     132
     134
     154
     155
     135
     139
     128
     161
     137
     154
     129
     170
     161
     150
     121
     153
     154
     141
     143
     148
     134
     148
     158
     140
     119
     131
     146
     152
     152
     148
     120
     152
     124
     133
     135
     123
     140
     137
     145
     136
     133
     130
     114
     116
     140
     143
     140
     134
     124
     145
     143
     133
     129
     129
     141
     125
     123
     139
     143
     144
     136
     108
     144
     159
     133
     139
     136
     117
     143
     134
     138
     145
     126
     123
     136
     147
     116
     134
     113
     135
     118
     134
     138
     112
     109
     120
     128
     119
     139
     115
     111
     117
     132
     116
     125
     114
     115
     114
     129
     119
     128
     125
     113
     110
     112
     121
     117
      95
     110
     115
     119
     127
     121
     117
     126
     132
     136
     122
     111
     116
     109
     124
      99
     134
     113
     113
     116
     129
     116
     109
     124
     121
     123
     133
     124
     119
      96
      98
     129
     110
     118
     126
     105
      98
     128
     106
     130
     130
     142
     124
     114
     120
     121
     111
     107
     116
     103
     118
     104
     100
     116
     118
     128
     163
     141
     138
     125
     105
     108
     137
     112
     118
     110
     141
     108
     106
     101
     107
     104
     111
     129
     110
     101
     106
      95
     103
     123
     131
     119
     101
     117
     111
     110
     105
     118
     104
     132
     108
     104
     111
     102
     105
     136
     120
     132
     105
     116
     111
     115
     123
     127
     106
     115
     130
     106
     113
     116
     125
     111
     105
     106
     112
     113
     121
      98
     112
     103
     102
     108
     112
     123
     117
     105
     103
     112
      97
     110
     100
      93
     116
     112
      98
     117
     109
     103
     116
     103
     104
     111
     122
      96
     106
     122
      97
     105
     109
     113
     106
     123
     103
     113
     108
     121
     121
      97
      91
     109
     116
     126
     134
     107
     124
     110
     100
     114
     106
      92
     120
     125
      91
     104
     101
     104
     102
     118
      97
     131
     106
     106
     108
     105
     118
     129
     127
     111
     116
     129
     106
     107
     124
     108
     101
      98
      88
      99
     104
      99
     111
     111
     105
      94
     126
     103
      95
     131
      99
     103
     109
     108
      90
     109
     112
     117
     112
     117
     108
     104
     105
     121
     116
     130
     106
     129
     119
     112
      92
     104
     115
     124
     116
     121
      96
     121
     136
      96
     122
     104
     105
     113
     104
     134
     111
     108
     106
     112
     111
     111
     105
     100
     103
      92
     115
     117
     103
     105
     112
     104
     104
     101
     104
     115
     107
     109
     114
     104
     117
     107
     105
     113
     102
     108
      98
     111
     133
     114
      88
     121
     123
     120
      92
     109
     114
     114
     121
     121
     105
     109
     113
      91
     128
     125
     114
     107
     116
     120
     104
     109
     102
     110
      88
     101
     132
     127
     110
     126
      99
     124
     122
     135
     115
     104
     117
     119
     106
     122
     116
     114
     110
     135
     138
     109
     117
     102
     131
     112
     108
     119
     133
     125
     115
     121
     106
     123
      95
     131
     105
     130
     111
     127
     117
     133
      88
     131
      93
     119
     117
     114
     134
     129
     127
     116
     112
     111
     124
     122
     119
     124
     115
     119
     129
     122
     140
     110
     124
     141
     154
     142
     139
     121
     119
     108
     126
     130
     124
     123
     151
     115
     133
     121
     132
     114
     146
     130
     122
     120
     137
     117
     125
     141
     123
     130
     119
     142
     137
     135
     118
     126
     128
     130
     127
     136
     134
     126
     114
     114
     114
     122
     139
     136
     149
     128
     104
     131
     123
     124
     122
     143
     151
     135
     146
     156
     150
     131
     145
     143
     132
     149
     134
     117
     147
     120
     157
     145
     158
     128
     130
     134
     142
     130
     137
     136
     140
     152
     133
     164
     160
     130
     114
     146
     147
     150
     171
     150
     161
     142
     176
     158
     152
     165
     148
     169
     168
     157
     161
     148
     182
     154
     153
     165
     174
     149
     162
     162
     146
     153
     161
     162
     152
     174
     154
     168
     168
     168
     164
     157
     170
     173
     170
     189
     162
     171
     175
     178
     177
     196
     190
     143
     161
     171
     169
     172
     199
     179
     171
     193
     181
     162
     160
     154
     154
     147
     158
     146
     137
     118
     118
     151
     129
     140
     129
     124
     146
     132
     133
     130
     135
     120
     132
     123
     128
     122
     122
     136
     138
     138
     148
     122
     128
     124
     128
     127
     111
     103
     141
     107
     112
     126
     136
     139
     115
     122
     128
     103
     127
     138
     114
     116
     121
     129
     110
     131
     136
     125
     116
     151
     110
     147
     115
     114
     119
     130
     128
     112
     113
     104
     115
     109
     109
     124
      97
     116
     134
     135
     131
     116
     130
     112
     129
     105
     115
     107
      88
     121
     112
     107
     105
     105
     101
     101
     110
     112
     109
     107
      96
     123
     114
     126
     103
     112
     105
     113
      91
     124
      97
     102
     113
     117
     116
     109
     101
     135
     106
     101
     116
     125
      93
     114
     131
     110
     110
     114
     116
     101
     112
     105
     120
     115
     112
     120
     124
     128
     120
     129
     134
     107
     119
     123
     115
     112
     106
     120
     136
     144
     118
     116
     132
     133
     105
     113
     120
      96
      97
     120
      98
     102
     103
      96
      93
      86
      66
      73
      75
      88
      85
      78
      76
      89
      75
      83
      76
      70
      76
      68
      78
      65
      71
      83
      56
      72
      84
      68
      54
      57
      63
      70
      66
      68
      69
      69
      76
      71
      84
      71
      58
      66
      65
      68
      77
      61
      77
      63
      75
      79
      89
     137
     346
     914
    2083
    2903
    2569
    1424
     494
     120
      46
      46
      45
      46
      54
      49
      45
      53
      36
      55
      45
      48
      37
      37
      39
      28
      34
      31
      44
      38
      40
      29
      39
      33
      34
      40
      35
      36
      27
      38
      45
      38
      27
      34
      26
      21
      38
      33
      38
      26
      29
      39
      33
      18
      28
      21
      21
      31
      20
      27
      28
      14
      22
      30
      27
      24
      27
      24
      25
      16
      12
      21
      16
      28
      21
      22
      20
      17
      20
      17
      17
      20
      16
      21
      17
      20
      16
      18
      23
      22
      11
      16
      21
      20
      20
      16
      19
      17
      20
      13
      19
      17
      18
      17
      22
      17
      16
      10
      14
      16
      15
      13
      23
      15
      20
      13
      18
      13
      22
      15
      15
      15
      17
      15
      16
      20
      16
      21
      17
      15
      25
      15
      12
      19
       9
      17
      17
      15
      16
      12
      12
      17
      16
      19
      15
      20
      17
      22
      19
      19
      14
      13
      22
      20
      16
      20
      11
      18
      26
      21
      58
     144
     399
    1073
    1956
    2521
    2025
    1068
     313
      82
      17
       4
       7
       7
      10
      13
       8
       8
       6
       7
       7
      15
      14
       3
       4
       6
      11
      10
       3
       6
       3
       6
       4
       9
       6
       6
      11
      10
       8
       6
       6
       6
       8
       4
       6
       4
       8
      10
       5
       6
       4
       8
      10
       8
      10
       7
       7
      10
       8
       6
       6
      12
       8
       7
       5
      11
      11
       3
       7
       8
       6
      12
       7
      10
       7
       7
       6
      11
       9
       7
       7
       6
       4
       3
       6
      12
       5
      10
       4
       3
       8
       6
       9
       6
      10
      11
       7
       3
       9
       8
      11
       4
       6
      11
       6
       9
       7
       9
       7
       7
       7
       6
       6
       7
       6
       7
       3
       9
       9
       6
       9
       6
       5
       8
       1
       4
       6
       3
       5
       6
       9
      10
      11
       8
      14
       7
       9
       4
       9
       4
       5
       7
       5
      11
       9
       4
       4
       5
       4
      13
       3
       2
       8
       3
       5
       3
       6
       3
       6
       9
       6
       6
       6
       3
       2
       8
       5
       5
      12
       6
       5
       3
       3
       7
       5
       5
       3
       1
       5
       7
       2
       6
       4
      12
       5
       6
       2
       4
       4
       7
       4
      10
       6
       8
       6
       5
       3
       4
       7
       7
       0
       2
       4
       4
       5
      13
       8
       5
       4
       6
       7
       3
       8
       6
       3
      10
       1
      14
       2
       4
       8
       4
      12
       8
       9
       3
       3
       6
       4
       3
       8
       2
      10
       8
       7
       6
       2
       8
      10
       5
       5
       3
       6
       3
       5
       6
       4
       6
       6
       4
       5
       3
       5
       3
       4
       6
       7
       8
       6
       2
       9
       4
       7
       5
       2
       6
       5
       7
       6
       5
       6
       3
       6
       9
       9
       6
       7
       8
       8
       7
       5
       6
       4
       3
       4
       6
       5
       6
       5
       2
       5
       5
       5
       4
       8
       6
       4
       4
       1
       3
       5
       4
       3
       3
       4
       6
       3
       3
       5
       3
       4
       4
       6
       7
       3
       6
       5
       5
       5
       1
       4
       4
       4
       5
       8
       4
       5
       2
       5
       5
       5
       5
       6
       6
       6
       2
       5
       2
       3
       6
       6
       7
       2
       3
       5
       2
       6
       3
       5
       4
       3
       7
       5
       4
       2
       5
       1
       5
       2
       2
       7
       4
       2
       4
       7
       1
       1
       2
       4
       4
       0
       5
       5
       5
       1
       2
       2
       2
       1
       4
       3
       7
       2
       6
       4
       7
       4
       9
       3
      14
       3
       7
       7
       4
       6
       3
       3
       2
       1
       6
       6
       7
       3
       4
       4
       6
       5
       4
       6
       4
       5
       3
       6
       2
       5
       2
       7
       5
       5
       7
       3
       5
       6
       1
       8
       4
       3
       6
       6
       6
       2
       5
       4
       3
       6
       3
       6
       4
       9
       3
       6
       4
       4
       0
       4
       1
       3
       3
       3
       3
       6
       6
       6
       2
       4
       1
       3
       4
       2
       4
       7
       0
       2
       1
       3
       7
       1
       0
       0
       1
       5
       2
       3
       4
       3
       3
       4
       2
       1
       3
       6
       6
       3
       2
       8
       3
       1
       6
       1
       4
       3
       1
       8
       7
       3
       2
       3
       5
       2
       3
       7
       1
      10
       3
       3
       4
       4
       3
       1
       4
       3
       4
       4
       5
       5
       3
       2
       3
       8
       4
       1
       4
       2
       4
       0
       1
       6
       4
       3
       3
       4
       2
       2
       4
       2
       4
       3
       2
       5
       4
       5
       2
       1
       4
       3
       3
       5
       3
       3
       3
       6
       2
       4
       4
       5
       3
       8
       5
       5
       2
       6
       2
       2
       3
       5
       3
       2
       5
       2
       4
       4
       2
       2
       2
       6
       2
       4
       4
       1
       4
       3
       3
       3
       3
       1
       5
       5
       2
       2
       6
       5
       5
       4
       4
       4
       7
       3
       1
       3
       3
       2
       2
       1
       0
       3
       6
       5
       3
       2
       2
       3
       1
       3
       5
       0
       4
       3
       3
       6
       3
       1
       4
       2
       2
       1
       3
       7
       3
       4
       3
       1
       1
       4
       2
       0
       2
       5
       3
       2
       2
       2
       4
       4
       3
       2
       0
       3
       2
       3
       2
       2
       4
       0
       3
       2
       3
       4
       1
       2
       2
       3
       0
       3
       1
       0
       2
       2
       3
       0
       1
       2
       3
       5
       4
       6
       3
       6
       3
       0
       3
       4
       1
       2
       5
       5
       2
       1
       2
       2
       3
       3
       2
       1
       0
       2
       4
       2
       1
       1
       5
       2
       2
       2
       2
       3
       7
       5
       1
       4
       0
       2
       2
       3
       1
       4
       3
       4
       5
       1
       6
       3
       3
       0
       3
       1
       3
       3
       7
       1
       4
       5
       4
       1
       2
       1
       2
       8
       3
       2
       2
       4
       2
       2
       3
       3
       4
       4
       2
       3
       3
       5
       3
       1
       0
       2
       1
       0
       0
       5
       1
       2
       0
       4
       1
       6
       4
       2
       3
       2
       4
       1
       1
       2
       2
       2
       4
       1
       2
       2
       3
       2
       6
       3
       4
       2
       3
       2
       5
       7
       0
       1
       2
       3
       6
       0
       0
       0
       1
       5
       2
       2
       3
       3
       3
       1
       5
       3
       1
       1
       3
       0
       1
       0
       3
       2
       5
       3
       0
       4
       4
       0
       0
       1
       1
       4
       2
       1
       0
       2
       5
       4
       2
       3
       1
       3
       1
       2
       1
       2
       3
       3
       2
       7
       2
       3
       4
       2
       1
       2
       3
       4
       3
       1
       2
       3
       5
       3
       4
       0
       6
       4
       0
       5
       0
       0
       0
       3
       0
       3
       1
       1
       4
       2
       2
       2
       2
       1
       2
       2
       3
       0
       3
       1
       2
       2
       1
       1
       2
       1
       2
       0
       0
       2
       2
       4
       2
       0
       2
       1
       0
       4
       0
       5
       0
       1
       3
       4
       1
       2
       4
       1
       2
       2
       3
       4
       3
       3
       2
       2
       3
       0
       7
       6
       3
       3
       2
       4
       1
       3
       4
       1
       3
       7
       3
       2
       2
       2
       3
       5
       2
       1
       4
       4
       2
       1
       7
       1
       4
       1
       1
       4
       3
       3
       1
       3
       5
       5
       1
       4
       3
       2
       1
       1
       1
       4
       3
       3
       2
       1
       1
       3
       1
       2
       2
       3
       1
       1
       3
       0
       2
       1
       1
       2
       6
       0
       0
       4
       1
       6
       4
       2
       1
       2
       3
       2
       3
       0
       0
       1
       1
       0
       1
       1
       1
       0
       2
       0
       1
       0
       0
       2
       0
       1
       4
       1
       1
       3
       1
       1
       2
       0
       1
       2
       0
       0
       2
       2
       0
       2
       1
       1
       1
       0
       1
       2
       0
       1
       1
       0
       2
       2
       1
       1
       1
       0
       0
       1
       1
       2
       3
       0
       2
       0
       0
       0
       2
       3
       1
       0
       0
       0
       0
       1
       0
       1
       0
       1
       1
       1
       1
       0
       0
       2
       0
       0
       0
       1
       2
       0
       1
       0
       0
       2
       1
       1
       1
       0
       2
       0
       0
       0
       0
       1
       0
       0
       2
       0
       0
       0
       1
       0
       0
       1
       0
       1
       1
       0
       1
       0
       1
       1
       1
       0
       0
       1
       0
       0
       0
       0
       0
       0
       1
       0
       0
       0
       1
       0
       1
       0
       2
       0
       0
       1
       0
       1
       1
       1
       2
       0
       0
       0
       0
       1
       1
       0
       0
       0
       0
       0
       0
       1
       1
       0
       0
       0
       0
       0
       1
       2
       3
       0
       0
       0
       0
       0
       0
       1
       1
       0
       1
       0
       0
       0
       2
       1
       4
       4
       1
       7
      11
      20
      25
      21
      13
       3
       3
       1
       0
       0
       0
       0
       0
       1
       1
       0
       0
       0
       0
       0
       1
       0
       0
       0
       0
       0
       0
       0
       0
       0
       0
       0
       0
       0
       0
       0
       0
       0
       0
       0
       0
       0
       0
       0
       1
       0
       0
       0
       0
       0
       0
       1
       1
       0
       0
       0
       0
       0
       0
       0
       0
       0
       0
       0
       0
       0
       0
       0
       0
       0
       0
       0
       0
       0
       1
       1
       0
       1
       0
       0
       0
       0
       0
       0
       0
       0
       0
       0
       0
       0
       0
       0
       0
       1
       0
       0
       0
       0
       0
       0
       0
       0
       0
       0
       1
       0
       0
       0
       1
       0
       5
       2
       2
       0
       1
       1
       0
       0
       0
       0
       0
       0
       0
       0
       0
       0
       1
       0
       1
       0
       0
       0
       0
       0
       0
       1
       0
       0
       0
       0
       0
       0
       0
       0
       0
       1
       0
       0
       0
       0
       0
       0
       0
       0
       0
       0
       0
       1
       0
       0
       0
       0
       0
       0
       0
       0
       1
       1
       1
       0
       0
       0
       0
       1
       0
       1
       3
       0
       0
       0
       1
       0
       1
       0
       0
       1
       0
       0
       0
       0
       0
       1
       0
       0
       0
       0
       0
       0
       0
       0
       0
       0
       0
       0
       0
       0
       1
       0
       1
       0
       0
       0
       0
       0
       0
       0
       0
       0
       0
       0
       0
       0
       0
       1
       0
       0
       0
       0
       0
       0
       0
       0
       0
       1
       1
       1
       0
       0
       0
       0
       0
       0
       1
       0
       0
       0
       0
       0
       0
       0
       2
       1
       1
       0
       0
       0
       1
       0
       0
       0
       0
       0
       0
       0
       0
       0
       0
       0
       0
       0
       0
       0
       0
       0
       0
       0
       0
       0
       0
       1
       0
       0
       1
       0
       1
       0
       0
       0
       0
       0
       0
       0
       0
       0
       0
       0
       0
       0
       0
       1
       1
       0
       0
       0
       0
       0
       1
       0
       0
       0
       0
       0
       1
       0
       0
       0
       0
       0
       0
       0
       0
       0
       0
       0
       1
       0
       0
       0
       0
       0
       0
       1
       0
       0
       0
       0
       0
       0
       0
       1
       1
       0
       0
       0
       0
       0
       0
       0
       0
       1
       0
       0
       0
       0
       0
       0
       0
       0
       0
       2
       0
       0
       0
       0
       0
       1
       1
       0
       0
       0
       0
       0
       0
       0
       1
       0
       0
       0
       0
       0
       0
       0
       0
       0
       0
       0
       0
       0
       0
       0
       2
       1
       2
       0
       0
       0
       0
       1
       0
       1
       0
       1
       0
       0
       0
       0
       0
       0
       0
       0
       0
       0
       0
       0
       0
       0
       0
       0
       0
       0
       1
       0
       0
       0
       0
       0
       0
       0
       0
       2
       0
       2
       0
       0
       0
       0
       0
       0
       0
       0
       1
       1
       0
       0
       0
       0
       0
       0
       0
       0
       0
       0
       0
       0
       0
       0
       1
       0
       0
       0
       0
       0
       0
       0
       0
       0
       0
       0
       0
       1
       0
       1
       0
       0
       1
       0
       0
       0
       0
       0
       0
       0
       0
       0
       0
       0
       0
       1
       0
       0
       0
       0
       0
       0
       0
       0
       0
       0
       1
       0
       0
       0
       0
       1
       0
       0
       0
       0
       0
       0
       0
       0
       0
       0
       0
       1
       1
       0
       0
       0
       0
       0
       0
       0
       0
       0
       1
       0
       0
       0
       0
       0
       0
       0
       0
       0
       0
       0
       0
       0
       0
       0
       0
       0
       0
       0
       0
       0
       2
       0
       0
       0
       0
       0
       1
       0
       0
       0
       0
       0
       0
       0
       0
       0
       0
       0
       0
       0
       0
       0
       0
       0
       0
       0
       0
       0
       0
       1
       1
       0
       0
       0
       0
       0
       0
       0
       0
       0
       1
       0
       0
       0
       0
       1
       0
       0
       0
       1
       0
       0
       0
       0
       0
       0
       0
       0
       0
       0
       2
       0
       0
       1
       0
       0
       0
       0
       1
       0
       0
       0
       0
       0
       0
       0
       1
       1
       0
       0
       1
       0
       0
       0
       0
       0
       0
       0
       0
       0
       0
       0
       1
       0
       0
       0
       0
       0
       0
       0
       0
       1
       0
       1
       0
       0
       0
       0
       0
       0
       0
       0
       1
       0
       0
       0
       0
       0
       0
       0
       0
       0
       0
       0
       0
       0
       0
       0
       0
       0
       0
       0
       0
       0
       0
       0
       0
       0
       0
       0
       0
       0
       0
       0
       0
       0
       0
       0
       0
       0
       0
       0
       0
       0
       0
       0
       0
       0
       0
       0
       0
       0
       1
       0
       0
       0
       0
       0
       0
       0
       0
       0
       0
       0
       0
       0
       0
       0
       0
       1
       0
       0
       0
       0
       0
       0
       0
       0
       0
       0
       0
       0
       0
       0
       0
       0
       1
       0
       0
       0
       0
       0
       0
       0
       0
       0
       0
       0
       0
       0
       0
       0
       1
       0
       0
       0
       0
       0
       1
       0
       0
       1
       0
       0
       0
       0
       0
       0
       0
       0
       0
       0
       0
       0
       0
       0
       0
       0
       0
       0
       0
       0
       0
       1
       0
       0
       0
       1
       0
       0
       0
       0
       0
       1
       0
       1
       0
       0
       0
       0
       0
       0
       0
       0
       0
       0
       0
       0
       0
       0
       0
       1
       0
       0
       0
       0
       1
       0
       0
       0
       0
       0
       0
       1
       0
       0
       1
       0
       0
       0
       1
       0
       0
       0
       1
       0
       0
       0
       1
       1
       1
       0
       0
       0
       0
       1
       0
       0
       0
       0
       0
       0
       0
       0
       1
       0
       0
       0
       0
       0
       0
       0
       0
       0
       0
       0
       0
       1
       1
       0
       0
       0
       0
       1
       0
       0
       0
       0
       0
       1
       0
       0
       0
       0
       0
       0
       0
       0
       0
       1
       0
       0
       0
       0
       0
       0
       0
       0
       0
       0
       0
       0
       0
       1
       0
       0
       0
       1
       0
       0
       0
       0
       0
       0
       0
       0
       1
       0
       0
       0
       0
       0
       0
       0
       1
       0
       0
       1
       0
       0
       0
       0
       0
       0
       0
       0
       0
       0
       0
       0
       0
       0
       0
       0
       0
       0
       0
       0
       0
       0
       1
       0
       0
       0
       0
       0
       0
       1
       0
       0
       1
       1
       0
       0
       0
       0
       0
       0
       0
       0
       0
       0
       2
       0
       0
       0
       0
       0
       0
       0
       0
       0
       0
       0
       0
       0
       0
       0
       0
       0
       0
       1
       0
       0
       0
       0
       0
       0
       0
       0
       0
       0
       0
       0
       1
       0
       0
       0
       0
       0
       1
       0
       0
       0
       0
       0
       0
       0
       0
       0
       0
       0
       0
       0
       0
       0
       1
       0
       0
       0
       0
       0
       0
       0
       0
       0
       0
       0
       0
       0
       0
       0
       0
       0
       0
       0
       0
       0
       0
       0
       0
       0
       1
       0
       0
       0
       0
       0
       0
       0
       0
       0
       0
       1
       0
       0
       0
       0
       0
       0
       0
       0
       0
       0
       0
       0
       0
       0
       0
       0
       0
       0
       1
       0
       0
       1
       0
       0
       0
       0
       0
       0
       0
       0
       0
       0
       0
       0
       0
       1
       0
       1
       0
       1
       1
       0
       0
       0
       0
       0
       0
       0
       0
       0
       1
       1
       0
       0
       0
       0
       1
       0
       1
       1
       0
       1
       0
       0
       0
       1
       0
       0
       0
       0
       0
       0
       0
       0
       0
       0
       0
       1
       0
       1
       0
       0
       0
       0
       0
       0
       0
       0
       1
       0
       0
       0
       0
       0
       0
       0
       0
       0
       0
       0
       0
       0
       0
       1
       0
       0
       0
       0
       0
       0
       0
       0
       0
       0
       0
       1
       0
       0
       1
       0
       0
       0
       0
       1
       0
       0
       0
       0
       0
       0
       0
       0
       0
       0
       0
       0
       0
       1
       0
       0
       1
       0
       0
       0
       0
       0
       0
       0
       0
       0
       0
       0
       0
       0
       0
       0
       0
       0
       0
       0
       0
       0
       0
       0
       0
       0
       0
       0
       0
       0
       0
       0
       0
       0
       0
       0
       0
       0
       0
       0
       0
       0
       0
       0
       0
       0
       0
       1
       0
       0
       0
       0
       0
       0
       0
       0
       0
       0
       0
       0
       0
       0
       0
       0
       0
       0
       0
       0
       0
       0
       0
       0
       0
       0
       0
       0
       0
       0
       0
       1
       0
       0
       0
       0
       0
       0
       1
       1
       0
       0
       0
       0
       0
       0
       0
       0
       0
       0
       0
       0
       0
       0
       0
       0
       0
       0
       0
       0
       0
       1
       0
       0
       0
       0
       0
       0
       0
       0
       0
       0
       0
       0
       1
       0
       0
       0
       0
       1
       0
       0
       1
       0
       0
       0
       0
       0
       0
       0
       0
       0
       0
       0
       0
       0
       0
       0
       0
       0
       0
       0
       0
       0
       0
       0
       0
       1
       0
       0
       0
       0
       0
       0
       0
       0
       0
       0
       0
       0
       0
       0
       0
       1
       0
       0
       0
       0
       0
       0
       0
       0
       0
       0
       0
       0
       0
       0
       0
       0
       0
       0
       1
       0
       0
       0
       1
       0
       0
       0
       0
       0
       0
       0
       0
       0
       0
       0
       0
       0
       0
       0
       0
       0
       0
       1
       0
       0
       0
       0
       0
       0
       0
       0
       0
       0
       0
       0
       0
       0
       0
       0
       0
       0
       0
       0
       0
       0
       0
       0
       0
       0
       0
       0
       0
       0
       0
       0
       0
       0
       0
       0
       0
       0
       0
       0
       0
       0
       0
       0
       0
       0
       0
       0
       0
       0
       0
       0
       0
       0
       0
       0
       0
       0
       0
       0
       0
       0
       0
       0
       0
       0
       0
       0
       0
       0
       0
       0
       0
       0
       0
       0
       0
       0
       0
       0
       0
       0
       0
       0
       0
       0
       0
       0
       0
       0
       0
       0
       0
       0
       0
       0
       0
       0
       0
       0
       0
       0
       0
       0
       0
       0
       0
       0
       0
       0
       0
       0
       0
       0
       0
       0
       0
       0
       0
       0
       0
       0
       0
       0
       0
       0
       0
       0
       0
       0
       0
       0
       0
       0
       0
       0
       0
       0
       0
       0
       0
       0
       0
       0
       0
       0
       0
       0
       0
       0
       0
       0
       0
       0
       0
       0
       0
       0
       0
$ROI:
0
$PRESETS:
None
0
0
$ENER_FIT:
0.000000 0.000000
$MCA_CAL:
3
0.000000E+000 0.000000E+000 0.000000E+000 
$SHAPE_CAL:
3
0.000000E+000 0.000000E+000 0.000000E+000
