$SPEC_ID:
No sample description was entered.
$SPEC_REM:
DET# 1
DETDESC# SCE-SOPA-00035 MCB 133
AP# Maestro Version 7.01
$DATE_MEA:
11/11/2019 14:44:32
$MEAS_TIM:
3528 3528
$DATA:
0 4095
       0
       0
       0
       0
       0
       0
       0
       0
       0
       0
       0
       0
       0
       0
       0
       0
       0
       0
       0
       0
       0
       0
       0
       0
       1
       0
       1
       7
       5
      10
      76
      67
      81
      81
      70
      71
      69
      70
      68
      69
      62
      72
      77
      83
      69
      98
      84
      80
      62
      79
      70
      84
      85
      82
      88
      68
      71
      72
      75
      75
      73
      65
      73
      92
      86
      86
      68
      57
      65
      85
      80
      60
      85
      71
      75
      83
      76
      78
      68
      68
      78
      59
      83
      88
      78
      89
      92
      85
      84
      74
      84
      71
      96
     108
      90
      79
      82
      87
      89
      73
     105
      86
      83
      90
      92
      81
      73
      85
      90
      81
      86
     100
      89
      89
      82
      82
     102
      91
     103
      96
      93
     124
     106
     102
     101
      96
     104
     101
      96
      99
      95
     132
     106
     101
      85
      99
      91
      80
     104
      97
     118
      88
      85
     115
     115
      93
     101
     117
      93
      87
     113
     113
      95
      88
      95
      84
      82
      91
     103
     106
     103
     108
      93
     104
     114
      89
     103
      99
      79
      88
      97
      94
      87
      94
      91
      94
      73
      94
      88
      84
     111
      88
      81
      94
      94
      93
     102
     106
      98
      98
      74
      90
      87
      92
      79
      97
      82
     108
      92
     101
      78
      75
     102
      76
      78
      74
      87
     107
      93
      99
      92
      89
     105
     100
     111
     116
      95
     112
     122
     125
     114
     118
     130
     103
     103
     100
     120
     109
      89
     106
     104
      90
      93
      85
     102
      82
      86
      80
      87
      82
      88
      87
      78
      86
      89
      82
      78
      70
      78
      75
      70
      69
      82
      82
      78
      74
      50
      64
      76
      62
      61
      68
      73
      66
      68
      60
      67
      63
      59
      63
      56
      64
      51
      62
      69
      63
      57
      55
      61
      55
      62
      49
      47
      69
      50
      63
      52
      61
      56
      57
      44
      51
      38
      59
      54
      55
      41
      50
      50
      69
      55
      55
      38
      53
      44
      55
      43
      54
      54
      49
      42
      58
      55
      40
      62
      57
      47
      42
      46
      34
      38
      44
      43
      46
      34
      46
      38
      50
      45
      38
      42
      57
      39
      43
      47
      45
      43
      56
      37
      32
      42
      41
      35
      53
      42
      27
      46
      41
      36
      34
      40
      36
      37
      44
      49
      39
      41
      43
      39
      33
      35
      29
      40
      44
      35
      35
      38
      33
      40
      31
      51
      46
      35
      43
      49
      37
      37
      35
      47
      36
      39
      38
      39
      35
      38
      33
      35
      31
      44
      38
      35
      37
      34
      44
      45
      41
      49
      32
      31
      36
      36
      35
      33
      39
      33
      28
      41
      26
      49
      29
      27
      36
      36
      33
      30
      30
      24
      45
      26
      41
      29
      31
      31
      37
      40
      43
      30
      29
      39
      34
      27
      39
      35
      39
      46
      39
      34
      35
      34
      38
      38
      25
      38
      27
      35
      37
      43
      33
      30
      30
      23
      36
      41
      35
      33
      26
      41
      39
      34
      39
      39
      32
      31
      32
      33
      30
      37
      25
      42
      42
      38
      34
      25
      39
      28
      32
      32
      29
      33
      27
      28
      29
      31
      29
      38
      26
      30
      30
      34
      28
      28
      41
      38
      38
      25
      24
      31
      36
      29
      28
      26
      26
      26
      19
      29
      29
      28
      35
      25
      32
      31
      41
      28
      48
      40
      38
      35
      29
      31
      38
      31
      23
      26
      27
      24
      28
      26
      31
      36
      25
      24
      26
      25
      33
      21
      29
      20
      36
      32
      30
      22
      31
      18
      27
      29
      20
      34
      20
      34
      29
      33
      37
      29
      25
      26
      31
      36
      30
      23
      26
      36
      21
      25
      25
      32
      24
      34
      38
      34
      22
      33
      29
      30
      24
      26
      36
      26
      22
      24
      33
      21
      32
      30
      26
      24
      24
      35
      29
      27
      38
      30
      24
      26
      35
      31
      23
      17
      28
      30
      30
      19
      29
      28
      35
      28
      19
      33
      28
      29
      29
      29
      35
      26
      21
      24
      33
      29
      33
      34
      41
      37
      32
      27
      32
      22
      20
      34
      29
      32
      25
      41
      27
      30
      27
      28
      22
      31
      24
      23
      33
      30
      26
      33
      23
      30
      23
      35
      22
      27
      19
      26
      32
      26
      18
      26
      35
      23
      24
      25
      25
      24
      26
      29
      24
      22
      31
      31
      28
      21
      28
      30
      19
      30
      31
      27
      31
      25
      21
      31
      32
      21
      31
      34
      24
      33
      26
      19
      30
      26
      26
      31
      31
      25
      36
      31
      31
      29
      23
      35
      22
      29
      32
      23
      23
      26
      25
      30
      24
      23
      43
      29
      26
      25
      23
      30
      16
      26
      32
      31
      26
      22
      24
      42
      29
      24
      19
      36
      18
      27
      26
      23
      29
      38
      31
      31
      39
      34
      28
      32
      23
      26
      32
      24
      16
      34
      25
      25
      33
      26
      42
      24
      32
      23
      27
      30
      24
      20
      28
      28
      33
      31
      24
      32
      34
      24
      25
      26
      29
      31
      39
      28
      32
      26
      38
      27
      39
      23
      22
      31
      27
      23
      30
      32
      33
      32
      25
      23
      31
      20
      24
      25
      31
      41
      35
      22
      26
      36
      40
      27
      25
      36
      30
      28
      35
      32
      28
      27
      25
      35
      34
      26
      27
      26
      32
      37
      35
      29
      27
      29
      33
      27
      29
      36
      35
      28
      31
      33
      40
      39
      22
      44
      38
      36
      31
      27
      33
      34
      23
      31
      33
      35
      25
      45
      30
      33
      23
      29
      31
      21
      28
      35
      27
      38
      29
      34
      44
      28
      43
      37
      34
      23
      28
      31
      44
      28
      30
      33
      43
      33
      26
      39
      37
      32
      37
      28
      38
      35
      37
      31
      35
      36
      37
      28
      33
      35
      36
      37
      34
      37
      34
      38
      24
      35
      49
      31
      37
      35
      46
      29
      32
      25
      29
      44
      28
      29
      34
      52
      32
      38
      43
      32
      35
      37
      46
      37
      46
      40
      31
      33
      38
      45
      47
      35
      43
      44
      37
      35
      39
      43
      45
      43
      40
      31
      39
      40
      41
      35
      38
      45
      45
      32
      36
      44
      42
      31
      29
      38
      55
      32
      42
      55
      34
      48
      44
      52
      47
      37
      35
      39
      38
      40
      44
      38
      49
      38
      44
      44
      29
      28
      33
      36
      44
      27
      28
      26
      32
      40
      23
      29
      27
      33
      39
      35
      26
      28
      24
      38
      36
      26
      34
      23
      25
      21
      28
      34
      31
      33
      36
      28
      29
      26
      31
      31
      24
      21
      22
      23
      28
      35
      38
      21
      31
      28
      37
      32
      32
      26
      21
      29
      44
      35
      31
      24
      41
      32
      29
      35
      32
      26
      36
      23
      29
      28
      38
      37
      29
      30
      24
      38
      35
      32
      27
      30
      20
      35
      30
      24
      34
      34
      27
      44
      40
      23
      26
      32
      26
      28
      29
      28
      25
      30
      42
      24
      27
      28
      27
      25
      33
      21
      22
      26
      28
      23
      31
      38
      20
      26
      22
      20
      27
      22
      29
      17
      35
      30
      32
      28
      32
      32
      18
      34
      29
      31
      30
      28
      27
      30
      31
      26
      25
      30
      27
      28
      22
      27
      36
      21
      25
      26
      17
      12
      32
      26
      38
      28
      23
      27
      25
      16
      34
      28
      17
      33
      25
      28
      18
      22
      20
      27
      16
      22
      29
      17
      16
      16
      26
      19
      14
      21
      20
      17
      25
      13
      17
      15
      13
      13
      15
      19
      18
      17
      14
      12
      14
      19
      11
      16
      24
      27
      17
      19
      18
      15
      13
      10
      16
      14
      22
      13
      18
      15
      15
      14
      17
      53
     122
     288
     568
     686
     495
     220
      65
      19
      13
      14
       9
       9
      16
       9
      10
      14
       9
       7
      10
      10
       3
       9
       9
      12
      11
       5
       4
      11
       7
      10
       8
       5
       9
       4
       6
      11
       6
       6
       5
       9
       9
      10
      12
       5
       3
       5
       6
       8
       6
       8
       4
       7
       6
       7
       7
       5
       4
       3
       2
       5
       5
       3
       4
       6
       4
       3
       3
       4
       9
       5
       3
       5
      10
       6
       9
       2
      12
       1
       4
       0
       4
       7
       5
       7
       3
       4
       2
       5
       2
       8
       4
       3
       3
       5
       5
       4
       4
       6
       6
       7
       7
       4
       3
       5
       5
       5
       2
       3
       5
       3
       2
       4
       4
       3
       2
       4
       7
       6
       6
       4
       3
       7
      11
       1
       2
       1
       2
       6
       5
       6
       1
       8
       3
       6
       2
       9
       5
       5
       5
       4
       7
       4
       5
       3
       3
       3
       3
       2
       1
       5
       2
       5
       2
       6
       1
       2
       4
       6
      16
      34
     124
     320
     503
     597
     392
     155
      62
      11
       2
       0
       2
       2
       2
       0
       2
       1
       0
       1
       2
       0
       0
       1
       2
       0
       3
       1
       1
       1
       3
       1
       1
       1
       0
       1
       0
       1
       0
       1
       3
       0
       1
       4
       2
       1
       0
       0
       0
       1
       0
       1
       1
       1
       2
       3
       1
       1
       4
       0
       1
       2
       2
       0
       0
       1
       2
       1
       0
       2
       2
       1
       2
       2
       4
       0
       0
       3
       2
       2
       0
       2
       0
       4
       1
       2
       0
       1
       3
       1
       3
       2
       1
       1
       1
       1
       3
       1
       1
       0
       0
       0
       3
       4
       2
       2
       1
       3
       2
       1
       1
       2
       0
       2
       2
       1
       0
       0
       1
       3
       4
       1
       1
       0
       0
       1
       0
       4
       0
       0
       1
       5
       6
       4
       3
       2
       7
       1
       1
       0
       3
       1
       0
       1
       2
       1
       1
       2
       1
       0
       0
       3
       1
       0
       0
       1
       2
       2
       1
       0
       1
       3
       1
       1
       0
       2
       2
       0
       1
       3
       2
       0
       1
       3
       1
       2
       2
       1
       2
       0
       0
       1
       2
       2
       1
       3
       0
       2
       0
       0
       3
       1
       1
       1
       0
       5
       0
       2
       4
       1
       0
       0
       0
       0
       2
       0
       0
       0
       1
       1
       2
       0
       1
       0
       2
       0
       2
       0
       0
       1
       1
       1
       1
       2
       0
       0
       0
       1
       0
       2
       0
       1
       2
       4
       2
       1
       2
       0
       2
       1
       0
       1
       1
       0
       3
       0
       1
       0
       0
       1
       0
       0
       1
       1
       1
       1
       0
       1
       0
       0
       0
       0
       1
       1
       0
       4
       0
       0
       0
       1
       0
       0
       1
       0
       0
       0
       0
       0
       0
       1
       0
       1
       2
       1
       0
       1
       0
       1
       0
       0
       1
       0
       2
       4
       1
       0
       3
       0
       1
       1
       1
       2
       0
       0
       0
       2
       3
       0
       1
       0
       0
       0
       1
       1
       0
       0
       1
       0
       1
       0
       0
       1
       0
       1
       2
       0
       0
       2
       0
       0
       2
       0
       0
       2
       1
       0
       0
       0
       1
       1
       0
       1
       0
       0
       0
       2
       0
       0
       0
       0
       1
       1
       1
       0
       0
       1
       1
       1
       0
       3
       0
       0
       0
       1
       0
       0
       0
       0
       0
       0
       1
       1
       0
       2
       2
       1
       1
       0
       1
       1
       1
       0
       3
       0
       0
       0
       0
       1
       0
       1
       0
       0
       1
       0
       1
       1
       0
       1
       2
       0
       1
       0
       1
       0
       1
       1
       0
       0
       0
       4
       0
       0
       1
       0
       0
       4
       1
       1
       0
       1
       0
       1
       0
       4
       1
       2
       0
       0
       1
       0
       0
       1
       3
       0
       0
       0
       1
       2
       0
       1
       0
       0
       1
       0
       0
       1
       0
       0
       1
       1
       3
       2
       0
       1
       0
       1
       0
       0
       1
       0
       0
       0
       1
       0
       1
       0
       3
       1
       0
       0
       2
       2
       1
       3
       0
       0
       0
       1
       0
       0
       0
       1
       0
       1
       2
       1
       1
       0
       2
       0
       0
       0
       1
       1
       0
       0
       2
       1
       0
       0
       0
       0
       0
       0
       0
       0
       1
       2
       2
       0
       1
       0
       0
       1
       0
       0
       2
       0
       0
       1
       0
       1
       0
       0
       0
       0
       0
       1
       1
       1
       1
       0
       0
       0
       2
       0
       0
       0
       0
       0
       2
       0
       0
       1
       1
       0
       1
       0
       0
       0
       0
       2
       0
       0
       0
       0
       0
       1
       0
       1
       0
       0
       0
       0
       1
       1
       0
       2
       1
       1
       0
       0
       0
       0
       1
       0
       2
       1
       1
       1
       0
       0
       0
       0
       0
       1
       0
       2
       0
       1
       1
       0
       1
       2
       0
       0
       0
       1
       0
       0
       1
       1
       3
       1
       0
       1
       0
       1
       0
       0
       1
       0
       0
       1
       0
       0
       0
       0
       2
       0
       1
       0
       0
       1
       0
       2
       2
       1
       0
       0
       4
       0
       1
       0
       1
       0
       0
       0
       0
       0
       0
       1
       0
       0
       0
       0
       0
       1
       1
       0
       0
       0
       1
       0
       0
       0
       1
       0
       1
       0
       3
       0
       0
       0
       1
       0
       0
       0
       0
       1
       1
       0
       0
       0
       1
       1
       0
       0
       3
       0
       1
       1
       0
       0
       1
       0
       0
       1
       1
       0
       2
       1
       0
       1
       1
       1
       0
       0
       0
       1
       2
       0
       1
       1
       0
       0
       1
       0
       0
       1
       0
       0
       0
       0
       1
       0
       0
       0
       0
       1
       0
       0
       0
       0
       0
       3
       1
       0
       1
       3
       1
       1
       0
       0
       0
       0
       0
       0
       3
       0
       1
       0
       0
       0
       1
       1
       0
       0
       0
       1
       0
       0
       1
       1
       0
       0
       1
       0
       1
       0
       1
       0
       1
       0
       0
       1
       0
       0
       0
       0
       0
       1
       0
       3
       0
       0
       2
       0
       0
       2
       2
       1
       1
       0
       1
       0
       0
       1
       0
       0
       0
       2
       0
       0
       0
       2
       0
       0
       0
       1
       0
       1
       0
       1
       1
       1
       0
       1
       0
       0
       0
       1
       0
       2
       0
       0
       0
       0
       1
       0
       0
       1
       0
       0
       0
       1
       0
       0
       0
       0
       0
       1
       0
       0
       0
       1
       0
       0
       0
       0
       0
       0
       1
       0
       1
       2
       0
       0
       0
       0
       0
       0
       1
       2
       0
       0
       1
       0
       0
       0
       0
       1
       1
       0
       0
       1
       0
       0
       0
       0
       0
       1
       0
       0
       0
       0
       1
       1
       0
       0
       2
       0
       2
       0
       0
       0
       0
       0
       0
       2
       1
       0
       0
       0
       1
       0
       1
       0
       0
       0
       0
       0
       1
       0
       0
       0
       0
       0
       0
       1
       0
       0
       0
       0
       0
       1
       0
       0
       0
       0
       0
       0
       0
       0
       0
       0
       0
       0
       0
       0
       2
       0
       1
       0
       0
       1
       0
       1
       1
       0
       0
       0
       1
       0
       0
       0
       0
       1
       0
       1
       1
       0
       1
       1
       1
       1
       1
       0
       0
       0
       0
       0
       1
       1
       0
       0
       0
       0
       0
       0
       1
       0
       0
       0
       1
       0
       0
       1
       0
       1
       0
       0
       0
       0
       1
       0
       0
       0
       1
       0
       1
       0
       1
       0
       0
       0
       0
       0
       1
       0
       0
       0
       0
       0
       1
       1
       0
       1
       1
       0
       0
       2
       1
       0
       0
       0
       0
       0
       0
       0
       0
       0
       0
       0
       0
       1
       1
       1
       0
       0
       0
       0
       0
       1
       1
       0
       0
       1
       0
       1
       0
       0
       0
       0
       0
       0
       2
       0
       0
       0
       1
       0
       1
       1
       0
       0
       0
       0
       0
       0
       0
       0
       1
       0
       0
       0
       0
       0
       1
       0
       0
       1
       1
       1
       1
       0
       0
       0
       0
       0
       2
       0
       0
       0
       0
       1
       0
       0
       0
       2
       1
       0
       0
       0
       0
       0
       1
       0
       0
       0
       0
       0
       1
       0
       1
       0
       1
       0
       0
       0
       0
       2
       0
       0
       0
       0
       0
       0
       0
       0
       2
       0
       1
       0
       3
       0
       0
       1
       0
       0
       0
       0
       0
       0
       1
       0
       0
       0
       0
       0
       1
       0
       0
       1
       0
       1
       0
       1
       0
       0
       1
       0
       0
       0
       1
       1
       0
       0
       0
       1
       2
       0
       0
       1
       0
       0
       1
       0
       0
       1
       2
       0
       0
       0
       1
       1
       0
       0
       0
       1
       0
       1
       0
       5
       2
       1
       0
       1
       0
       0
       0
       0
       0
       0
       0
       1
       0
       0
       1
       0
       0
       0
       0
       2
       0
       0
       0
       1
       0
       0
       0
       0
       0
       0
       0
       0
       0
       0
       0
       0
       0
       0
       0
       0
       0
       0
       0
       0
       0
       0
       0
       0
       0
       0
       1
       0
       0
       1
       1
       0
       0
       0
       0
       0
       0
       0
       0
       0
       0
       0
       0
       0
       0
       0
       1
       0
       0
       1
       0
       0
       0
       1
       0
       0
       0
       1
       0
       0
       0
       0
       0
       0
       0
       1
       0
       0
       0
       0
       0
       0
       0
       1
       0
       0
       0
       0
       0
       1
       0
       1
       1
       6
       2
       1
       0
       0
       0
       0
       0
       0
       0
       0
       0
       1
       0
       0
       0
       0
       1
       0
       0
       0
       0
       0
       0
       0
       0
       0
       0
       0
       0
       0
       0
       0
       0
       0
       1
       0
       0
       0
       0
       0
       0
       1
       0
       0
       0
       0
       0
       0
       1
       0
       0
       0
       0
       1
       0
       0
       0
       0
       0
       0
       1
       1
       1
       0
       0
       0
       0
       0
       0
       0
       0
       0
       0
       0
       0
       0
       0
       1
       0
       0
       0
       0
       0
       0
       1
       0
       0
       0
       0
       0
       0
       1
       0
       1
       1
       0
       0
       0
       0
       0
       1
       0
       0
       0
       0
       0
       1
       0
       0
       0
       0
       0
       0
       0
       0
       0
       0
       1
       0
       0
       0
       0
       0
       0
       0
       1
       0
       0
       0
       0
       0
       0
       0
       2
       0
       0
       0
       1
       0
       0
       0
       0
       0
       1
       0
       0
       0
       0
       0
       0
       0
       0
       0
       0
       0
       0
       0
       0
       0
       1
       0
       1
       0
       0
       0
       0
       0
       0
       1
       1
       0
       0
       0
       0
       0
       0
       0
       1
       0
       0
       0
       0
       0
       0
       0
       0
       1
       0
       0
       0
       0
       0
       0
       0
       0
       0
       0
       1
       0
       0
       0
       0
       0
       0
       0
       1
       0
       1
       0
       0
       0
       0
       0
       0
       0
       0
       0
       0
       1
       0
       0
       0
       0
       0
       0
       0
       0
       0
       1
       0
       0
       0
       0
       0
       1
       0
       0
       0
       0
       0
       0
       0
       0
       0
       0
       0
       0
       1
       0
       0
       1
       0
       0
       0
       0
       0
       0
       0
       0
       0
       0
       0
       0
       0
       0
       0
       0
       0
       0
       1
       0
       0
       0
       0
       0
       0
       0
       0
       0
       0
       0
       0
       0
       0
       0
       0
       0
       0
       0
       0
       0
       0
       0
       0
       0
       0
       0
       0
       0
       0
       0
       1
       0
       0
       0
       0
       1
       0
       0
       0
       0
       0
       1
       0
       0
       0
       0
       0
       0
       0
       0
       0
       0
       0
       0
       0
       0
       0
       0
       0
       0
       0
       0
       0
       0
       0
       1
       0
       0
       0
       0
       1
       0
       0
       0
       0
       0
       0
       0
       0
       0
       0
       0
       0
       0
       0
       1
       0
       0
       1
       0
       0
       0
       0
       0
       0
       0
       0
       0
       0
       0
       0
       1
       0
       0
       0
       0
       0
       0
       0
       1
       0
       0
       0
       1
       0
       0
       0
       0
       0
       0
       0
       0
       0
       0
       2
       0
       0
       1
       1
       0
       0
       0
       0
       0
       0
       1
       0
       0
       0
       0
       0
       0
       0
       1
       0
       0
       0
       0
       0
       1
       0
       0
       0
       0
       1
       0
       0
       0
       0
       0
       0
       0
       0
       0
       0
       0
       0
       0
       0
       2
       0
       0
       0
       0
       0
       0
       0
       0
       0
       0
       0
       0
       0
       1
       0
       1
       0
       0
       0
       1
       0
       0
       0
       0
       1
       0
       1
       0
       0
       0
       0
       0
       0
       0
       0
       0
       0
       0
       0
       0
       0
       0
       1
       1
       0
       0
       0
       1
       0
       1
       1
       0
       0
       1
       0
       0
       0
       0
       1
       0
       0
       0
       1
       0
       0
       0
       0
       0
       0
       0
       0
       0
       1
       0
       0
       0
       0
       1
       1
       0
       1
       0
       0
       1
       0
       0
       1
       0
       0
       0
       0
       2
       0
       1
       0
       1
       0
       0
       0
       0
       0
       0
       0
       0
       0
       0
       0
       0
       0
       0
       0
       0
       0
       0
       0
       0
       0
       0
       0
       0
       0
       0
       1
       0
       0
       0
       0
       0
       0
       0
       0
       0
       0
       0
       0
       0
       0
       1
       0
       0
       0
       0
       1
       0
       0
       1
       0
       0
       0
       0
       0
       1
       0
       0
       0
       0
       1
       0
       0
       0
       0
       0
       0
       1
       0
       0
       1
       0
       0
       1
       0
       0
       0
       0
       0
       1
       1
       0
       0
       0
       0
       0
       0
       0
       0
       1
       0
       0
       1
       1
       1
       0
       0
       0
       0
       0
       0
       0
       0
       0
       1
       0
       0
       0
       0
       0
       0
       1
       0
       0
       0
       0
       0
       0
       0
       0
       0
       0
       0
       0
       0
       0
       0
       0
       0
       0
       0
       0
       0
       0
       0
       0
       0
       0
       0
       0
       0
       1
       0
       0
       0
       0
       0
       0
       0
       0
       1
       0
       1
       0
       0
       0
       0
       0
       0
       0
       0
       0
       0
       0
       0
       0
       0
       0
       0
       1
       0
       0
       0
       0
       0
       0
       0
       0
       0
       0
       0
       0
       0
       0
       0
       0
       0
       0
       0
       0
       0
       0
       0
       0
       1
       1
       0
       0
       0
       0
       0
       0
       0
       0
       0
       0
       1
       0
       0
       0
       0
       1
       0
       0
       0
       0
       0
       0
       0
       0
       0
       0
       0
       0
       0
       0
       0
       0
       0
       0
       1
       0
       0
       0
       1
       0
       0
       0
       1
       0
       0
       0
       0
       0
       0
       0
       0
       1
       0
       0
       0
       0
       0
       0
       0
       1
       0
       0
       0
       0
       0
       0
       0
       0
       0
       0
       0
       0
       0
       0
       0
       1
       0
       0
       0
       0
       0
       0
       0
       0
       0
       0
       1
       0
       0
       0
       0
       0
       0
       0
       0
       2
       0
       0
       0
       0
       0
       0
       0
       0
       0
       0
       0
       1
       1
       0
       0
       0
       0
       0
       0
       0
       0
       0
       0
       1
       0
       1
       0
       0
       0
       0
       1
       0
       0
       0
       0
       0
       0
       0
       0
       0
       1
       0
       0
       0
       0
       0
       0
       0
       0
       0
       0
       0
       0
       0
       0
       0
       0
       1
       0
       0
       0
       0
       0
       0
       1
       0
       0
       0
       0
       0
       0
       0
       0
       0
       1
       0
       0
       0
       0
       0
       0
       0
       0
       0
       0
       0
       0
       0
       1
       0
       0
       0
       0
       0
       0
       0
       0
       0
       0
       0
       0
       2
       0
       0
       0
       0
       0
       0
       0
       0
       0
       0
       0
       0
       0
       0
       0
       0
       1
       0
       0
       0
       0
       0
       0
       0
       1
       0
       0
       0
       0
       1
       0
       0
       0
       0
       0
       0
       0
       0
       1
       0
       0
       0
       0
       0
       0
       0
       0
       0
       0
       0
       0
       0
       0
       0
       0
       0
       0
       0
       0
       0
       0
       0
       0
       1
       0
       0
       0
       0
       0
       0
       0
       0
       0
       0
       0
       0
       0
       0
       1
       0
       0
       0
       1
       0
       0
       0
       1
       0
       0
       0
       0
       0
       0
       0
       0
       0
       0
       0
       0
       0
       0
       1
       0
       0
       0
       0
       0
       0
       0
       0
       0
       0
       0
       0
       0
       0
       0
       0
       0
       0
       1
       0
       0
       0
       0
       0
       0
       0
       0
       0
       0
       0
       0
       0
       0
       0
       0
       0
       0
       0
       0
       0
       0
       0
       0
       0
       0
       0
       0
       1
       0
       0
       0
       0
       0
       0
       0
       0
       0
       1
       0
       0
       0
       0
       0
       0
       0
       0
       0
       0
       0
       0
       0
       0
       0
       0
       0
       0
       0
       0
       0
       0
       0
       0
       0
       0
       0
       0
       1
       0
       0
       0
       0
       0
       0
       0
       0
       0
       0
       0
       0
       0
       0
       0
       0
       0
       0
       0
       0
       0
       0
       0
       1
       0
       1
       0
       0
       0
       0
       0
       0
       0
       0
       0
       0
       0
       0
       0
       0
       0
       0
       0
       0
       0
       0
       0
       0
       0
       0
       0
       0
       0
       0
       0
       0
       0
       0
       0
       0
       0
       0
       0
       0
       0
       0
       0
       1
       0
       0
       0
       0
       0
       0
       0
       0
       0
       0
       0
       0
       1
       0
       0
       0
       0
       0
       0
       0
       0
       0
       0
       0
       0
       0
       0
       0
       1
       0
       0
       0
       0
       0
       0
       0
       1
       0
       0
       0
       0
       0
       0
       0
       0
       1
       0
       0
       0
       0
       0
       1
       0
       0
       0
       0
       0
       0
       0
       0
       0
       0
       0
       0
       1
       0
       2
       0
       0
       0
       0
       1
       0
       0
       0
       0
       0
       1
       0
       1
       0
       0
       1
       0
       0
       0
       0
       0
       0
       0
       0
       1
       0
       0
       0
       0
       0
       1
       0
       0
       0
       0
       0
       0
       0
       0
       0
       1
       0
       0
       0
       0
       0
       0
       0
       0
       0
       0
       0
       0
       1
       0
       0
       0
       0
       0
       1
       0
       0
       0
       0
       0
       0
       0
       0
       0
       0
       0
       0
       0
       0
       0
       0
       0
       0
       0
       0
       0
       0
       0
       0
       0
       0
       0
       0
       0
       0
       0
       0
       0
       0
       0
       0
       0
       0
       0
       0
       0
       0
       0
       0
       0
       0
       0
       0
       0
       0
       0
       0
       0
       0
       0
       0
       0
       0
       0
       0
       0
       0
       0
       0
       0
       0
       0
       0
       0
       0
       0
       0
       0
       0
       0
       0
       0
       0
       0
       0
       0
       0
       0
       0
       0
       0
       0
       0
       0
       0
       0
       0
       0
       0
       0
       0
       0
       0
       0
       0
       0
       0
       0
       0
       0
       0
       0
       0
       0
       0
       0
       0
       0
       0
       0
       0
       0
       0
       0
       0
       0
       0
       0
       0
       0
       0
       0
       0
       0
       0
       0
       0
       0
       0
       0
       0
       0
       0
       0
       0
       0
       0
       0
       0
       0
       0
       0
       0
       0
       0
       0
       0
       0
       0
       0
       0
$ROI:
0
$PRESETS:
None
0
0
$ENER_FIT:
0.000000 0.000000
$MCA_CAL:
3
0.000000E+000 0.000000E+000 0.000000E+000 
$SHAPE_CAL:
3
0.000000E+000 0.000000E+000 0.000000E+000
