$SPEC_ID:
No sample description was entered.
$SPEC_REM:
DET# 1
DETDESC# SCE-SOPA-00035 MCB 133
AP# Maestro Version 7.01
$DATE_MEA:
11/05/2019 11:41:11
$MEAS_TIM:
3674 3675
$DATA:
0 4095
       0
       0
       0
       0
       0
       0
       0
       0
       0
       0
       0
       0
       0
       0
       0
       0
       0
       0
       0
       0
       0
       0
       0
       0
       0
       1
       0
       3
       1
      11
      78
      73
      80
      76
      76
      73
      80
      86
      73
      76
      82
      83
      79
      67
      86
      78
      93
      79
      86
      67
      68
      82
      74
      81
      74
      75
      77
      80
      61
      78
      72
      72
      72
      84
      95
      94
      89
      68
      84
      81
      76
      69
      74
      77
      69
      78
      82
      61
      82
      77
      75
      76
      98
      81
      91
      91
      87
      70
      81
      91
      86
     108
     128
     114
     118
      90
      95
      96
      88
      84
      92
      99
      85
      81
      94
      87
      91
      82
      89
      77
      96
      96
      99
     109
      98
      97
     109
     113
      95
     103
      85
     102
     131
     107
      91
     100
     105
     104
     105
     114
     113
     132
     106
     122
     109
     109
     116
      96
     106
     105
     102
     109
     124
     112
     113
     111
     101
      93
     117
     110
      95
     112
      92
      99
      92
     112
      97
      98
      91
      80
     102
     106
      92
     130
      97
      95
      73
      93
     104
     100
      77
      85
      97
     107
      90
      90
     103
      99
      98
     103
      97
     101
     111
      91
     102
     104
     101
      88
      88
     112
      95
      75
      90
      92
     103
      96
     110
      88
      90
      92
      89
     104
      97
      86
     109
      78
     109
      89
      93
      84
      92
     103
     137
     125
     112
     127
     117
     123
     108
     118
     121
     114
     124
     112
     107
     111
     100
     135
     120
      82
      98
      87
      86
      89
      98
      87
     103
     100
      93
      93
      98
      85
      75
      86
      83
      91
      93
      74
      83
      77
      75
      77
      90
      64
      61
      80
      96
      78
      77
      66
      72
      70
      72
      71
      82
      75
      77
      69
      73
      66
      70
      68
      61
      70
      65
      69
      72
      63
      74
      76
      65
      52
      61
      59
      60
      56
      62
      82
      53
      43
      72
      67
      65
      56
      63
      57
      42
      57
      63
      52
      60
      41
      63
      69
      56
      50
      50
      72
      44
      49
      68
      54
      60
      67
      57
      46
      52
      52
      50
      49
      56
      48
      53
      60
      40
      47
      40
      45
      47
      47
      43
      42
      51
      53
      54
      48
      50
      43
      48
      51
      43
      45
      34
      59
      35
      49
      48
      44
      45
      41
      30
      59
      50
      48
      50
      38
      44
      38
      31
      29
      49
      31
      40
      50
      53
      41
      35
      39
      46
      41
      46
      42
      42
      40
      36
      45
      34
      26
      32
      41
      41
      32
      40
      31
      29
      35
      47
      34
      39
      53
      38
      30
      43
      40
      39
      31
      28
      39
      32
      39
      39
      41
      32
      33
      41
      39
      44
      43
      27
      41
      33
      37
      37
      31
      37
      43
      43
      46
      42
      35
      28
      30
      39
      36
      40
      43
      32
      41
      29
      30
      39
      40
      39
      33
      36
      34
      41
      33
      25
      39
      37
      40
      38
      28
      47
      35
      42
      33
      40
      38
      32
      31
      26
      37
      29
      35
      31
      34
      37
      35
      37
      42
      37
      34
      32
      31
      32
      37
      36
      33
      43
      28
      33
      35
      27
      26
      30
      36
      31
      28
      34
      36
      35
      25
      32
      39
      35
      26
      32
      24
      35
      29
      45
      37
      29
      32
      33
      35
      35
      44
      39
      49
      32
      31
      26
      26
      32
      35
      26
      33
      35
      46
      54
      45
      53
      32
      31
      34
      25
      30
      38
      32
      38
      28
      36
      33
      25
      27
      26
      14
      36
      29
      32
      28
      22
      34
      34
      27
      32
      21
      25
      30
      34
      31
      32
      30
      36
      23
      30
      35
      25
      32
      34
      29
      36
      31
      24
      29
      28
      31
      39
      36
      24
      28
      21
      34
      28
      33
      33
      37
      21
      39
      23
      36
      31
      27
      31
      33
      41
      33
      25
      32
      34
      23
      28
      26
      26
      37
      37
      37
      30
      29
      24
      35
      30
      38
      29
      27
      20
      35
      34
      30
      29
      35
      31
      36
      39
      37
      30
      21
      25
      23
      30
      40
      22
      26
      35
      25
      33
      33
      30
      28
      30
      32
      26
      26
      36
      32
      29
      28
      41
      30
      27
      28
      26
      32
      31
      23
      21
      30
      23
      29
      33
      30
      34
      25
      28
      30
      35
      25
      31
      26
      27
      48
      31
      28
      34
      29
      28
      27
      31
      36
      35
      49
      32
      34
      23
      22
      24
      30
      36
      34
      30
      35
      32
      35
      39
      29
      31
      36
      40
      29
      28
      27
      31
      32
      33
      32
      32
      33
      19
      27
      36
      37
      35
      27
      20
      22
      27
      36
      30
      38
      31
      35
      22
      28
      33
      30
      34
      35
      35
      34
      38
      32
      33
      26
      24
      29
      34
      39
      34
      31
      28
      35
      35
      39
      33
      26
      23
      29
      36
      26
      34
      24
      32
      31
      30
      35
      27
      24
      37
      32
      25
      31
      41
      26
      33
      38
      33
      22
      25
      22
      33
      23
      28
      34
      28
      27
      23
      38
      35
      27
      31
      33
      32
      31
      30
      26
      22
      34
      27
      30
      34
      24
      20
      28
      29
      36
      30
      28
      32
      28
      30
      20
      31
      37
      32
      30
      27
      26
      34
      26
      27
      30
      32
      33
      20
      33
      21
      39
      37
      26
      31
      28
      43
      39
      21
      35
      39
      26
      22
      30
      28
      28
      42
      28
      38
      27
      36
      38
      26
      37
      37
      33
      36
      41
      33
      38
      39
      32
      38
      26
      48
      33
      38
      26
      27
      32
      41
      40
      36
      28
      32
      32
      42
      41
      34
      31
      43
      28
      36
      47
      31
      40
      44
      28
      31
      35
      29
      39
      33
      40
      35
      37
      35
      39
      31
      40
      38
      28
      40
      36
      31
      42
      40
      32
      32
      29
      47
      37
      38
      38
      37
      37
      31
      30
      40
      33
      35
      36
      33
      47
      44
      44
      32
      24
      34
      34
      30
      29
      42
      37
      35
      37
      32
      24
      42
      38
      32
      43
      30
      40
      41
      35
      39
      43
      39
      42
      34
      41
      45
      32
      45
      34
      35
      49
      48
      39
      41
      40
      29
      46
      44
      46
      42
      45
      48
      36
      41
      42
      51
      49
      42
      41
      48
      48
      34
      53
      53
      44
      36
      49
      44
      48
      61
      30
      55
      42
      37
      43
      37
      47
      44
      43
      36
      39
      29
      35
      46
      37
      43
      27
      35
      36
      33
      31
      41
      36
      34
      26
      34
      40
      38
      33
      35
      36
      25
      41
      39
      31
      32
      32
      30
      45
      37
      32
      34
      32
      33
      31
      39
      35
      36
      32
      20
      30
      32
      28
      36
      30
      24
      38
      27
      31
      25
      29
      33
      33
      27
      37
      18
      36
      32
      22
      36
      33
      37
      32
      40
      31
      24
      28
      31
      36
      31
      23
      27
      15
      35
      28
      24
      33
      31
      29
      28
      18
      30
      31
      30
      32
      24
      23
      29
      33
      29
      30
      32
      34
      39
      23
      23
      29
      24
      34
      24
      25
      21
      32
      24
      27
      30
      27
      26
      40
      26
      29
      28
      23
      25
      34
      31
      32
      25
      30
      32
      27
      37
      25
      20
      22
      18
      25
      34
      27
      27
      29
      32
      39
      30
      28
      36
      30
      33
      29
      35
      32
      31
      19
      36
      28
      27
      29
      28
      37
      27
      37
      30
      27
      24
      21
      29
      21
      22
      27
      34
      24
      28
      20
      15
      12
      22
      19
      21
      21
      24
      16
      16
      26
      20
      20
      12
      15
      16
      20
      22
      19
      19
      14
      13
      14
       9
      17
      15
      20
      10
      11
      13
      19
      20
      23
      21
      11
      17
      23
      21
      17
      22
      13
      10
      13
      17
      19
      16
      39
      68
     220
     497
     755
     693
     398
     135
      44
      18
      10
       9
      12
      11
      16
      20
       7
      14
       6
      11
      12
       8
       8
       8
      17
      10
      15
      11
       9
      10
       9
      12
      16
       6
       8
       7
       6
       9
      10
       3
       6
       5
       4
       8
       3
       6
      13
       8
      10
      10
       5
      11
      14
       4
      10
       6
       4
       9
      10
       8
       6
       5
       6
       9
       7
       5
       9
      12
       4
       4
       2
       5
       5
       5
       8
       5
       1
       4
       7
       5
       4
       6
       5
       1
       4
       6
       5
       6
       7
       5
       6
       5
       5
       3
       4
       4
       5
       0
       5
       4
       2
      12
       5
       2
       5
       2
       2
       4
       7
       6
       4
       7
       9
       3
       4
       6
       4
       5
       8
       5
       2
       3
       3
       6
       6
       2
       4
       4
       3
       3
       4
       5
       3
       3
       6
       3
       2
       7
       2
       5
       5
       6
       3
       3
       0
       2
       1
       3
       6
       3
       2
       4
       3
       2
       5
       6
       3
       4
       4
      14
      34
      75
     219
     484
     674
     564
     260
      80
      20
       6
       1
       0
       5
       6
       2
       1
       1
       3
       2
       2
       3
       3
       3
       2
       1
       2
       1
       1
       1
       2
       0
       0
       6
       2
       1
       1
       0
       1
       2
       2
       1
       2
       6
       2
       0
       2
       1
       2
       1
       1
       1
       3
       0
       4
       0
       1
       3
       0
       0
       1
       3
       1
       0
       1
       1
       0
       2
       0
       1
       0
       0
       1
       1
       0
       2
       0
       3
       1
       3
       3
       0
       0
       2
       0
       1
       1
       1
       1
       1
       0
       1
       1
       1
       2
       1
       1
       0
       1
       0
       0
       0
       2
       1
       1
       1
       2
       2
       2
       0
       1
       0
       1
       1
       1
       2
       3
       2
       0
       0
       2
       0
       1
       3
       2
       3
       2
       2
       1
       0
       2
       1
       2
       4
       5
       1
       1
       0
       4
       0
       0
       2
       0
       2
       1
       1
       0
       2
       0
       3
       2
       0
       1
       1
       2
       1
       1
       0
       0
       0
       1
       0
       1
       3
       1
       0
       1
       0
       2
       1
       1
       0
       1
       1
       0
       3
       2
       0
       0
       1
       0
       0
       2
       0
       0
       1
       2
       1
       0
       0
       1
       0
       1
       0
       1
       0
       1
       0
       1
       0
       3
       0
       1
       0
       0
       2
       0
       2
       2
       0
       0
       0
       2
       1
       0
       0
       1
       0
       0
       0
       1
       0
       1
       1
       1
       1
       3
       0
       1
       0
       2
       3
       1
       0
       1
       0
       0
       1
       0
       2
       0
       0
       0
       1
       0
       2
       0
       2
       0
       1
       1
       0
       0
       1
       0
       1
       2
       0
       2
       1
       2
       1
       1
       0
       2
       2
       0
       0
       0
       2
       0
       1
       1
       1
       1
       0
       0
       0
       2
       0
       1
       1
       0
       3
       1
       2
       1
       2
       0
       1
       1
       0
       0
       2
       2
       1
       1
       3
       1
       0
       0
       2
       4
       0
       0
       2
       0
       2
       1
       1
       1
       2
       2
       0
       0
       1
       0
       0
       1
       1
       0
       0
       0
       0
       2
       2
       0
       2
       0
       0
       0
       1
       1
       0
       2
       1
       1
       0
       0
       1
       0
       2
       0
       1
       1
       0
       0
       2
       1
       1
       0
       1
       0
       1
       1
       0
       0
       0
       0
       0
       0
       2
       1
       0
       2
       0
       1
       0
       0
       0
       0
       0
       2
       0
       1
       1
       0
       0
       0
       1
       2
       1
       2
       1
       0
       0
       0
       0
       0
       0
       0
       1
       0
       2
       2
       1
       2
       2
       1
       1
       1
       0
       2
       1
       0
       0
       0
       0
       2
       0
       1
       1
       0
       0
       3
       2
       1
       0
       0
       0
       0
       0
       0
       1
       0
       0
       0
       0
       1
       1
       0
       1
       1
       2
       0
       1
       0
       1
       0
       0
       0
       1
       2
       0
       0
       1
       0
       0
       2
       0
       0
       0
       0
       0
       1
       0
       1
       1
       1
       0
       0
       0
       0
       0
       0
       0
       0
       0
       2
       0
       0
       0
       2
       1
       0
       1
       1
       1
       0
       0
       0
       1
       1
       0
       1
       0
       2
       0
       1
       0
       1
       0
       0
       0
       0
       0
       1
       1
       1
       1
       1
       1
       1
       0
       0
       1
       0
       2
       0
       0
       0
       0
       0
       1
       1
       1
       0
       0
       0
       1
       0
       0
       0
       0
       0
       0
       2
       0
       1
       0
       2
       0
       2
       0
       0
       0
       0
       0
       0
       2
       2
       0
       1
       0
       1
       1
       0
       0
       1
       1
       3
       0
       0
       1
       0
       1
       1
       0
       0
       1
       0
       0
       0
       0
       2
       0
       0
       1
       4
       1
       0
       0
       1
       0
       1
       1
       2
       0
       1
       2
       0
       0
       0
       0
       0
       0
       0
       1
       1
       0
       3
       1
       0
       0
       0
       0
       0
       0
       1
       0
       0
       2
       0
       1
       2
       0
       0
       1
       0
       0
       2
       3
       1
       1
       0
       0
       0
       1
       0
       0
       0
       0
       0
       1
       1
       0
       1
       2
       1
       0
       1
       0
       0
       0
       0
       0
       1
       0
       0
       0
       0
       0
       1
       0
       0
       2
       0
       0
       0
       0
       1
       1
       0
       1
       1
       1
       1
       0
       1
       0
       2
       0
       0
       2
       0
       1
       0
       1
       0
       0
       1
       0
       1
       1
       0
       1
       0
       0
       0
       0
       0
       1
       1
       2
       0
       0
       0
       0
       1
       0
       1
       1
       0
       0
       2
       0
       0
       1
       0
       0
       0
       1
       0
       0
       0
       0
       0
       0
       0
       1
       0
       0
       2
       0
       1
       1
       0
       2
       1
       1
       0
       1
       0
       0
       0
       0
       0
       0
       1
       0
       1
       1
       0
       0
       0
       0
       0
       0
       1
       0
       1
       1
       0
       1
       1
       0
       0
       0
       1
       1
       1
       1
       2
       1
       0
       0
       0
       1
       1
       0
       1
       0
       0
       0
       0
       0
       0
       1
       0
       0
       1
       0
       1
       1
       0
       2
       1
       0
       1
       0
       0
       0
       0
       0
       0
       0
       0
       0
       0
       1
       0
       1
       0
       0
       0
       0
       1
       0
       1
       1
       0
       0
       0
       1
       0
       1
       0
       0
       0
       0
       0
       0
       1
       0
       0
       1
       0
       1
       0
       0
       0
       2
       2
       1
       0
       1
       1
       0
       1
       1
       1
       0
       0
       1
       1
       0
       0
       1
       0
       0
       0
       0
       0
       0
       0
       2
       0
       0
       0
       0
       0
       2
       0
       1
       2
       1
       1
       0
       0
       1
       0
       0
       0
       0
       1
       0
       0
       0
       0
       0
       0
       1
       1
       0
       1
       1
       1
       0
       0
       1
       2
       1
       0
       2
       0
       0
       0
       1
       0
       0
       2
       2
       0
       1
       0
       1
       0
       0
       0
       1
       0
       0
       0
       0
       1
       1
       0
       0
       1
       0
       2
       0
       0
       0
       0
       0
       0
       0
       0
       0
       1
       2
       0
       1
       0
       0
       0
       0
       0
       0
       0
       0
       0
       1
       0
       0
       0
       0
       1
       0
       0
       1
       0
       0
       1
       2
       0
       1
       0
       2
       2
       0
       0
       0
       1
       1
       0
       1
       0
       0
       0
       0
       1
       1
       0
       0
       0
       2
       0
       0
       0
       0
       0
       0
       0
       1
       1
       0
       0
       2
       0
       0
       1
       0
       0
       0
       0
       0
       3
       1
       0
       0
       0
       0
       2
       0
       0
       0
       0
       1
       1
       1
       0
       0
       0
       0
       3
       0
       0
       0
       0
       0
       0
       0
       0
       0
       0
       1
       1
       1
       0
       0
       0
       0
       0
       0
       0
       1
       0
       0
       0
       1
       1
       0
       0
       0
       0
       0
       0
       1
       0
       1
       1
       0
       0
       0
       0
       0
       0
       1
       0
       0
       0
       1
       0
       0
       0
       1
       1
       0
       0
       0
       0
       0
       0
       0
       0
       0
       0
       1
       1
       0
       1
       1
       0
       0
       0
       0
       0
       0
       0
       0
       0
       0
       0
       0
       0
       0
       0
       0
       0
       0
       0
       0
       0
       0
       0
       0
       0
       0
       1
       0
       0
       0
       1
       0
       0
       0
       0
       0
       0
       0
       0
       2
       0
       0
       0
       0
       0
       0
       0
       0
       0
       1
       0
       1
       0
       0
       0
       0
       0
       0
       0
       0
       0
       0
       0
       1
       0
       0
       1
       0
       0
       0
       0
       0
       2
       1
       0
       0
       0
       0
       0
       0
       0
       0
       0
       1
       1
       1
       0
       0
       0
       0
       0
       1
       1
       1
       0
       0
       0
       0
       0
       1
       0
       2
       0
       0
       1
       0
       1
       1
       1
       0
       0
       0
       0
       1
       0
       0
       0
       0
       1
       0
       0
       0
       0
       0
       0
       0
       0
       0
       0
       0
       0
       1
       0
       0
       0
       0
       0
       0
       0
       1
       0
       0
       1
       0
       0
       0
       2
       0
       0
       0
       0
       0
       0
       0
       0
       1
       0
       0
       0
       0
       0
       0
       0
       0
       0
       0
       0
       1
       0
       1
       1
       0
       1
       0
       0
       1
       1
       0
       0
       0
       0
       0
       1
       0
       0
       0
       0
       1
       0
       0
       0
       0
       0
       0
       0
       0
       0
       0
       0
       0
       0
       0
       0
       1
       0
       0
       0
       0
       0
       1
       1
       1
       0
       0
       0
       0
       0
       2
       0
       1
       0
       1
       1
       0
       1
       0
       0
       0
       0
       0
       0
       0
       1
       0
       0
       0
       0
       0
       0
       0
       0
       1
       0
       0
       0
       0
       0
       0
       0
       0
       0
       0
       1
       0
       0
       0
       0
       0
       0
       0
       0
       0
       0
       0
       0
       0
       0
       0
       1
       0
       0
       0
       0
       0
       0
       0
       0
       0
       0
       0
       0
       1
       0
       0
       3
       0
       0
       0
       0
       0
       0
       0
       0
       0
       1
       0
       0
       0
       0
       0
       0
       0
       0
       0
       0
       0
       0
       0
       1
       0
       0
       0
       0
       0
       1
       1
       0
       0
       0
       0
       0
       0
       0
       0
       0
       0
       0
       0
       0
       0
       0
       1
       0
       0
       0
       0
       0
       2
       0
       0
       0
       0
       0
       0
       0
       0
       0
       0
       0
       0
       0
       0
       0
       0
       1
       0
       0
       0
       0
       0
       0
       0
       0
       0
       0
       0
       0
       0
       0
       0
       0
       0
       0
       0
       0
       0
       0
       0
       0
       0
       0
       0
       0
       0
       1
       0
       0
       0
       1
       1
       0
       0
       0
       0
       0
       0
       0
       0
       0
       0
       1
       0
       0
       0
       0
       0
       0
       0
       0
       0
       0
       0
       0
       0
       0
       0
       0
       0
       0
       0
       0
       0
       1
       0
       0
       0
       0
       0
       0
       0
       0
       0
       0
       0
       0
       0
       1
       0
       0
       1
       1
       0
       0
       0
       0
       0
       0
       0
       0
       0
       1
       1
       0
       1
       0
       0
       0
       0
       0
       0
       0
       1
       0
       0
       0
       0
       0
       0
       0
       0
       0
       0
       0
       0
       0
       0
       0
       1
       2
       1
       0
       0
       0
       0
       1
       1
       0
       0
       0
       0
       0
       0
       1
       0
       0
       0
       0
       0
       1
       0
       0
       0
       0
       0
       0
       0
       0
       0
       0
       1
       0
       0
       0
       0
       0
       0
       0
       0
       0
       0
       1
       0
       0
       1
       1
       0
       0
       0
       0
       0
       0
       0
       0
       0
       0
       0
       0
       0
       0
       0
       0
       0
       0
       0
       0
       0
       0
       0
       0
       0
       0
       2
       0
       0
       0
       0
       0
       0
       0
       0
       0
       1
       0
       0
       0
       0
       0
       0
       0
       0
       0
       1
       0
       0
       0
       0
       0
       0
       0
       0
       0
       0
       0
       0
       0
       0
       0
       0
       0
       0
       0
       0
       0
       1
       0
       0
       0
       0
       1
       0
       0
       1
       1
       0
       0
       0
       0
       0
       0
       1
       1
       0
       0
       0
       0
       0
       0
       0
       0
       0
       0
       0
       1
       0
       0
       0
       0
       0
       0
       0
       0
       0
       0
       0
       0
       0
       0
       0
       0
       0
       0
       0
       0
       0
       0
       0
       0
       0
       0
       0
       0
       0
       0
       0
       1
       0
       0
       0
       0
       0
       0
       0
       1
       0
       0
       0
       1
       0
       0
       0
       0
       1
       0
       0
       0
       0
       0
       0
       1
       0
       0
       1
       1
       0
       1
       0
       1
       0
       0
       0
       1
       0
       0
       0
       0
       0
       0
       0
       1
       0
       0
       0
       1
       0
       0
       1
       0
       0
       0
       0
       0
       1
       0
       0
       0
       0
       0
       0
       1
       0
       0
       0
       0
       0
       0
       0
       0
       0
       0
       0
       0
       0
       0
       0
       0
       0
       0
       0
       0
       0
       0
       0
       0
       0
       0
       0
       0
       1
       0
       0
       0
       1
       0
       0
       0
       0
       0
       1
       0
       0
       0
       0
       0
       0
       0
       0
       0
       0
       0
       0
       0
       0
       0
       0
       0
       0
       0
       0
       0
       1
       0
       0
       0
       0
       0
       1
       1
       1
       1
       2
       1
       1
       0
       0
       0
       0
       0
       0
       0
       0
       0
       0
       0
       0
       0
       0
       0
       0
       0
       0
       0
       0
       0
       0
       1
       0
       0
       0
       0
       0
       0
       0
       0
       1
       0
       0
       0
       0
       0
       0
       0
       0
       0
       0
       0
       0
       0
       0
       0
       0
       0
       0
       0
       0
       0
       0
       1
       0
       0
       0
       0
       0
       0
       0
       0
       0
       0
       0
       0
       1
       0
       0
       1
       0
       0
       0
       0
       0
       1
       0
       0
       0
       1
       0
       0
       1
       0
       0
       0
       0
       1
       1
       0
       0
       0
       0
       0
       0
       1
       0
       0
       1
       0
       0
       0
       0
       1
       0
       0
       1
       0
       0
       0
       0
       0
       1
       1
       0
       0
       0
       0
       0
       0
       0
       0
       0
       0
       0
       0
       0
       0
       0
       0
       0
       0
       0
       0
       0
       0
       0
       0
       0
       0
       0
       0
       0
       0
       0
       0
       0
       0
       0
       0
       0
       0
       0
       0
       0
       0
       0
       0
       0
       0
       0
       0
       0
       0
       0
       0
       0
       0
       0
       0
       0
       0
       0
       0
       0
       1
       0
       1
       0
       0
       1
       0
       0
       0
       0
       0
       1
       0
       0
       0
       0
       0
       1
       0
       0
       0
       0
       0
       0
       0
       0
       0
       0
       0
       0
       0
       0
       0
       0
       0
       0
       0
       1
       0
       0
       0
       0
       0
       0
       0
       0
       1
       0
       0
       0
       0
       0
       0
       0
       0
       0
       0
       0
       0
       0
       0
       0
       0
       0
       0
       0
       0
       0
       0
       0
       0
       0
       0
       0
       0
       0
       0
       0
       0
       1
       0
       0
       0
       1
       0
       0
       0
       0
       1
       0
       0
       0
       0
       2
       0
       0
       0
       0
       0
       0
       0
       0
       0
       0
       0
       0
       0
       0
       0
       0
       0
       1
       0
       0
       0
       0
       0
       0
       0
       0
       0
       0
       0
       1
       0
       0
       0
       0
       0
       0
       0
       0
       0
       0
       0
       0
       0
       0
       0
       0
       0
       0
       0
       0
       0
       0
       0
       0
       0
       1
       1
       0
       0
       1
       1
       0
       1
       0
       0
       0
       0
       0
       0
       0
       0
       0
       1
       0
       0
       0
       0
       0
       0
       0
       1
       0
       0
       0
       0
       0
       0
       0
       0
       0
       0
       0
       0
       0
       0
       0
       1
       0
       0
       0
       0
       0
       1
       0
       0
       0
       1
       0
       0
       0
       0
       0
       0
       0
       0
       0
       0
       0
       0
       0
       0
       0
       0
       0
       0
       0
       0
       0
       0
       0
       0
       0
       0
       0
       0
       0
       0
       1
       0
       0
       0
       0
       1
       0
       0
       0
       0
       0
       0
       0
       0
       0
       0
       0
       0
       0
       0
       0
       0
       0
       0
       0
       0
       0
       0
       0
       0
       0
       0
       0
       1
       0
       0
       0
       0
       0
       0
       0
       0
       0
       0
       0
       0
       0
       0
       0
       0
       0
       0
       0
       0
       0
       0
       0
       0
       0
       0
       0
       0
       0
       0
       0
       0
       0
       0
       0
       0
       0
       0
       0
       0
       0
       0
       0
       0
       0
       0
       0
       0
       0
       0
       1
       0
       0
       0
       0
       0
       0
       1
       0
       1
       0
       0
       0
       0
       0
       0
       0
       0
       0
       0
       0
       0
       0
       0
       0
       0
       0
       0
       1
       0
       0
       1
       0
       0
       0
       0
       0
       0
       0
       0
       0
       0
       0
       0
       0
       0
       1
       0
       0
       0
       0
       0
       0
       0
       0
       0
       0
       0
       0
       0
       0
       0
       0
       0
       0
       0
       0
       0
       0
       0
       1
       0
       0
       0
       0
       0
       0
       0
       0
       0
       0
       0
       0
       0
       0
       0
       0
       0
       0
       1
       0
       0
       0
       0
       0
       0
       0
       0
       0
       0
       0
       0
       1
       0
       0
       1
       0
       0
       0
       0
       0
       0
       0
       0
       0
       0
       0
       0
       0
       0
       1
       0
       0
       0
       1
       1
       0
       0
       0
       0
       0
       0
       0
       0
       0
       1
       0
       0
       0
       0
       0
       0
       0
       0
       0
       0
       0
       0
       0
       0
       0
       0
       0
       0
       0
       0
       1
       0
       0
       0
       0
       0
       0
       0
       1
       0
       0
       0
       0
       1
       0
       0
       1
       0
       0
       0
       0
       0
       0
       0
       0
       1
       0
       0
       0
       1
       0
       0
       0
       0
       0
       1
       0
       0
       0
       0
       0
       0
       0
       0
       0
       0
       0
       0
       0
       0
       0
       0
       0
       0
       0
       0
       0
       0
       0
       0
       0
       0
       0
       0
       0
       0
       0
       0
       0
       0
       0
       0
       0
       0
       1
       0
       0
       0
       0
       0
       0
       0
       0
       0
       0
       0
       0
       0
       0
       0
       0
       0
       0
       0
       0
       0
       0
       0
       0
       0
       0
       0
       0
       0
       0
       0
       0
       0
       0
       0
       0
       0
       0
       0
       0
       0
       0
       0
       0
       0
       0
       0
       0
       0
       0
       0
       0
       0
       0
       0
       0
       0
       0
       0
       0
       0
       0
       0
       0
       0
       0
       0
       0
       0
       0
       0
       0
       0
       0
       0
       0
       0
       0
       0
       0
       0
       0
       0
       0
       0
       0
       0
       0
       0
       0
       0
       0
       0
       0
       0
       0
       0
       0
       0
       0
       0
       0
       0
       0
       0
       0
       0
       0
       0
       0
       0
       0
       0
       0
       0
       0
       0
       0
       0
       0
       0
       0
       0
       0
       0
       0
       0
       0
       0
       0
       0
       0
       0
       0
       0
       0
       0
       0
       0
       0
       0
       0
       0
       0
       0
       0
       0
       0
       0
       0
       0
       0
       0
       0
       0
       0
       0
       0
       0
       0
       0
       0
       0
       0
       0
       0
       0
       0
       0
       0
       0
       0
       0
       0
       0
       0
$ROI:
0
$PRESETS:
None
0
0
$ENER_FIT:
0.000000 0.000000
$MCA_CAL:
3
0.000000E+000 0.000000E+000 0.000000E+000 
$SHAPE_CAL:
3
0.000000E+000 0.000000E+000 0.000000E+000
