$SPEC_ID:
No sample description was entered.
$SPEC_REM:
DET# 1
DETDESC# SCE-SOPA-00035 MCB 133
AP# Maestro Version 7.01
$DATE_MEA:
11/11/2019 12:44:35
$MEAS_TIM:
3558 3558
$DATA:
0 4095
       0
       0
       0
       0
       0
       0
       0
       0
       0
       0
       0
       0
       0
       0
       0
       0
       0
       0
       0
       0
       0
       0
       0
       0
       0
       0
       0
       3
       2
      14
      96
     100
     121
      86
     102
      97
      91
      88
     109
      97
      90
      96
      98
      97
      87
     101
     102
      88
     117
      76
      85
      87
      82
      93
      90
      99
     106
      89
      87
      92
      97
      85
     101
      93
     105
     104
      83
      86
      84
      91
     102
     101
      87
      94
      98
      87
     110
      87
      98
     101
      95
     100
     104
     111
      90
     108
      94
     102
     114
     114
     112
     115
     111
     120
     128
     128
     116
     134
     103
     111
     123
      96
     128
     103
     109
     118
     106
     117
     114
     122
     120
     118
     131
     122
     128
     113
     111
     111
     125
     141
     133
     126
     129
     105
     124
     121
     123
     131
     116
     133
     124
     129
     137
     125
     142
     118
     124
     135
     139
     130
     133
     127
     136
     145
     120
     132
     133
     107
      94
     131
     138
     127
     118
     113
     119
     120
     155
     149
     114
     126
     129
     123
     123
     106
     130
     112
     116
     142
     136
     131
      99
     119
     129
     112
     121
     109
     104
     123
     121
     116
     125
     117
     116
      93
     114
     105
     123
     133
     130
      93
      96
     127
     116
     133
     117
     109
     134
     101
     119
     120
     119
     132
     122
      96
     122
     120
     102
     121
     100
     125
     134
     142
     107
     146
     116
     143
     149
     134
     163
     143
     150
     163
     146
     152
     129
     141
     155
     115
     140
     138
     118
     127
     140
     131
     117
     112
     109
     133
     124
     128
     109
     133
     109
     121
     105
      96
     114
     107
     109
      90
      91
      85
     105
      75
      92
      88
      97
      89
      86
      94
      89
      94
      83
      98
      95
     101
      78
      71
      75
      77
      85
      97
      87
      76
      85
      60
      75
     101
      81
      93
      83
      76
      94
      78
      79
      89
      63
      75
      67
      72
      73
      68
      75
      76
      69
      74
      71
      54
      62
      67
      75
      57
      64
      62
      79
      70
      88
      57
      66
      74
      68
      69
      58
      63
      77
      68
      65
      53
      48
      63
      68
      66
      69
      67
      59
      83
      67
      62
      50
      65
      59
      73
      64
      65
      58
      73
      53
      57
      62
      70
      53
      49
      50
      60
      63
      61
      46
      54
      69
      64
      69
      56
      55
      60
      49
      55
      43
      70
      64
      62
      66
      73
      67
      40
      51
      77
      57
      66
      64
      59
      53
      55
      52
      47
      50
      48
      44
      60
      56
      46
      50
      48
      51
      61
      53
      57
      57
      48
      56
      49
      66
      46
      46
      57
      50
      57
      53
      59
      43
      56
      54
      42
      38
      67
      41
      46
      55
      45
      47
      39
      46
      51
      52
      42
      53
      49
      36
      43
      53
      71
      55
      43
      42
      46
      59
      51
      43
      47
      50
      44
      50
      57
      40
      48
      33
      57
      39
      46
      50
      45
      40
      44
      38
      42
      51
      46
      43
      50
      43
      34
      53
      41
      50
      41
      53
      54
      53
      42
      34
      44
      36
      34
      49
      48
      53
      52
      47
      42
      51
      33
      44
      47
      40
      45
      58
      61
      40
      46
      51
      38
      41
      44
      44
      42
      47
      55
      42
      33
      41
      42
      47
      54
      47
      52
      45
      33
      38
      34
      47
      46
      44
      43
      43
      36
      40
      51
      40
      55
      46
      51
      35
      53
      51
      54
      61
      48
      43
      53
      29
      43
      46
      45
      35
      46
      28
      47
      34
      33
      43
      50
      39
      54
      43
      42
      51
      49
      41
      40
      32
      34
      37
      42
      52
      48
      39
      42
      45
      44
      40
      42
      37
      46
      39
      38
      42
      37
      35
      47
      41
      45
      47
      29
      42
      33
      33
      37
      42
      35
      33
      38
      43
      41
      42
      40
      38
      43
      38
      42
      48
      30
      55
      39
      42
      47
      29
      43
      44
      38
      35
      54
      46
      44
      45
      51
      41
      44
      40
      35
      48
      47
      46
      37
      32
      42
      42
      45
      43
      44
      38
      49
      44
      43
      43
      44
      40
      35
      35
      49
      45
      48
      42
      32
      32
      47
      39
      50
      33
      37
      54
      32
      52
      37
      45
      26
      42
      44
      46
      30
      46
      29
      39
      38
      34
      34
      34
      38
      43
      34
      34
      44
      44
      40
      52
      36
      33
      28
      40
      39
      38
      41
      34
      35
      35
      43
      38
      54
      41
      38
      49
      36
      42
      37
      40
      45
      35
      40
      32
      34
      54
      34
      32
      43
      49
      37
      40
      41
      43
      41
      44
      39
      43
      40
      41
      31
      38
      42
      36
      42
      39
      32
      44
      47
      38
      34
      45
      35
      35
      42
      37
      42
      39
      46
      36
      38
      43
      42
      40
      45
      51
      31
      41
      36
      49
      40
      42
      37
      46
      44
      38
      41
      39
      42
      44
      48
      51
      40
      46
      49
      34
      36
      34
      46
      39
      46
      51
      44
      39
      46
      43
      52
      21
      50
      44
      37
      40
      38
      37
      31
      43
      42
      37
      44
      33
      42
      49
      40
      29
      39
      46
      37
      37
      43
      37
      37
      35
      46
      34
      53
      47
      56
      37
      40
      33
      51
      37
      48
      50
      46
      33
      47
      36
      44
      48
      29
      46
      53
      53
      46
      39
      45
      34
      47
      40
      46
      56
      48
      30
      39
      39
      46
      41
      30
      40
      41
      33
      47
      42
      57
      37
      39
      62
      40
      54
      62
      42
      46
      54
      42
      43
      47
      48
      48
      49
      44
      45
      45
      53
      34
      40
      44
      45
      43
      42
      48
      39
      44
      39
      49
      41
      45
      38
      46
      50
      38
      47
      52
      41
      49
      55
      36
      45
      48
      36
      37
      45
      54
      47
      49
      47
      54
      52
      45
      44
      52
      41
      70
      48
      57
      40
      46
      47
      57
      48
      49
      57
      49
      51
      45
      52
      46
      53
      56
      50
      45
      39
      66
      57
      56
      49
      49
      65
      56
      64
      59
      69
      47
      47
      54
      56
      46
      59
      45
      44
      58
      72
      50
      63
      62
      51
      57
      60
      60
      62
      46
      72
      75
      60
      55
      61
      36
      64
      61
      59
      54
      56
      67
      55
      49
      52
      50
      53
      63
      75
      63
      63
      61
      56
      57
      69
      63
      74
      85
      64
      62
      66
      61
      63
      51
      75
      64
      68
      57
      64
      62
      69
      62
      61
      38
      45
      51
      48
      52
      50
      45
      59
      47
      63
      41
      53
      40
      55
      41
      54
      58
      48
      51
      46
      48
      41
      57
      53
      56
      48
      57
      40
      50
      52
      48
      36
      41
      44
      50
      47
      52
      41
      39
      48
      49
      43
      41
      46
      39
      34
      35
      41
      59
      39
      49
      48
      42
      37
      43
      41
      31
      45
      41
      40
      43
      45
      49
      38
      26
      37
      41
      43
      36
      31
      45
      40
      49
      40
      35
      26
      40
      43
      45
      36
      43
      42
      51
      33
      41
      42
      44
      43
      45
      39
      43
      60
      39
      31
      33
      45
      41
      46
      43
      37
      42
      44
      43
      40
      39
      34
      35
      50
      48
      48
      46
      49
      44
      27
      43
      37
      36
      39
      43
      43
      50
      33
      31
      47
      38
      31
      36
      49
      46
      50
      32
      39
      43
      46
      33
      43
      43
      38
      67
      32
      35
      43
      42
      38
      39
      41
      39
      44
      39
      49
      36
      30
      29
      22
      34
      30
      44
      30
      33
      36
      24
      18
      27
      28
      24
      34
      19
      27
      23
      22
      19
      23
      24
      30
      23
      26
      32
      26
      36
      24
      28
      14
      22
      30
      23
      20
      19
      18
      30
      19
      21
      25
      26
      20
      21
      32
      21
      17
      21
      20
      20
      33
      25
      23
      25
      25
      33
      69
     163
     486
     912
    1076
     751
     350
      96
      34
      20
      27
      16
      20
      12
      18
      21
      18
      20
      13
      23
      15
      13
       6
      19
      13
      16
       5
      14
      16
      16
      15
       8
      18
      14
      11
      18
       9
      12
      11
      18
      12
      13
      12
       5
       9
       8
      10
      14
      15
      14
       7
       8
       8
       8
      11
       9
       8
      10
       3
       9
      11
       7
      11
       8
      15
      10
       2
       8
       6
      14
       5
       3
       4
       8
       7
      10
       4
       6
       7
       6
       2
       4
       5
       4
       3
       1
       8
       2
       8
      10
       7
       2
       7
       6
       2
       5
       3
       4
       9
       3
       6
       7
       6
       6
       6
       7
       6
       5
       8
       7
       9
       5
       5
       1
       6
       2
       9
       2
       6
       5
       7
       5
       8
       2
       7
       4
       8
       4
       2
       1
       7
       6
       5
       6
       6
       3
       5
       4
       6
       4
       3
       3
       4
       3
       6
       5
       5
       6
       8
       6
       8
       5
       2
      11
       5
       9
       9
       6
      13
      14
      63
     181
     486
     818
     841
     630
     272
      80
      12
       3
       2
       1
       1
       3
       2
       1
       1
       0
       4
       2
       0
       1
       1
       4
       1
       0
       2
       0
       3
       6
       0
       2
       1
       0
       3
       0
       1
       2
       1
       1
       0
       5
       2
       3
       1
       1
       3
       1
       1
       1
       0
       2
       3
       3
       1
       2
       0
       2
       2
       4
       0
       0
       2
       2
       2
       4
       2
       2
       3
       4
       3
       2
       1
       5
       1
       0
       0
       3
       0
       2
       5
       2
       2
       0
       3
       1
       5
       3
       0
       1
       0
       3
       1
       1
       1
       2
       2
       1
       1
       1
       0
       0
       0
       2
       3
       2
       1
       1
       1
       4
       2
       1
       2
       2
       1
       2
       0
       2
       2
       1
       3
       1
       0
       1
       1
       0
       1
       0
       3
       3
       6
       3
       4
       3
       4
       1
       1
       0
       2
       0
       0
       1
       2
       1
       1
       1
       0
       1
       0
       2
       2
       0
       5
       3
       1
       1
       0
       0
       1
       0
       2
       3
       1
       1
       4
       1
       2
       0
       0
       1
       0
       0
       1
       2
       1
       2
       1
       0
       0
       0
       1
       2
       0
       2
       3
       1
       3
       4
       0
       1
       1
       1
       0
       0
       0
       0
       3
       2
       0
       4
       1
       0
       1
       3
       2
       2
       1
       4
       3
       0
       0
       4
       3
       2
       1
       0
       1
       2
       0
       1
       3
       1
       2
       0
       2
       1
       3
       1
       2
       1
       1
       0
       2
       0
       1
       1
       3
       0
       0
       2
       0
       0
       0
       4
       1
       0
       3
       3
       1
       1
       1
       2
       0
       0
       2
       0
       2
       1
       3
       0
       0
       0
       1
       0
       2
       1
       1
       0
       1
       2
       2
       3
       2
       1
       0
       2
       0
       0
       1
       1
       2
       1
       0
       1
       0
       2
       0
       1
       1
       2
       1
       2
       0
       0
       1
       0
       0
       0
       2
       1
       1
       1
       0
       2
       0
       1
       1
       0
       1
       0
       1
       0
       0
       0
       0
       0
       0
       1
       2
       1
       0
       0
       1
       1
       0
       5
       1
       0
       3
       2
       0
       1
       2
       3
       2
       0
       0
       0
       0
       2
       0
       1
       3
       0
       1
       2
       0
       2
       0
       2
       2
       1
       0
       0
       1
       3
       0
       1
       0
       1
       3
       1
       2
       0
       1
       2
       0
       1
       1
       1
       0
       0
       0
       1
       0
       0
       1
       1
       0
       0
       0
       1
       1
       3
       0
       0
       1
       0
       0
       3
       3
       0
       1
       2
       0
       1
       0
       0
       1
       3
       0
       2
       1
       1
       0
       1
       4
       1
       0
       1
       0
       2
       0
       0
       1
       0
       1
       1
       0
       0
       1
       0
       0
       1
       3
       0
       0
       0
       3
       0
       0
       1
       2
       0
       0
       1
       2
       1
       3
       3
       0
       0
       0
       3
       3
       2
       1
       0
       2
       0
       0
       0
       1
       1
       1
       1
       3
       2
       0
       0
       0
       2
       1
       1
       1
       0
       1
       0
       1
       1
       1
       0
       1
       2
       2
       1
       0
       1
       0
       0
       1
       0
       0
       2
       0
       1
       2
       1
       2
       0
       2
       1
       0
       1
       0
       0
       1
       0
       0
       0
       2
       2
       0
       0
       0
       0
       0
       2
       0
       2
       1
       2
       0
       0
       0
       0
       2
       1
       1
       0
       1
       0
       2
       1
       1
       0
       0
       1
       3
       2
       2
       0
       0
       0
       1
       1
       2
       1
       0
       0
       0
       0
       0
       2
       0
       0
       0
       0
       1
       0
       0
       0
       1
       0
       2
       1
       0
       1
       2
       0
       0
       1
       0
       2
       0
       1
       0
       1
       2
       2
       2
       0
       1
       2
       0
       1
       1
       2
       1
       2
       1
       2
       2
       1
       0
       1
       0
       0
       1
       1
       2
       0
       0
       0
       0
       0
       1
       0
       3
       0
       1
       1
       1
       0
       5
       0
       1
       2
       0
       2
       0
       0
       1
       1
       0
       0
       0
       1
       1
       1
       1
       1
       0
       1
       0
       0
       0
       0
       2
       0
       0
       1
       1
       0
       0
       0
       2
       3
       3
       1
       1
       0
       2
       0
       1
       1
       0
       0
       2
       0
       2
       0
       0
       1
       0
       0
       1
       2
       0
       1
       0
       2
       0
       1
       0
       0
       2
       1
       1
       1
       1
       1
       0
       0
       1
       0
       0
       0
       1
       1
       2
       0
       0
       1
       1
       0
       2
       1
       0
       0
       1
       0
       0
       0
       2
       1
       1
       0
       1
       1
       0
       3
       1
       0
       1
       2
       1
       1
       0
       0
       0
       0
       1
       1
       1
       0
       0
       0
       1
       0
       0
       3
       0
       2
       1
       1
       0
       2
       2
       0
       0
       0
       0
       3
       1
       0
       0
       1
       0
       1
       1
       0
       0
       2
       0
       1
       0
       0
       1
       0
       0
       1
       1
       1
       1
       0
       1
       0
       0
       0
       0
       0
       1
       0
       0
       0
       1
       0
       0
       0
       0
       1
       0
       0
       0
       0
       0
       0
       0
       1
       0
       1
       0
       2
       0
       1
       0
       1
       0
       1
       0
       0
       0
       0
       1
       1
       1
       0
       0
       1
       1
       1
       0
       0
       0
       0
       0
       0
       0
       0
       0
       1
       0
       0
       1
       1
       0
       0
       0
       0
       1
       0
       2
       0
       1
       0
       0
       0
       1
       0
       0
       0
       1
       1
       0
       0
       0
       1
       0
       0
       1
       1
       0
       0
       0
       1
       0
       1
       2
       0
       0
       1
       0
       1
       0
       0
       0
       1
       2
       0
       1
       0
       2
       0
       0
       0
       0
       1
       0
       0
       1
       0
       0
       1
       0
       1
       1
       0
       0
       0
       0
       2
       1
       0
       1
       0
       0
       0
       0
       0
       0
       0
       0
       0
       0
       1
       0
       1
       0
       1
       0
       0
       2
       0
       0
       1
       1
       0
       2
       0
       0
       0
       0
       0
       0
       0
       0
       0
       0
       0
       1
       1
       0
       0
       2
       0
       0
       0
       1
       0
       1
       2
       1
       0
       0
       1
       0
       0
       0
       0
       0
       1
       0
       0
       0
       1
       2
       0
       3
       0
       2
       2
       0
       2
       0
       0
       0
       0
       0
       0
       0
       2
       0
       0
       1
       0
       0
       2
       2
       0
       0
       0
       3
       0
       0
       1
       0
       0
       0
       0
       0
       0
       1
       0
       0
       0
       1
       1
       0
       0
       1
       1
       1
       0
       0
       0
       1
       1
       0
       0
       0
       0
       2
       0
       1
       2
       0
       1
       0
       0
       0
       0
       0
       1
       1
       1
       2
       1
       0
       3
       0
       0
       0
       0
       1
       0
       0
       0
       2
       0
       2
       0
       0
       0
       1
       0
       0
       1
       1
       1
       0
       0
       0
       0
       0
       2
       0
       4
       1
       0
       1
       0
       1
       0
       0
       2
       0
       0
       0
       1
       1
       1
       0
       1
       0
       1
       1
       1
       0
       0
       0
       0
       0
       0
       0
       0
       0
       1
       1
       0
       1
       0
       0
       0
       0
       0
       0
       0
       0
       1
       1
       0
       0
       1
       2
       0
       0
       1
       0
       0
       0
       1
       1
       0
       1
       1
       0
       1
       0
       0
       0
       0
       0
       0
       0
       0
       0
       0
       1
       1
       0
       1
       0
       0
       0
       0
       0
       0
       1
       0
       0
       1
       1
       1
       0
       0
       0
       0
       0
       1
       0
       0
       0
       0
       0
       0
       0
       0
       0
       0
       0
       0
       0
       0
       0
       0
       0
       1
       0
       0
       1
       0
       0
       0
       0
       0
       0
       1
       0
       0
       0
       0
       0
       0
       0
       0
       0
       0
       2
       1
       4
       6
       2
       0
       2
       0
       0
       0
       0
       0
       0
       0
       0
       1
       0
       1
       1
       1
       0
       0
       0
       2
       0
       0
       0
       0
       0
       0
       0
       0
       2
       0
       0
       0
       0
       1
       0
       1
       0
       0
       0
       0
       2
       1
       0
       0
       0
       1
       0
       0
       0
       1
       0
       0
       1
       1
       0
       0
       1
       0
       0
       0
       0
       0
       0
       0
       0
       0
       0
       0
       0
       0
       1
       0
       0
       0
       0
       0
       0
       0
       0
       0
       0
       0
       0
       0
       0
       1
       2
       1
       0
       1
       0
       0
       0
       0
       0
       0
       0
       0
       0
       0
       0
       1
       0
       0
       0
       0
       1
       6
       1
       5
       0
       1
       1
       1
       0
       0
       1
       0
       0
       1
       0
       0
       1
       0
       1
       0
       0
       0
       0
       0
       0
       0
       0
       0
       0
       0
       0
       1
       0
       0
       0
       0
       0
       0
       0
       0
       0
       0
       0
       0
       0
       0
       0
       0
       0
       0
       0
       0
       0
       0
       0
       0
       0
       0
       0
       1
       0
       0
       0
       0
       0
       0
       0
       0
       0
       0
       0
       1
       0
       0
       0
       0
       0
       0
       0
       0
       0
       0
       0
       0
       0
       0
       0
       0
       0
       0
       0
       0
       0
       0
       0
       0
       0
       1
       0
       0
       1
       0
       0
       1
       0
       0
       0
       0
       0
       0
       0
       1
       0
       0
       0
       0
       0
       0
       0
       0
       0
       0
       0
       1
       0
       0
       0
       0
       0
       0
       0
       0
       0
       0
       0
       0
       0
       0
       0
       0
       0
       1
       0
       1
       0
       0
       0
       0
       0
       0
       0
       0
       0
       0
       0
       0
       1
       0
       1
       0
       0
       0
       0
       0
       0
       1
       0
       1
       1
       0
       0
       0
       0
       0
       0
       0
       1
       0
       0
       1
       0
       0
       1
       0
       0
       0
       0
       0
       0
       0
       0
       2
       0
       0
       0
       2
       0
       0
       0
       1
       0
       1
       0
       0
       0
       1
       0
       0
       0
       0
       0
       0
       0
       0
       0
       0
       0
       0
       0
       0
       0
       0
       0
       0
       1
       1
       1
       0
       0
       0
       0
       0
       0
       0
       0
       0
       0
       1
       0
       0
       0
       0
       0
       1
       0
       0
       0
       0
       0
       0
       0
       0
       0
       0
       0
       0
       0
       0
       0
       1
       0
       0
       0
       0
       0
       1
       0
       0
       0
       0
       0
       0
       0
       0
       0
       0
       0
       0
       0
       0
       0
       0
       0
       0
       0
       0
       1
       0
       0
       0
       0
       0
       0
       1
       0
       2
       0
       1
       1
       0
       0
       0
       0
       0
       0
       1
       0
       0
       0
       0
       1
       0
       1
       0
       0
       2
       0
       1
       1
       0
       0
       0
       0
       0
       0
       0
       0
       0
       0
       0
       0
       0
       0
       0
       0
       2
       0
       0
       0
       1
       0
       0
       0
       0
       1
       0
       0
       0
       0
       0
       0
       0
       0
       0
       0
       0
       0
       0
       0
       0
       0
       0
       1
       0
       0
       0
       0
       0
       0
       0
       0
       0
       0
       0
       0
       0
       0
       0
       0
       0
       0
       1
       0
       0
       0
       0
       0
       0
       0
       1
       0
       1
       0
       0
       0
       0
       0
       0
       0
       0
       0
       0
       0
       0
       0
       0
       0
       0
       0
       0
       1
       0
       0
       1
       0
       0
       0
       0
       0
       0
       0
       0
       0
       0
       0
       0
       0
       0
       0
       0
       0
       0
       0
       0
       0
       0
       0
       0
       0
       0
       0
       0
       0
       0
       0
       0
       0
       1
       0
       1
       0
       0
       0
       0
       0
       2
       0
       0
       0
       0
       0
       0
       0
       0
       0
       0
       0
       0
       0
       0
       0
       0
       0
       0
       0
       0
       0
       0
       0
       0
       0
       0
       0
       0
       0
       0
       0
       0
       0
       0
       0
       0
       0
       0
       1
       0
       0
       0
       0
       0
       1
       0
       0
       0
       0
       0
       0
       0
       0
       0
       0
       0
       0
       0
       0
       0
       0
       0
       0
       0
       0
       0
       0
       0
       0
       0
       0
       0
       0
       0
       0
       0
       0
       0
       0
       0
       0
       0
       0
       0
       0
       0
       0
       0
       0
       0
       0
       0
       0
       0
       0
       0
       0
       0
       0
       0
       0
       0
       0
       0
       0
       0
       0
       0
       0
       0
       0
       0
       0
       1
       0
       0
       0
       0
       1
       0
       0
       0
       0
       0
       0
       1
       0
       0
       0
       0
       0
       0
       0
       0
       1
       0
       0
       1
       0
       0
       2
       0
       0
       0
       0
       0
       0
       0
       0
       0
       0
       0
       0
       0
       1
       0
       0
       0
       0
       0
       0
       0
       0
       0
       0
       0
       0
       0
       0
       0
       0
       0
       0
       0
       1
       0
       0
       0
       0
       0
       0
       0
       0
       1
       0
       0
       0
       0
       0
       0
       0
       0
       0
       1
       0
       0
       0
       0
       0
       0
       0
       0
       0
       0
       0
       0
       0
       1
       0
       0
       0
       0
       0
       1
       0
       0
       0
       0
       0
       0
       0
       0
       1
       0
       0
       0
       0
       1
       0
       0
       0
       0
       0
       0
       0
       0
       0
       0
       0
       0
       0
       0
       0
       0
       0
       0
       0
       0
       0
       1
       0
       0
       0
       0
       0
       0
       0
       0
       0
       1
       0
       1
       0
       0
       0
       0
       0
       0
       0
       0
       0
       0
       0
       0
       0
       1
       0
       0
       1
       0
       0
       0
       1
       0
       0
       0
       0
       0
       0
       0
       0
       0
       0
       0
       0
       0
       0
       0
       1
       0
       0
       0
       0
       0
       0
       0
       1
       0
       0
       1
       0
       0
       0
       0
       0
       0
       0
       0
       0
       0
       0
       0
       0
       0
       0
       0
       0
       0
       0
       0
       0
       0
       0
       0
       0
       0
       0
       0
       0
       1
       0
       0
       0
       0
       0
       1
       0
       0
       0
       0
       0
       0
       0
       0
       0
       0
       1
       0
       0
       1
       0
       0
       0
       1
       0
       0
       0
       0
       0
       0
       0
       1
       0
       0
       0
       0
       0
       0
       0
       0
       0
       0
       0
       0
       0
       0
       0
       1
       0
       1
       1
       0
       0
       0
       0
       1
       0
       0
       0
       0
       0
       0
       0
       1
       0
       0
       0
       0
       0
       0
       0
       0
       0
       0
       0
       0
       2
       0
       0
       0
       0
       0
       0
       0
       1
       0
       1
       0
       0
       0
       0
       0
       0
       0
       0
       0
       0
       0
       0
       0
       1
       0
       0
       0
       0
       0
       0
       0
       0
       0
       0
       1
       0
       0
       0
       0
       0
       0
       0
       0
       0
       0
       0
       0
       0
       1
       0
       0
       0
       1
       0
       0
       0
       0
       0
       0
       0
       0
       0
       0
       0
       0
       0
       0
       0
       0
       0
       0
       0
       0
       0
       0
       0
       0
       0
       0
       0
       0
       0
       0
       0
       0
       0
       0
       0
       0
       0
       0
       0
       0
       1
       0
       2
       0
       0
       0
       0
       0
       0
       1
       0
       1
       0
       0
       0
       0
       0
       0
       0
       0
       0
       0
       0
       0
       0
       0
       0
       0
       0
       0
       0
       0
       0
       0
       0
       0
       1
       1
       0
       0
       0
       0
       0
       0
       0
       0
       0
       0
       1
       0
       0
       0
       0
       0
       1
       0
       0
       0
       0
       0
       0
       0
       1
       0
       0
       0
       0
       0
       0
       0
       0
       0
       0
       0
       0
       0
       0
       0
       0
       0
       0
       0
       0
       0
       0
       0
       0
       0
       0
       0
       0
       0
       0
       1
       0
       0
       0
       0
       1
       0
       0
       0
       0
       0
       0
       1
       0
       0
       0
       0
       0
       0
       0
       0
       0
       0
       0
       0
       0
       0
       0
       0
       0
       0
       0
       0
       0
       0
       0
       0
       0
       0
       0
       0
       0
       0
       0
       0
       0
       0
       0
       0
       0
       0
       1
       1
       0
       0
       0
       0
       0
       0
       0
       0
       0
       0
       1
       0
       0
       0
       0
       0
       0
       0
       0
       0
       0
       0
       0
       0
       0
       0
       0
       1
       0
       0
       0
       0
       0
       0
       0
       0
       0
       0
       0
       0
       0
       0
       0
       0
       0
       0
       0
       0
       0
       0
       0
       0
       0
       0
       0
       0
       0
       0
       0
       0
       0
       0
       0
       0
       0
       0
       1
       0
       0
       0
       0
       0
       0
       0
       0
       1
       0
       0
       0
       0
       0
       0
       1
       0
       0
       0
       0
       0
       0
       0
       0
       0
       0
       0
       0
       1
       0
       0
       0
       0
       0
       0
       0
       0
       0
       0
       0
       0
       0
       0
       0
       0
       0
       0
       0
       0
       0
       0
       0
       0
       0
       0
       0
       0
       0
       0
       0
       0
       1
       0
       0
       0
       0
       0
       0
       0
       0
       1
       1
       0
       0
       0
       0
       0
       0
       0
       0
       0
       0
       0
       0
       0
       0
       0
       0
       1
       0
       0
       0
       0
       0
       0
       0
       0
       0
       0
       0
       0
       1
       0
       0
       1
       0
       0
       0
       0
       0
       0
       0
       1
       0
       0
       0
       0
       0
       0
       0
       0
       0
       0
       0
       0
       0
       0
       0
       0
       0
       0
       0
       0
       1
       0
       0
       0
       0
       1
       0
       0
       0
       0
       0
       0
       0
       0
       0
       0
       0
       0
       0
       0
       0
       0
       0
       0
       0
       0
       0
       0
       0
       0
       0
       0
       0
       0
       0
       0
       0
       0
       0
       0
       0
       0
       0
       0
       0
       0
       0
       0
       0
       0
       0
       0
       0
       0
       0
       0
       0
       0
       0
       0
       0
       0
       0
       0
       0
       0
       0
       0
       0
       0
       0
       0
       0
       0
       0
       0
       0
       0
       0
       0
       0
       0
       0
       0
       0
       0
       0
       0
       0
       0
       0
       0
       0
       0
       0
       0
       0
       0
       0
       0
       0
       0
       0
       0
       0
       0
       0
       0
       0
       0
       0
       0
       0
       0
       0
       0
       0
       0
       0
       0
       0
       0
       0
       0
       0
       0
       0
       0
       0
       0
       0
       0
       0
       0
       0
       0
       0
       0
       0
       0
       0
       0
       0
       0
       0
       0
       0
       0
       0
       0
       0
       0
       0
       0
       0
       0
       0
       0
       0
       0
       0
       0
$ROI:
0
$PRESETS:
None
0
0
$ENER_FIT:
0.000000 0.000000
$MCA_CAL:
3
0.000000E+000 0.000000E+000 0.000000E+000 
$SHAPE_CAL:
3
0.000000E+000 0.000000E+000 0.000000E+000
