$SPEC_ID:
No sample description was entered.
$SPEC_REM:
DET# 1
DETDESC# SCE-SOPA-00035 MCB 133
AP# Maestro Version 7.01
$DATE_MEA:
11/08/2019 12:59:10
$MEAS_TIM:
3491 3492
$DATA:
0 4095
       0
       0
       0
       0
       0
       0
       0
       0
       0
       0
       0
       0
       0
       0
       0
       0
       0
       0
       0
       0
       0
       0
       0
       0
       0
       0
       1
       7
       3
      13
      91
      81
      94
      67
      79
      72
      83
      75
      88
     104
      69
      78
      79
      68
      92
      78
      73
      93
      90
      92
      77
      84
      80
      93
      74
      85
      79
      85
      79
      83
      89
      94
      77
     116
     115
      86
      97
      91
     105
      85
      76
      93
      71
      82
      88
      85
     103
      83
      84
      92
      85
     105
     100
      98
     115
      74
      99
     121
     100
     100
      67
      97
     108
     125
     127
     110
     108
      94
      97
      92
      96
      93
      95
     102
     104
     100
     103
      98
     112
     114
     106
     113
     110
     117
      95
     112
      97
     112
     106
     104
     112
      94
     126
     111
     121
      98
     130
     100
     103
     125
     129
     132
     109
     121
     118
      99
     117
     125
     110
     114
     112
     117
     116
     111
     128
     123
     128
     114
     126
      98
     107
     129
      97
      90
     113
     140
     108
     115
     103
     114
     109
      99
     107
     101
     110
     113
     119
      92
     107
     105
     118
     103
     105
     107
      96
      88
     104
     109
     116
     102
     121
      97
      88
     110
     113
      99
     123
     113
     113
      99
     116
     118
     127
     108
      91
      90
     121
     105
      92
     108
     100
     116
     100
     104
      91
     108
      88
     117
     119
      95
     113
     120
     138
     111
     118
     137
     106
     118
     135
     113
     128
     139
     131
     118
     133
     123
     115
     117
     122
     121
     100
     111
     102
     103
     121
     101
     105
     112
     104
     115
      87
      91
      90
     109
     103
      95
      96
     114
      80
      87
      82
      78
     110
      87
      96
      81
      93
      85
      88
      94
      83
      80
      74
      95
      84
      80
      75
      70
      70
      93
      81
      65
      71
      83
      81
      76
      71
      77
      73
      72
      74
      78
      86
      53
      71
      58
      60
      58
      70
      70
      62
      67
      63
      56
      61
      50
      61
      72
      61
      64
      61
      54
      59
      68
      70
      60
      52
      50
      56
      60
      61
      55
      65
      57
      46
      57
      41
      54
      50
      56
      52
      62
      73
      58
      44
      52
      62
      68
      49
      63
      59
      53
      48
      53
      49
      53
      64
      64
      47
      42
      41
      62
      50
      47
      50
      65
      55
      55
      50
      51
      42
      46
      52
      60
      61
      42
      34
      56
      59
      40
      49
      44
      51
      56
      46
      49
      47
      54
      43
      44
      41
      60
      43
      47
      42
      41
      37
      61
      46
      56
      50
      44
      60
      48
      29
      35
      50
      42
      37
      39
      37
      58
      35
      40
      33
      40
      44
      54
      40
      59
      47
      37
      50
      46
      42
      44
      43
      49
      51
      39
      42
      32
      46
      46
      37
      38
      31
      36
      41
      37
      43
      40
      39
      39
      43
      41
      40
      35
      33
      35
      39
      33
      37
      40
      41
      41
      52
      42
      49
      52
      49
      50
      38
      45
      31
      34
      35
      44
      34
      48
      47
      39
      39
      41
      40
      42
      33
      38
      42
      36
      38
      39
      38
      39
      37
      39
      40
      35
      51
      36
      42
      53
      47
      41
      37
      39
      39
      45
      31
      28
      53
      24
      39
      55
      39
      24
      38
      38
      40
      45
      42
      26
      44
      36
      41
      38
      33
      45
      38
      33
      33
      42
      44
      28
      41
      52
      43
      33
      46
      31
      37
      31
      40
      57
      64
      59
      38
      48
      44
      37
      31
      31
      30
      24
      33
      32
      40
      27
      39
      42
      35
      38
      44
      42
      36
      34
      32
      46
      37
      31
      35
      24
      34
      33
      30
      30
      29
      35
      47
      31
      32
      35
      41
      39
      42
      33
      44
      31
      39
      51
      36
      26
      38
      35
      33
      36
      40
      36
      34
      43
      41
      31
      40
      34
      49
      32
      29
      39
      31
      43
      36
      42
      43
      40
      37
      30
      38
      33
      29
      32
      42
      33
      38
      35
      34
      28
      34
      19
      40
      37
      45
      36
      40
      39
      44
      28
      38
      25
      33
      41
      34
      38
      41
      33
      43
      38
      53
      37
      34
      23
      41
      35
      37
      29
      38
      39
      33
      34
      26
      31
      37
      33
      28
      30
      35
      32
      39
      40
      31
      28
      47
      32
      40
      22
      35
      30
      33
      28
      38
      43
      30
      40
      19
      30
      37
      43
      27
      36
      34
      36
      29
      23
      24
      38
      36
      42
      31
      40
      35
      38
      34
      21
      39
      44
      32
      25
      35
      22
      31
      32
      25
      27
      39
      39
      36
      31
      25
      47
      41
      31
      37
      38
      45
      30
      46
      34
      22
      33
      45
      34
      36
      37
      49
      33
      29
      49
      34
      41
      34
      42
      32
      32
      30
      32
      38
      44
      38
      30
      45
      35
      32
      32
      30
      38
      36
      40
      40
      34
      33
      31
      44
      30
      34
      39
      32
      39
      52
      27
      38
      33
      28
      37
      31
      37
      31
      35
      40
      39
      40
      54
      42
      32
      41
      34
      31
      38
      36
      28
      40
      42
      36
      42
      37
      38
      34
      37
      41
      36
      37
      30
      45
      29
      39
      45
      35
      34
      36
      43
      24
      33
      40
      42
      42
      35
      30
      46
      37
      38
      40
      39
      30
      37
      34
      37
      38
      29
      29
      34
      48
      33
      37
      36
      31
      50
      42
      50
      26
      36
      40
      36
      25
      41
      44
      38
      48
      36
      34
      45
      38
      43
      33
      39
      38
      40
      34
      31
      45
      49
      52
      49
      39
      29
      38
      30
      24
      38
      47
      38
      34
      45
      41
      45
      36
      31
      35
      37
      44
      47
      42
      26
      30
      32
      43
      37
      27
      51
      37
      25
      30
      38
      35
      32
      41
      33
      43
      38
      45
      32
      51
      48
      38
      47
      37
      51
      35
      40
      41
      31
      37
      42
      48
      41
      37
      40
      33
      47
      47
      47
      42
      35
      44
      32
      50
      40
      41
      43
      53
      34
      43
      49
      40
      54
      46
      49
      52
      42
      37
      42
      41
      46
      48
      46
      48
      42
      44
      51
      49
      52
      57
      46
      56
      53
      61
      46
      42
      58
      49
      43
      46
      59
      55
      36
      54
      66
      55
      65
      41
      49
      55
      49
      65
      60
      49
      36
      60
      56
      47
      52
      42
      49
      68
      49
      59
      51
      51
      65
      44
      50
      59
      47
      59
      50
      59
      65
      55
      55
      60
      46
      47
      57
      41
      47
      41
      46
      40
      57
      42
      36
      42
      44
      42
      39
      42
      32
      37
      45
      40
      44
      44
      35
      31
      27
      36
      46
      35
      38
      40
      40
      35
      33
      39
      29
      27
      25
      42
      42
      31
      40
      46
      39
      31
      29
      49
      40
      43
      37
      45
      48
      46
      32
      38
      37
      38
      44
      39
      33
      48
      30
      33
      41
      45
      28
      27
      36
      36
      18
      41
      31
      30
      34
      27
      42
      39
      40
      33
      30
      41
      38
      40
      42
      31
      31
      22
      30
      27
      44
      30
      30
      38
      38
      31
      30
      29
      35
      47
      36
      39
      37
      37
      31
      43
      33
      38
      33
      37
      42
      33
      30
      29
      40
      40
      42
      30
      37
      26
      40
      44
      41
      22
      29
      40
      48
      36
      30
      40
      36
      39
      41
      37
      33
      40
      40
      31
      29
      27
      39
      39
      46
      37
      28
      42
      47
      39
      38
      37
      30
      39
      29
      36
      34
      33
      42
      31
      40
      25
      27
      27
      25
      22
      27
      13
      27
      20
      25
      26
      22
      19
      28
      22
      22
      19
      28
      16
      24
      18
      20
      18
      22
      33
      19
      25
      19
      15
      27
      18
      19
      17
      15
      18
      17
      19
      27
      15
      19
      26
      16
      30
      19
      22
      15
      17
      18
      16
      33
      32
     100
     233
     544
     893
     846
     434
     158
      48
      16
      10
      17
      11
       9
      15
      21
      12
      13
      11
      12
      13
      10
       9
      19
      17
      14
      10
       8
      11
       7
      10
      21
       7
      11
      11
      13
       8
      10
      11
       9
       7
       8
      12
       5
       5
      10
       4
       9
       5
       8
       5
       4
       4
       7
       7
       5
      10
       9
       8
       6
       4
       5
       5
      10
       5
       3
       5
       7
      10
       7
       8
       3
       4
       5
      11
       5
       7
       4
       9
       4
       8
       6
       8
       5
       4
       3
       3
       6
      11
       4
       4
       2
       2
       6
       5
       6
       7
       7
       5
       1
       7
       4
       5
       6
       7
       3
       4
       4
       3
       6
       6
       7
       5
       1
       5
       1
       5
       1
       5
       2
       8
       7
       6
       4
       4
       9
       4
       3
       3
       6
       4
       5
       5
       2
       2
       3
       7
       4
       4
       6
       4
       8
       5
       7
       3
       6
       4
       4
       4
       8
       6
       1
       6
       4
       3
       8
       4
       4
       7
      11
      18
      67
     255
     521
     812
     741
     416
     163
      29
       2
       3
       2
       2
       4
       1
       3
       2
       3
       1
       1
       0
       2
       1
       0
       3
       2
       4
       1
       1
       0
       1
       0
       1
       2
       3
       0
       1
       0
       0
       1
       2
       1
       1
       1
       1
       2
       1
       1
       1
       3
       1
       1
       2
       0
       1
       1
       2
       1
       1
       3
       1
       1
       0
       2
       2
       1
       0
       2
       0
       3
       1
       1
       1
       1
       1
       2
       1
       0
       1
       0
       2
       3
       3
       1
       3
       0
       3
       1
       2
       2
       0
       1
       1
       4
       0
       2
       1
       2
       0
       1
       3
       0
       3
       2
       1
       1
       1
       0
       1
       2
       0
       4
       1
       1
       2
       1
       3
       2
       2
       1
       2
       2
       3
       0
       1
       3
       2
       3
       1
       1
       3
       1
       4
       2
       8
       0
       1
       2
       1
       1
       2
       0
       0
       0
       0
       2
       0
       1
       2
       1
       2
       2
       0
       1
       0
       0
       2
       1
       0
       3
       0
       2
       1
       0
       2
       1
       1
       2
       0
       2
       2
       1
       2
       3
       1
       1
       3
       2
       5
       0
       0
       2
       1
       0
       0
       1
       3
       3
       5
       1
       0
       0
       0
       0
       2
       2
       2
       0
       1
       3
       1
       1
       0
       1
       0
       2
       0
       3
       2
       0
       4
       0
       1
       1
       1
       2
       2
       0
       2
       2
       2
       1
       3
       0
       2
       2
       2
       3
       5
       1
       0
       0
       1
       0
       0
       1
       1
       0
       1
       0
       1
       0
       1
       1
       1
       1
       0
       1
       1
       2
       0
       0
       0
       1
       2
       1
       2
       2
       0
       3
       1
       2
       1
       2
       0
       2
       0
       0
       1
       0
       2
       1
       0
       1
       0
       0
       2
       0
       1
       1
       0
       1
       1
       0
       1
       1
       1
       0
       0
       2
       2
       2
       1
       2
       1
       0
       0
       1
       1
       2
       0
       1
       1
       1
       1
       2
       2
       0
       0
       3
       0
       2
       0
       0
       1
       4
       0
       0
       0
       0
       0
       0
       3
       0
       0
       2
       1
       0
       1
       1
       0
       3
       0
       1
       1
       1
       1
       0
       0
       0
       1
       0
       1
       0
       0
       1
       1
       2
       1
       0
       0
       1
       0
       2
       0
       1
       1
       0
       1
       1
       1
       0
       2
       0
       0
       2
       1
       2
       0
       1
       0
       0
       2
       0
       0
       1
       0
       1
       0
       0
       0
       0
       0
       1
       2
       0
       3
       1
       1
       0
       2
       1
       2
       1
       1
       0
       1
       1
       0
       1
       0
       2
       2
       1
       0
       0
       1
       0
       2
       2
       2
       1
       1
       0
       0
       1
       0
       0
       0
       0
       1
       0
       1
       1
       0
       4
       0
       0
       1
       0
       0
       0
       1
       0
       0
       0
       0
       2
       1
       3
       2
       0
       0
       0
       0
       1
       1
       0
       2
       1
       1
       0
       0
       4
       0
       1
       2
       0
       0
       1
       0
       1
       0
       0
       2
       1
       1
       1
       1
       2
       1
       2
       2
       1
       2
       1
       2
       0
       1
       2
       0
       2
       2
       0
       1
       1
       1
       0
       1
       0
       0
       0
       0
       0
       2
       1
       1
       1
       1
       0
       0
       3
       0
       0
       2
       1
       0
       0
       0
       2
       1
       1
       0
       1
       1
       0
       1
       2
       0
       1
       0
       0
       2
       1
       2
       0
       1
       0
       1
       0
       0
       1
       1
       1
       1
       1
       0
       1
       1
       0
       1
       0
       0
       0
       0
       0
       1
       1
       0
       2
       0
       0
       0
       1
       0
       2
       0
       0
       0
       1
       2
       1
       1
       1
       0
       0
       3
       0
       1
       1
       1
       1
       0
       1
       0
       2
       4
       2
       1
       5
       0
       1
       0
       1
       0
       0
       0
       1
       0
       0
       1
       0
       0
       1
       2
       2
       0
       1
       0
       3
       0
       1
       1
       1
       2
       0
       0
       1
       1
       0
       2
       1
       1
       1
       0
       1
       2
       0
       0
       1
       1
       0
       1
       1
       1
       0
       2
       0
       0
       1
       2
       0
       1
       1
       0
       0
       0
       0
       0
       1
       0
       0
       2
       1
       0
       1
       0
       0
       0
       0
       0
       0
       0
       1
       0
       0
       0
       1
       1
       0
       0
       1
       0
       0
       0
       0
       2
       0
       2
       0
       2
       1
       0
       0
       2
       0
       2
       0
       2
       1
       0
       0
       1
       1
       0
       0
       0
       1
       1
       0
       0
       0
       0
       0
       0
       0
       0
       0
       0
       2
       0
       1
       0
       0
       0
       0
       1
       1
       0
       0
       0
       1
       1
       0
       1
       0
       0
       0
       1
       0
       1
       0
       0
       0
       0
       1
       0
       1
       2
       0
       1
       0
       1
       0
       0
       1
       0
       1
       2
       0
       0
       1
       1
       0
       0
       0
       1
       0
       0
       0
       0
       0
       0
       0
       0
       0
       0
       0
       0
       0
       0
       0
       0
       0
       1
       0
       1
       1
       1
       1
       0
       2
       0
       2
       2
       0
       2
       0
       0
       0
       0
       0
       0
       1
       0
       1
       2
       1
       2
       1
       0
       1
       0
       1
       0
       0
       0
       0
       0
       1
       1
       1
       0
       0
       1
       0
       0
       0
       1
       0
       0
       0
       1
       1
       0
       0
       0
       0
       2
       0
       2
       1
       0
       0
       0
       0
       0
       0
       0
       0
       1
       1
       0
       0
       0
       1
       0
       0
       0
       0
       0
       0
       0
       0
       0
       0
       0
       0
       1
       0
       0
       2
       0
       0
       0
       0
       1
       0
       0
       0
       1
       0
       0
       0
       1
       0
       0
       0
       1
       1
       0
       0
       0
       1
       0
       1
       1
       2
       2
       1
       0
       1
       0
       0
       1
       1
       0
       0
       1
       2
       0
       0
       0
       0
       0
       0
       0
       1
       0
       1
       1
       0
       0
       1
       0
       1
       1
       0
       0
       0
       1
       0
       1
       0
       1
       0
       1
       0
       0
       0
       1
       1
       0
       0
       0
       1
       0
       1
       1
       0
       0
       0
       0
       1
       1
       0
       0
       0
       1
       0
       1
       1
       0
       3
       0
       1
       0
       0
       1
       0
       0
       0
       0
       0
       0
       2
       2
       1
       0
       0
       0
       1
       0
       0
       0
       1
       1
       0
       2
       0
       1
       0
       0
       1
       0
       0
       2
       0
       1
       0
       0
       1
       0
       0
       0
       0
       0
       1
       2
       1
       0
       0
       0
       0
       0
       0
       0
       0
       1
       1
       0
       0
       0
       1
       0
       0
       0
       2
       2
       0
       0
       0
       2
       1
       0
       1
       0
       2
       0
       0
       1
       1
       1
       0
       0
       1
       1
       1
       0
       0
       0
       0
       0
       0
       0
       0
       0
       0
       0
       1
       0
       0
       0
       1
       0
       0
       0
       1
       0
       1
       0
       0
       1
       0
       0
       0
       0
       0
       0
       1
       0
       1
       1
       0
       0
       1
       0
       0
       1
       1
       0
       0
       1
       0
       0
       0
       0
       0
       0
       0
       1
       1
       0
       1
       1
       0
       0
       0
       0
       0
       1
       0
       0
       0
       0
       0
       1
       0
       0
       0
       0
       1
       1
       1
       0
       1
       0
       0
       2
       0
       0
       0
       0
       1
       0
       1
       0
       0
       0
       0
       1
       1
       1
       0
       0
       0
       0
       0
       0
       0
       0
       0
       0
       0
       0
       0
       1
       0
       0
       0
       0
       1
       0
       0
       0
       2
       0
       0
       0
       0
       1
       0
       0
       0
       0
       1
       0
       0
       0
       0
       0
       0
       0
       0
       0
       0
       0
       0
       1
       0
       0
       0
       0
       0
       1
       0
       0
       0
       0
       2
       0
       3
       2
       4
       1
       0
       0
       0
       0
       0
       1
       0
       0
       0
       0
       0
       0
       0
       0
       0
       0
       0
       0
       0
       0
       0
       0
       0
       0
       1
       0
       0
       0
       0
       0
       0
       0
       0
       1
       0
       2
       0
       0
       0
       0
       0
       0
       0
       0
       0
       0
       1
       0
       1
       0
       0
       1
       0
       0
       0
       0
       0
       0
       0
       0
       0
       0
       0
       0
       0
       0
       0
       0
       0
       0
       0
       0
       0
       0
       1
       0
       0
       0
       1
       0
       0
       1
       0
       0
       0
       0
       0
       0
       0
       0
       0
       0
       0
       0
       0
       0
       1
       1
       0
       0
       0
       0
       0
       0
       0
       1
       3
       1
       0
       1
       0
       0
       0
       0
       1
       2
       0
       0
       0
       0
       0
       1
       0
       0
       0
       0
       0
       0
       0
       0
       0
       0
       0
       0
       0
       0
       0
       0
       0
       0
       0
       0
       0
       0
       0
       1
       0
       0
       1
       0
       0
       0
       0
       0
       0
       1
       0
       0
       0
       0
       0
       0
       0
       0
       0
       0
       0
       0
       0
       0
       0
       0
       0
       0
       0
       1
       0
       0
       0
       0
       0
       0
       0
       0
       0
       0
       0
       0
       0
       0
       0
       0
       0
       0
       0
       0
       1
       0
       0
       0
       0
       0
       0
       0
       0
       0
       1
       0
       0
       1
       0
       0
       0
       0
       0
       0
       0
       0
       0
       0
       0
       0
       0
       0
       0
       2
       0
       0
       0
       0
       0
       0
       1
       0
       0
       0
       0
       0
       0
       0
       1
       0
       0
       0
       0
       0
       0
       0
       0
       0
       0
       1
       0
       0
       0
       0
       0
       2
       0
       0
       1
       0
       0
       0
       0
       0
       3
       0
       1
       0
       0
       0
       0
       0
       0
       0
       0
       0
       1
       0
       0
       0
       0
       0
       0
       0
       0
       0
       1
       0
       0
       0
       0
       0
       0
       0
       1
       0
       0
       0
       0
       0
       0
       0
       0
       0
       0
       0
       0
       0
       0
       0
       0
       0
       0
       0
       0
       0
       0
       0
       0
       0
       0
       0
       0
       0
       0
       0
       0
       0
       0
       0
       0
       1
       1
       1
       0
       1
       0
       0
       0
       0
       0
       0
       0
       0
       0
       0
       0
       0
       0
       0
       0
       0
       0
       0
       0
       0
       0
       0
       0
       0
       0
       0
       0
       0
       1
       0
       0
       0
       0
       0
       1
       0
       1
       0
       0
       0
       0
       0
       0
       0
       0
       0
       0
       0
       0
       1
       0
       0
       0
       0
       0
       0
       0
       0
       0
       0
       1
       0
       0
       0
       0
       0
       1
       0
       0
       0
       0
       0
       1
       0
       0
       0
       0
       0
       1
       0
       0
       1
       0
       0
       0
       0
       0
       1
       1
       0
       0
       0
       1
       1
       0
       1
       0
       0
       0
       1
       0
       0
       0
       0
       1
       0
       0
       0
       0
       0
       0
       0
       0
       0
       1
       0
       0
       0
       0
       0
       0
       0
       0
       0
       0
       0
       0
       0
       0
       0
       0
       0
       1
       0
       0
       0
       0
       0
       0
       1
       0
       0
       0
       0
       0
       0
       0
       0
       0
       0
       0
       0
       0
       1
       0
       0
       0
       0
       0
       0
       0
       0
       0
       0
       0
       0
       1
       0
       0
       0
       0
       0
       0
       0
       0
       0
       1
       0
       0
       0
       0
       1
       0
       0
       0
       0
       0
       0
       0
       0
       0
       0
       0
       0
       0
       0
       0
       0
       0
       0
       0
       0
       0
       0
       0
       0
       0
       0
       0
       0
       0
       0
       0
       0
       0
       0
       0
       0
       0
       0
       0
       0
       0
       0
       0
       0
       0
       0
       0
       0
       0
       0
       0
       0
       1
       0
       0
       0
       0
       0
       0
       0
       0
       0
       0
       1
       0
       0
       0
       0
       0
       0
       0
       0
       0
       0
       0
       0
       0
       0
       0
       1
       0
       0
       0
       1
       0
       0
       0
       0
       0
       0
       0
       0
       0
       0
       0
       0
       1
       0
       0
       0
       1
       0
       0
       1
       1
       0
       1
       1
       0
       0
       1
       0
       2
       1
       0
       0
       0
       0
       0
       0
       0
       0
       0
       1
       0
       0
       0
       0
       0
       1
       0
       0
       0
       0
       0
       0
       0
       0
       0
       0
       0
       0
       0
       0
       0
       1
       0
       0
       0
       0
       0
       0
       0
       0
       0
       0
       0
       1
       1
       0
       0
       0
       0
       0
       0
       0
       0
       0
       0
       1
       1
       0
       0
       0
       0
       1
       0
       0
       0
       0
       0
       1
       0
       0
       0
       0
       1
       1
       0
       0
       0
       0
       0
       0
       1
       1
       0
       0
       1
       0
       0
       0
       0
       0
       0
       0
       0
       0
       0
       1
       0
       0
       0
       0
       1
       0
       0
       0
       0
       0
       0
       0
       0
       0
       0
       0
       0
       0
       0
       1
       0
       0
       0
       0
       0
       0
       0
       0
       2
       0
       0
       0
       0
       1
       0
       1
       0
       0
       0
       1
       0
       0
       0
       0
       0
       0
       0
       0
       0
       0
       0
       0
       0
       0
       0
       0
       0
       0
       0
       0
       0
       0
       0
       0
       0
       0
       0
       0
       0
       0
       0
       0
       0
       0
       0
       0
       1
       0
       1
       0
       0
       0
       0
       0
       0
       0
       0
       0
       0
       0
       0
       0
       0
       0
       0
       0
       0
       0
       0
       0
       0
       0
       0
       0
       0
       1
       0
       1
       0
       0
       0
       0
       0
       0
       0
       0
       0
       0
       0
       1
       0
       0
       0
       0
       0
       0
       0
       1
       0
       0
       0
       0
       0
       1
       0
       0
       0
       0
       0
       0
       0
       0
       0
       0
       0
       0
       0
       1
       0
       0
       0
       0
       0
       0
       0
       0
       0
       0
       0
       0
       0
       0
       0
       0
       0
       0
       0
       0
       0
       0
       0
       0
       0
       0
       0
       0
       0
       0
       0
       0
       0
       0
       0
       0
       0
       0
       0
       0
       0
       0
       0
       0
       0
       0
       0
       0
       0
       0
       0
       0
       1
       0
       0
       0
       0
       0
       0
       0
       0
       0
       0
       1
       1
       0
       0
       0
       0
       0
       0
       0
       0
       0
       0
       0
       0
       0
       0
       0
       0
       1
       0
       0
       0
       0
       0
       0
       0
       0
       0
       0
       0
       0
       0
       0
       0
       0
       0
       0
       0
       0
       0
       0
       0
       0
       0
       0
       0
       0
       0
       0
       0
       0
       0
       0
       0
       0
       0
       0
       0
       0
       0
       0
       0
       0
       0
       0
       0
       0
       0
       0
       0
       0
       0
       0
       0
       0
       0
       0
       0
       0
       0
       0
       1
       0
       0
       0
       0
       0
       1
       0
       0
       0
       0
       1
       0
       0
       0
       0
       0
       0
       0
       0
       0
       0
       0
       0
       1
       0
       1
       0
       0
       1
       1
       0
       0
       0
       0
       0
       0
       0
       0
       0
       0
       0
       0
       0
       0
       0
       0
       0
       0
       1
       0
       0
       1
       0
       0
       0
       0
       0
       0
       0
       0
       0
       0
       0
       0
       0
       0
       0
       0
       0
       0
       0
       0
       0
       0
       0
       0
       0
       0
       0
       0
       0
       0
       0
       1
       0
       0
       1
       0
       0
       0
       0
       0
       0
       0
       0
       0
       0
       0
       1
       0
       0
       0
       0
       0
       0
       0
       0
       0
       0
       0
       0
       0
       0
       0
       0
       0
       0
       0
       0
       0
       0
       0
       1
       0
       0
       0
       0
       0
       0
       1
       0
       0
       0
       0
       0
       0
       0
       0
       0
       1
       0
       0
       0
       1
       0
       0
       0
       0
       0
       0
       0
       0
       0
       0
       0
       0
       0
       0
       0
       0
       1
       0
       0
       0
       0
       0
       0
       0
       0
       1
       0
       0
       0
       0
       0
       0
       0
       0
       0
       0
       0
       0
       0
       1
       0
       0
       0
       0
       0
       0
       0
       0
       1
       0
       0
       0
       0
       0
       0
       0
       0
       0
       0
       0
       0
       0
       0
       0
       0
       0
       0
       0
       0
       0
       1
       0
       0
       0
       0
       0
       0
       0
       0
       0
       0
       0
       0
       0
       0
       0
       0
       0
       0
       0
       0
       0
       0
       0
       0
       0
       0
       0
       0
       0
       0
       0
       0
       0
       0
       0
       0
       0
       0
       0
       0
       1
       0
       0
       1
       0
       0
       0
       0
       0
       0
       0
       0
       0
       0
       0
       0
       0
       0
       0
       0
       0
       0
       0
       0
       0
       0
       0
       0
       0
       0
       0
       1
       0
       0
       1
       0
       0
       0
       0
       0
       0
       0
       0
       0
       0
       0
       0
       1
       0
       0
       0
       0
       0
       0
       2
       0
       0
       0
       0
       0
       0
       0
       0
       0
       1
       0
       0
       0
       0
       0
       0
       1
       0
       0
       0
       0
       0
       0
       0
       0
       0
       0
       0
       0
       0
       0
       0
       0
       0
       0
       0
       0
       0
       0
       0
       0
       1
       1
       0
       0
       0
       0
       0
       0
       0
       0
       0
       0
       0
       0
       0
       0
       1
       0
       0
       0
       0
       0
       1
       0
       0
       0
       0
       0
       0
       0
       0
       0
       1
       0
       0
       1
       0
       0
       0
       0
       0
       0
       1
       0
       0
       0
       0
       0
       0
       0
       0
       0
       0
       0
       0
       0
       0
       0
       0
       0
       0
       0
       0
       0
       0
       0
       0
       0
       0
       0
       0
       0
       0
       0
       0
       0
       0
       0
       0
       0
       0
       0
       0
       0
       0
       0
       0
       0
       0
       0
       0
       0
       0
       0
       0
       0
       0
       0
       0
       0
       0
       0
       0
       0
       0
       0
       0
       0
       0
       0
       0
       0
       0
       0
       0
       0
       0
       0
       0
       0
       0
       0
       0
       0
       0
       0
       0
       0
       0
       0
       0
       0
       0
       0
       0
       0
       0
       0
       0
       0
       0
       0
       0
       0
       0
       0
       0
       0
       0
       0
       0
       0
       0
       0
       0
       0
       0
       0
       0
       0
       0
       0
       0
       0
       0
       0
       0
       0
       0
       0
       0
       0
       0
       0
       0
       0
       0
       0
       0
       0
       0
       0
       0
       0
       0
       0
       0
       0
       0
       0
       0
       0
       0
       0
       0
       0
       0
       0
       0
       0
       0
       0
       0
$ROI:
0
$PRESETS:
None
0
0
$ENER_FIT:
0.000000 0.000000
$MCA_CAL:
3
0.000000E+000 0.000000E+000 0.000000E+000 
$SHAPE_CAL:
3
0.000000E+000 0.000000E+000 0.000000E+000
