$SPEC_ID:
No sample description was entered.
$SPEC_REM:
DET# 1
DETDESC# SCE-SOPA-00035 MCB 133
AP# Maestro Version 7.01
$DATE_MEA:
11/11/2019 15:45:25
$MEAS_TIM:
3352 3353
$DATA:
0 4095
       0
       0
       0
       0
       0
       0
       0
       0
       0
       0
       0
       0
       0
       0
       0
       0
       0
       0
       0
       0
       0
       0
       0
       0
       0
       0
       4
      13
      13
      24
     128
     145
     149
     147
     175
     162
     162
     137
     133
     131
     126
     167
     161
     144
     144
     123
     146
     170
     151
     157
     165
     129
     141
     133
     142
     129
     140
     124
     153
     145
     126
     136
     143
     157
     135
     153
     144
     145
     147
     144
     148
     131
     160
     147
     131
     168
     145
     151
     143
     148
     164
     155
     147
     155
     143
     145
     145
     138
     158
     122
     161
     155
     168
     161
     186
     159
     154
     156
     169
     188
     143
     159
     157
     162
     153
     163
     167
     161
     185
     181
     166
     161
     184
     161
     168
     180
     172
     168
     154
     187
     206
     179
     186
     155
     190
     172
     190
     196
     201
     183
     202
     192
     171
     193
     177
     167
     202
     173
     189
     162
     167
     216
     181
     161
     202
     192
     185
     190
     168
     181
     178
     182
     191
     174
     182
     179
     187
     178
     204
     183
     218
     173
     168
     185
     182
     186
     178
     154
     185
     181
     170
     199
     193
     177
     188
     203
     168
     183
     176
     156
     193
     185
     187
     187
     174
     191
     184
     176
     185
     149
     166
     196
     177
     173
     173
     182
     158
     176
     151
     173
     175
     194
     196
     185
     147
     188
     167
     187
     185
     178
     184
     190
     205
     220
     222
     208
     200
     209
     197
     222
     230
     229
     213
     212
     209
     204
     191
     214
     177
     204
     193
     200
     188
     175
     196
     140
     200
     163
     189
     179
     152
     157
     154
     177
     161
     156
     195
     171
     160
     163
     149
     152
     148
     149
     142
     151
     154
     140
     152
     153
     176
     151
     160
     156
     138
     160
     137
     125
     144
     118
     156
     145
     143
     137
     153
     127
     136
      96
     120
     145
     120
     124
     131
     130
      97
     116
     115
     111
     133
     107
     136
     114
     132
     131
     121
     130
     144
     115
     106
     112
     108
     112
     129
     130
     115
     126
     120
     125
     119
     118
     139
     108
     128
     129
     102
     102
     122
     109
      94
     118
     113
     109
     102
     126
     104
      92
     112
     117
     115
     104
     115
     100
     116
     101
     100
     116
     112
      95
      98
     116
     107
     117
      95
     101
     121
     112
      91
      91
      90
     121
     106
      88
     100
     104
     114
     100
      97
     102
      96
     106
      94
     100
      86
     118
     105
      97
      87
     104
     108
     104
      71
      99
     102
     102
     117
      88
      90
     107
      98
      93
      91
      99
     107
      88
      90
      81
      97
      93
      84
      82
      79
      66
      87
      95
      92
     100
      91
      84
     103
      77
     101
      94
      92
      89
      82
      96
      92
      84
      85
      74
     114
     104
      87
      91
      84
      78
      91
      84
      69
     103
      86
      82
     100
      69
      92
      90
      87
      88
      85
      75
      73
      71
      99
      82
      79
      69
      90
      97
      85
      84
      76
      92
      91
      94
      92
      78
     113
      97
      85
      87
      61
      87
      90
      82
      77
      75
      73
      79
      78
      73
      68
      91
      78
      81
      85
      86
      87
      87
      71
      83
      68
      78
      82
      72
      64
      86
      86
      78
      94
      72
      76
      92
      93
      63
      83
      73
      84
      97
      62
      65
      65
      70
      76
      76
      82
      75
      83
      94
      85
      63
      97
      82
      66
      75
      75
      89
      89
      76
      84
      71
      92
      76
      83
     110
      75
      92
      74
      69
      73
      70
      69
      80
      67
      81
     110
      64
      46
      90
      80
      93
      77
      81
      79
      74
      79
      69
      61
      71
      88
      81
      74
      69
      76
      80
      73
      71
      82
      82
      60
      68
      77
      68
      89
      65
      66
      74
      54
      65
      78
      77
      77
      77
      78
      83
      88
      53
      73
      73
      79
      68
      80
      66
      82
      60
      72
      65
      59
      79
      87
      80
      61
      64
      66
      53
     100
      88
      71
      86
      74
      74
      69
      63
      79
      76
      79
      79
      82
      70
      76
      73
     100
      81
      58
      71
      58
      82
      88
      56
      80
      77
      80
      71
      84
      79
      86
      71
      71
      71
      69
      70
      74
      72
      72
      88
      80
      71
      79
      70
      70
      78
      77
      73
      64
      75
      64
      63
      80
      67
      74
      78
      78
      78
      70
      77
      66
      65
      63
     103
      79
      73
      81
      84
      65
      85
      80
      77
      71
      75
      93
      86
      80
      75
      77
      77
      67
      88
      69
      73
      67
      71
      69
      75
      65
      71
      55
      64
      79
      59
      73
      76
      83
      81
      81
      88
      69
      70
      64
      58
      66
      79
      80
      65
      65
      68
      75
      83
      88
      74
      78
      80
      72
      77
      64
      97
      74
      73
      71
      73
      67
      93
      79
      83
      84
      84
      80
      66
      70
      74
      71
      71
      67
      62
      85
      86
      83
      88
      76
      78
      79
      84
      80
      76
      97
      67
      66
      83
      69
      76
      72
      88
      73
      81
      75
      78
      87
      89
      60
      80
      78
      73
      83
      74
      90
      89
      83
      77
      78
      75
      83
      93
      63
      75
      68
      86
      82
      77
      96
      68
      81
      95
      80
      70
      81
      82
      76
      77
      67
      66
      67
      73
      80
      68
      91
      78
      69
      80
      71
      81
      84
      89
      66
      66
      82
      87
      80
      68
      71
      85
      73
      65
      80
      80
      89
      85
      98
     100
      80
      81
      98
      73
      74
      65
      84
      89
      94
      74
      76
      93
      65
      86
      88
      63
      75
      86
      86
      93
      80
      83
      66
      81
      71
      81
      84
      85
     100
      68
      94
      86
      84
      80
      97
     104
      89
      93
      82
      71
      89
      89
      80
      71
      97
      95
      75
      88
      92
      80
      77
      86
      84
      85
     106
      94
     103
      94
     102
      85
     112
     116
      81
      96
      90
      91
     100
      93
      86
      92
      80
      92
     100
     101
      88
      94
      88
      92
     105
      95
      90
      79
      88
     107
      84
     119
      99
     106
     106
      92
     112
      93
     117
      99
     101
      97
     120
      88
     105
      89
     101
      81
     100
     103
     107
      90
     121
     112
     114
      99
      94
     111
      92
      89
      93
     114
     110
     122
     104
      96
     117
     113
     124
     119
     104
     113
      92
      96
     114
     112
     118
     130
     105
     128
     125
     122
     118
     119
     120
     133
     103
     115
     135
     117
     109
     107
     131
     113
     105
     101
     121
     127
      97
     124
     109
     127
     116
     101
     142
     111
     115
     107
     101
     110
     106
      88
      91
      98
      88
      75
      93
      67
      92
      92
      61
      96
      77
     108
      78
      84
      86
      79
     104
      73
      74
      85
      92
      94
      68
      91
      82
      77
      86
      72
      84
      78
      93
      77
      79
      89
      86
      81
      82
      80
      89
      94
      84
      83
      76
      87
      89
      86
      74
      80
      83
      87
     112
      91
      84
      82
      73
      82
      85
      91
      74
      85
      86
      86
      86
      78
      87
      71
      83
      82
      79
      77
      80
      90
      85
      70
      78
      79
      80
      72
      84
      83
      65
      95
      78
      70
      74
      75
      61
      57
      76
      71
      77
      65
      76
      88
      69
      69
      79
      76
      68
      78
      85
      87
      70
      82
      61
      68
      79
      82
      61
      61
      58
      67
      70
      72
      83
      89
      65
      82
      81
      73
      80
      77
      64
      95
      98
      69
      83
      69
      81
      76
      68
      84
      76
      75
      88
      81
      65
      69
      99
      85
      71
      73
      72
      73
      85
      82
      70
      61
      63
      85
      92
      70
      66
      57
      51
      52
      70
      47
      66
      68
      45
      48
      60
      42
      58
      53
      45
      44
      47
      52
      39
      53
      47
      40
      44
      37
      41
      48
      37
      50
      44
      44
      45
      49
      39
      48
      34
      46
      53
      43
      37
      53
      53
      35
      47
      40
      47
      38
      45
      49
      43
      69
     119
     326
     916
    1594
    1887
    1332
     598
     168
      52
      33
      36
      38
      28
      32
      30
      37
      31
      25
      32
      21
      14
      27
      35
      29
      20
      29
      17
      22
      27
      19
      20
      33
      17
      24
      22
      13
      22
      21
      28
      20
      22
      31
      18
      20
      18
      30
      15
      28
      21
      14
      20
      14
      16
      14
      18
      16
      21
      17
      18
      22
      15
      14
      13
      15
      17
      18
      15
      16
      10
       8
      13
      12
      15
       5
      10
      16
      10
      11
      18
      12
      12
      11
       8
      12
      14
       8
       7
       8
      15
      11
      12
       8
       9
      11
       7
       9
      12
      12
      14
      11
      13
      11
      12
      15
      15
      21
      14
       7
       9
      11
      12
       4
      13
       6
       9
      10
      13
      12
      16
      10
      10
      12
      11
      12
       6
      11
      10
      13
       9
      11
      10
      10
       9
      11
       4
       8
       7
       4
      11
      10
       7
       6
      10
       8
      13
      11
      10
       5
      10
      12
       7
       7
      11
       9
       6
      15
      10
      15
      21
      32
     145
     385
     886
    1475
    1653
    1071
     474
     131
      21
      12
       7
       8
       7
       8
       6
       3
       1
       9
       6
       2
       2
       2
       3
       4
       4
       4
       5
       4
       3
       4
       5
       2
       4
       5
       3
       5
       3
       6
       8
       4
       3
       4
       4
       2
       7
       1
       6
       3
       6
       7
       3
       2
       3
       0
       1
       3
       3
       6
       6
       3
       7
       8
       4
       4
       3
       5
       6
       4
       3
       9
       2
       5
       0
       3
       3
       5
       4
       6
       3
       7
       2
       3
       2
       2
       5
       3
       7
       4
       4
       2
       0
       5
       2
       5
       1
       7
       4
       3
       3
       1
       3
       3
       2
       3
       4
       2
       2
       3
       3
       3
       5
       5
       2
       5
       3
       2
       1
       2
       4
       2
       3
       8
       3
       7
       3
       4
       2
       5
       3
       5
       1
       9
       5
       5
       7
       2
       5
       4
       2
       6
       0
       4
       4
       0
       2
       3
       3
       4
       5
       3
       2
       3
       5
       1
       2
       2
       3
       1
       1
       2
       2
       2
       3
       1
       3
       4
       3
       3
       3
       5
       5
       5
       6
       3
       3
       1
       3
       0
       3
       3
       6
       5
       2
       4
       3
       4
       3
       1
       1
       1
       5
       3
       4
       4
       4
       3
       3
       4
       3
       5
       2
       2
       2
       3
       4
       3
       2
       3
       4
       2
       4
       5
       2
       2
       3
       1
       4
       5
       5
       0
       2
       4
       3
       1
       5
       4
       2
       0
       3
       5
       5
       4
       3
       1
       3
       2
       2
       3
       4
       2
       4
       2
       3
       0
       4
       4
       1
       1
       1
       2
       3
       1
       1
       3
       2
       1
       0
       3
       1
       1
       2
       1
       0
       3
       5
       3
       6
       1
       2
       1
       3
       4
       1
       5
       2
       4
       1
       2
       3
       4
       8
       2
       6
       4
       1
       1
       8
       0
       3
       2
       5
       2
       2
       0
       5
       4
       4
       1
       0
       2
       1
       4
       2
       3
       5
       2
       1
       4
       4
       2
       2
       2
       3
       2
       3
       4
       2
       5
       1
       1
       2
       2
       2
       1
       0
       1
       3
       2
       2
       4
       0
       5
       4
       2
       1
       3
       3
       3
       4
       3
       2
       2
       0
       4
       1
       4
       0
       2
       2
       1
       3
       5
       5
       2
       0
       3
       4
       4
       0
       1
       2
       3
       3
       4
       5
       0
       5
       3
       3
       1
       1
       3
       4
       1
       1
       5
       0
       4
       3
       1
       3
       4
       4
       1
       3
       2
       2
       3
       1
       3
       2
       2
       3
       1
       1
       2
       1
       2
       5
       3
       3
       2
       5
       2
       4
       2
       3
       2
       3
       3
       5
       3
       3
       2
       1
       3
       0
       2
       3
       0
       4
       1
       2
       2
       2
       2
       4
       1
       1
       0
       0
       2
       2
       2
       2
       5
       4
       2
       2
       5
       2
       1
       6
       4
       0
       1
       1
       2
       5
       3
       2
       1
       3
       3
       5
       6
       3
       3
       3
       1
       1
       2
       1
       3
       2
       0
       3
       0
       2
       0
       0
       2
       3
       0
       0
       3
       1
       3
       4
       1
       0
       1
       2
       3
       1
       2
       1
       0
       4
       1
       2
       1
       1
       2
       0
       1
       1
       0
       2
       4
       1
       2
       1
       1
       3
       3
       1
       3
       4
       1
       4
       3
       2
       2
       2
       1
       1
       4
       3
       3
       3
       1
       5
       3
       2
       0
       1
       0
       0
       1
       2
       2
       1
       2
       3
       3
       0
       3
       4
       1
       2
       4
       4
       0
       2
       0
       1
       1
       3
       1
       0
       0
       3
       1
       2
       2
       3
       2
       2
       4
       2
       0
       0
       2
       1
       1
       1
       2
       3
       2
       1
       1
       2
       3
       3
       2
       3
       0
       2
       2
       1
       5
       3
       0
       1
       0
       8
       3
       3
       0
       1
       3
       1
       3
       2
       1
       0
       1
       4
       2
       2
       2
       3
       4
       2
       0
       1
       0
       4
       2
       5
       0
       1
       5
       2
       1
       0
       0
       3
       2
       1
       1
       1
       0
       3
       5
       3
       2
       2
       2
       3
       2
       2
       3
       3
       2
       2
       4
       0
       1
       1
       2
       2
       1
       2
       1
       3
       3
       2
       0
       0
       2
       2
       0
       2
       0
       3
       3
       7
       1
       1
       4
       1
       2
       2
       1
       2
       1
       2
       0
       2
       4
       2
       0
       6
       1
       3
       2
       2
       1
       0
       2
       1
       1
       2
       3
       2
       1
       0
       3
       3
       0
       3
       2
       1
       0
       0
       0
       1
       1
       0
       1
       2
       0
       0
       3
       0
       0
       1
       1
       0
       0
       2
       1
       3
       1
       0
       3
       1
       5
       3
       1
       2
       2
       1
       2
       3
       2
       0
       1
       3
       3
       1
       0
       0
       3
       0
       1
       2
       2
       3
       1
       1
       3
       1
       1
       0
       3
       1
       1
       1
       0
       2
       0
       2
       3
       0
       3
       0
       1
       1
       2
       3
       3
       3
       2
       2
       2
       1
       1
       1
       0
       0
       2
       1
       2
       0
       0
       0
       1
       1
       0
       1
       1
       0
       1
       2
       3
       2
       6
       2
       1
       2
       0
       1
       4
       1
       0
       1
       0
       0
       1
       0
       3
       1
       1
       1
       1
       5
       1
       2
       0
       1
       0
       1
       0
       2
       1
       1
       1
       0
       0
       2
       3
       0
       0
       0
       0
       2
       1
       0
       1
       2
       1
       3
       0
       2
       3
       2
       2
       0
       0
       1
       1
       1
       1
       1
       1
       1
       1
       2
       0
       2
       2
       2
       1
       3
       1
       1
       1
       1
       1
       1
       3
       2
       1
       1
       3
       0
       1
       3
       2
       3
       0
       1
       0
       1
       0
       1
       3
       1
       2
       0
       0
       1
       1
       2
       0
       3
       2
       0
       0
       2
       3
       2
       1
       1
       1
       1
       1
       0
       0
       0
       1
       1
       0
       2
       0
       0
       1
       2
       0
       1
       2
       0
       1
       1
       2
       1
       2
       2
       1
       2
       2
       1
       0
       0
       2
       5
       3
       0
       1
       1
       1
       0
       1
       5
       1
       1
       1
       1
       2
       1
       2
       1
       2
       3
       2
       2
       3
       2
       1
       1
       2
       0
       3
       0
       0
       0
       2
       2
       0
       0
       0
       2
       0
       0
       1
       2
       2
       2
       2
       3
       1
       1
       0
       0
       0
       0
       0
       2
       1
       0
       0
       1
       1
       1
       0
       3
       1
       0
       0
       0
       1
       0
       1
       1
       0
       0
       0
       2
       0
       2
       2
       1
       1
       0
       2
       0
       0
       2
       1
       2
       0
       1
       2
       0
       0
       1
       3
       1
       1
       1
       1
       0
       2
       1
       0
       0
       0
       1
       0
       2
       1
       0
       0
       0
       0
       0
       1
       1
       0
       0
       0
       0
       1
       0
       0
       0
       0
       1
       0
       0
       1
       0
       1
       0
       1
       0
       1
       0
       0
       0
       1
       2
       1
       0
       2
       1
       1
       0
       0
       0
       0
       0
       0
       1
       0
       0
       0
       0
       0
       0
       2
       2
       0
       0
       0
       0
       0
       0
       1
       0
       0
       1
       1
       0
       1
       1
       0
       0
       0
       0
       1
       0
       1
       0
       0
       0
       1
       0
       1
       0
       0
       0
       0
       1
       0
       0
       0
       2
       0
       0
       0
       0
       0
       1
       0
       0
       1
       2
       0
       0
       0
       0
       0
       1
       1
       0
       0
       0
       1
       0
       0
       0
       0
       0
       0
       1
       0
       0
       1
       0
       0
       0
       1
       0
       0
       0
       0
       0
       1
       0
       1
       0
       1
       0
       1
       0
       0
       0
       0
       0
       0
       1
       0
       1
       2
       4
       9
       9
       8
       5
       7
       3
       1
       0
       0
       0
       1
       0
       0
       0
       0
       1
       0
       0
       0
       0
       0
       0
       1
       0
       0
       0
       1
       0
       0
       1
       0
       0
       0
       0
       0
       0
       0
       0
       2
       0
       0
       0
       1
       0
       0
       0
       0
       0
       0
       0
       0
       0
       1
       0
       0
       0
       0
       0
       1
       0
       0
       0
       0
       0
       0
       0
       1
       0
       0
       0
       0
       0
       0
       0
       0
       0
       0
       0
       0
       0
       0
       0
       0
       1
       0
       0
       0
       0
       0
       0
       0
       1
       0
       1
       0
       0
       0
       0
       0
       1
       0
       0
       0
       0
       0
       1
       0
       0
       1
       1
       2
       4
       2
       0
       3
       0
       0
       1
       1
       0
       0
       1
       0
       0
       0
       0
       0
       0
       0
       0
       0
       0
       0
       0
       0
       0
       0
       0
       0
       0
       0
       0
       0
       0
       0
       0
       0
       1
       0
       0
       1
       0
       0
       0
       0
       0
       0
       0
       0
       0
       0
       0
       0
       0
       0
       0
       0
       1
       0
       0
       0
       0
       0
       0
       0
       0
       1
       0
       0
       1
       0
       0
       1
       0
       1
       0
       0
       0
       0
       0
       0
       0
       0
       0
       0
       0
       1
       0
       0
       0
       0
       0
       0
       0
       0
       0
       0
       0
       0
       0
       0
       0
       0
       1
       0
       0
       0
       0
       0
       0
       0
       0
       1
       0
       0
       0
       0
       0
       0
       0
       0
       0
       0
       0
       0
       0
       0
       1
       0
       0
       2
       0
       0
       1
       0
       0
       0
       0
       0
       0
       0
       0
       0
       0
       1
       0
       1
       0
       0
       0
       0
       1
       0
       0
       0
       0
       0
       0
       0
       0
       0
       0
       0
       0
       1
       0
       0
       0
       0
       0
       0
       1
       0
       0
       0
       0
       1
       0
       0
       0
       0
       2
       0
       0
       0
       0
       0
       0
       0
       0
       0
       0
       0
       0
       0
       0
       0
       0
       0
       0
       0
       0
       0
       1
       0
       0
       0
       0
       0
       0
       0
       0
       0
       1
       0
       0
       0
       0
       0
       0
       0
       0
       0
       0
       0
       0
       0
       0
       0
       1
       0
       0
       0
       0
       1
       0
       0
       0
       0
       0
       0
       0
       0
       0
       0
       0
       0
       0
       0
       0
       0
       0
       0
       0
       0
       0
       0
       0
       0
       0
       0
       0
       0
       0
       0
       1
       0
       0
       0
       0
       0
       1
       0
       0
       0
       1
       0
       0
       0
       0
       1
       0
       0
       0
       0
       0
       0
       0
       0
       0
       1
       0
       1
       0
       0
       0
       0
       0
       0
       0
       0
       0
       0
       0
       0
       0
       0
       0
       0
       0
       0
       0
       0
       0
       0
       1
       0
       0
       1
       0
       0
       0
       0
       0
       0
       0
       0
       0
       0
       0
       0
       0
       0
       0
       0
       0
       0
       0
       0
       0
       0
       0
       1
       1
       0
       0
       0
       0
       0
       0
       0
       0
       0
       0
       0
       1
       0
       0
       0
       0
       1
       0
       0
       0
       0
       0
       0
       0
       0
       0
       0
       2
       0
       0
       0
       0
       0
       0
       0
       0
       0
       0
       0
       0
       0
       0
       0
       0
       0
       0
       0
       0
       1
       0
       0
       0
       0
       0
       0
       0
       0
       0
       0
       0
       0
       0
       1
       0
       0
       0
       0
       0
       0
       0
       0
       0
       0
       0
       0
       1
       0
       0
       0
       0
       1
       1
       0
       0
       0
       0
       0
       0
       0
       0
       0
       0
       0
       0
       1
       1
       0
       1
       0
       0
       0
       0
       0
       0
       0
       0
       0
       0
       0
       0
       1
       0
       0
       2
       0
       0
       0
       0
       0
       0
       0
       0
       0
       0
       0
       0
       0
       0
       1
       0
       0
       0
       0
       0
       1
       1
       0
       0
       0
       0
       0
       0
       0
       0
       0
       1
       0
       0
       0
       0
       0
       1
       0
       0
       0
       0
       1
       0
       0
       0
       0
       1
       0
       1
       0
       0
       0
       0
       0
       0
       0
       0
       0
       0
       0
       0
       1
       0
       0
       0
       0
       0
       0
       0
       0
       0
       0
       0
       0
       0
       1
       0
       0
       0
       1
       0
       0
       2
       0
       0
       0
       0
       0
       0
       0
       0
       0
       0
       1
       0
       0
       0
       0
       0
       0
       0
       0
       0
       0
       0
       0
       0
       0
       0
       1
       0
       0
       0
       0
       0
       0
       0
       0
       0
       0
       0
       0
       1
       0
       0
       0
       0
       0
       0
       0
       0
       1
       0
       0
       0
       0
       0
       0
       0
       0
       0
       0
       0
       0
       0
       0
       0
       0
       0
       0
       0
       0
       0
       0
       0
       0
       1
       0
       0
       0
       0
       0
       0
       1
       0
       0
       0
       0
       0
       0
       0
       0
       0
       0
       0
       0
       0
       0
       0
       0
       0
       0
       0
       1
       0
       0
       0
       0
       0
       0
       0
       0
       0
       0
       1
       0
       0
       0
       0
       0
       0
       1
       0
       0
       0
       0
       0
       0
       0
       0
       0
       0
       0
       0
       0
       0
       0
       0
       1
       0
       0
       0
       0
       0
       0
       0
       0
       0
       0
       0
       0
       1
       0
       1
       0
       0
       0
       0
       0
       1
       1
       0
       0
       0
       0
       0
       0
       0
       1
       0
       0
       0
       0
       0
       0
       0
       0
       0
       0
       0
       0
       0
       0
       0
       1
       0
       0
       2
       0
       0
       0
       0
       0
       1
       0
       0
       0
       0
       0
       0
       0
       0
       0
       0
       1
       0
       0
       0
       0
       0
       0
       0
       0
       0
       0
       0
       1
       0
       0
       0
       0
       0
       0
       0
       1
       0
       0
       0
       1
       0
       0
       0
       0
       0
       0
       0
       0
       0
       0
       0
       0
       2
       0
       0
       0
       0
       0
       0
       0
       0
       0
       1
       0
       0
       0
       0
       0
       0
       0
       0
       0
       0
       0
       1
       0
       0
       0
       0
       0
       0
       0
       0
       0
       1
       0
       0
       0
       0
       0
       0
       0
       0
       0
       0
       0
       0
       0
       0
       0
       0
       0
       0
       0
       0
       0
       0
       0
       0
       0
       0
       1
       0
       0
       0
       0
       0
       0
       0
       0
       0
       0
       0
       1
       0
       0
       2
       0
       0
       0
       0
       0
       0
       0
       0
       0
       0
       0
       0
       0
       0
       0
       0
       0
       0
       1
       0
       0
       0
       0
       0
       0
       0
       0
       0
       0
       0
       0
       1
       0
       0
       0
       0
       1
       0
       0
       0
       0
       0
       0
       0
       0
       0
       0
       0
       0
       0
       0
       0
       0
       0
       0
       0
       0
       0
       0
       0
       0
       0
       1
       0
       0
       0
       0
       0
       0
       0
       0
       0
       1
       0
       0
       0
       0
       0
       0
       0
       0
       0
       0
       0
       0
       0
       0
       0
       0
       0
       0
       0
       0
       0
       0
       0
       0
       0
       0
       0
       0
       0
       0
       0
       0
       0
       0
       0
       0
       0
       0
       0
       3
       0
       0
       0
       0
       0
       1
       0
       0
       0
       1
       1
       0
       0
       0
       0
       0
       0
       0
       0
       0
       0
       0
       0
       0
       0
       0
       3
       0
       1
       0
       0
       0
       1
       0
       0
       0
       0
       0
       1
       0
       0
       0
       0
       0
       0
       0
       0
       0
       0
       1
       0
       0
       1
       0
       0
       1
       0
       0
       0
       0
       0
       0
       0
       0
       1
       0
       0
       0
       0
       0
       0
       0
       0
       0
       0
       0
       0
       0
       0
       0
       0
       0
       0
       0
       0
       0
       0
       0
       0
       0
       0
       0
       0
       0
       0
       0
       0
       0
       0
       0
       0
       0
       1
       0
       0
       0
       0
       0
       0
       0
       1
       0
       0
       0
       0
       0
       0
       1
       0
       0
       0
       0
       0
       0
       0
       0
       0
       0
       0
       0
       1
       0
       0
       0
       0
       0
       0
       0
       0
       1
       0
       0
       0
       0
       0
       1
       0
       1
       0
       0
       0
       0
       0
       0
       0
       0
       0
       0
       0
       0
       0
       0
       0
       0
       0
       0
       0
       1
       0
       0
       1
       0
       0
       0
       0
       0
       0
       0
       1
       0
       0
       0
       0
       0
       0
       0
       0
       0
       0
       0
       0
       0
       0
       0
       0
       0
       0
       0
       0
       0
       0
       0
       0
       1
       0
       0
       0
       0
       1
       0
       0
       0
       0
       0
       0
       1
       0
       0
       0
       1
       0
       0
       0
       0
       0
       0
       0
       0
       0
       0
       0
       0
       0
       0
       0
       0
       0
       0
       0
       0
       0
       0
       0
       0
       0
       0
       0
       0
       1
       0
       0
       0
       0
       0
       0
       0
       0
       0
       0
       0
       0
       0
       0
       0
       0
       0
       0
       0
       0
       0
       0
       0
       0
       0
       0
       1
       0
       0
       0
       0
       0
       0
       0
       0
       1
       0
       0
       0
       0
       0
       0
       0
       0
       1
       0
       0
       0
       0
       0
       0
       0
       1
       1
       0
       0
       0
       0
       0
       0
       0
       0
       0
       1
       0
       0
       0
       0
       0
       0
       0
       0
       0
       0
       0
       0
       0
       0
       0
       0
       0
       0
       0
       0
       1
       0
       0
       0
       0
       0
       0
       0
       0
       0
       0
       0
       0
       0
       0
       0
       0
       0
       0
       0
       0
       0
       0
       0
       0
       0
       0
       0
       0
       0
       0
       0
       0
       0
       0
       0
       0
       0
       0
       0
       0
       0
       0
       0
       0
       0
       0
       0
       0
       0
       0
       0
       0
       0
       0
       0
       0
       0
       0
       0
       0
       0
       0
       0
       0
       0
       0
       0
       0
       0
       0
       0
       0
       0
       0
       0
       0
       0
       0
       0
       0
       0
       0
       0
       0
       0
       0
       0
       0
       0
       0
       0
       0
       0
       0
       0
       0
       0
       0
       0
       0
       0
       0
       0
       0
       0
       0
       0
       0
       0
       0
       0
       0
       0
       0
       0
       0
       0
       0
       0
       0
       0
       0
       0
       0
       0
       0
       0
       0
       0
       0
       0
       0
       0
       0
       0
       0
       0
       0
       0
       0
       0
       0
       0
       0
       0
       0
       0
       0
       0
       0
       0
       0
       0
       0
       0
       0
       0
       0
       0
       0
       0
       0
       0
       0
       0
       0
       0
       0
       0
       0
       0
$ROI:
0
$PRESETS:
None
0
0
$ENER_FIT:
0.000000 0.000000
$MCA_CAL:
3
0.000000E+000 0.000000E+000 0.000000E+000 
$SHAPE_CAL:
3
0.000000E+000 0.000000E+000 0.000000E+000
