$SPEC_ID:
No sample description was entered.
$SPEC_REM:
DET# 1
DETDESC# SCE-SOPA-00035 MCB 133
AP# Maestro Version 7.01
$DATE_MEA:
11/04/2019 13:15:11
$MEAS_TIM:
3652 3653
$DATA:
0 4095
       0
       0
       0
       0
       0
       0
       0
       0
       0
       0
       0
       0
       0
       0
       0
       0
       0
       0
       0
       0
       0
       0
       0
       1
       0
       0
      11
      20
      13
      25
     115
     115
     119
     121
     111
     129
     128
     138
     129
     136
     110
     139
     125
     121
     127
     137
     135
     135
     117
     129
     106
     116
     132
     119
     125
     108
     127
     125
     113
     126
     105
     122
     122
     129
     142
     126
     132
     118
     128
     132
     146
     108
     124
     103
     121
     124
     143
     109
     117
     139
     135
     127
     128
     134
     110
     121
     139
     129
     133
     138
     124
     129
     168
     161
     141
     149
     124
     146
     136
     126
     135
     151
     135
     131
     163
     139
     124
     141
     145
     166
     166
     136
     143
     169
     145
     165
     167
     155
     154
     179
     171
     150
     175
     153
     152
     148
     169
     170
     176
     177
     157
     151
     167
     147
     142
     157
     183
     178
     177
     170
     129
     179
     176
     170
     166
     162
     158
     175
     156
     166
     160
     178
     148
     155
     148
     178
     129
     165
     178
     147
     151
     162
     183
     152
     134
     146
     180
     155
     174
     162
     166
     141
     150
     147
     140
     163
     152
     137
     154
     149
     145
     139
     148
     126
     164
     135
     167
     183
     175
     133
     153
     179
     130
     154
     161
     140
     146
     157
     161
     187
     158
     153
     141
     163
     158
     130
     148
     142
     157
     182
     160
     161
     159
     188
     184
     202
     203
     182
     186
     189
     174
     198
     173
     183
     151
     180
     177
     180
     160
     162
     158
     150
     147
     145
     167
     145
     131
     145
     147
     148
     159
     163
     141
     173
     142
     139
     136
     146
     135
     146
     130
     150
     130
     108
     126
     118
     111
     116
     123
     103
     118
     125
     136
     124
     103
     140
     127
     130
     113
     129
     119
     120
     112
     104
      99
     108
      98
     122
     106
      94
     113
      95
     131
     123
     108
     114
     104
     101
      97
     101
     108
      95
     108
      99
     104
     104
      99
     104
      96
      97
      98
      99
     105
      86
      94
      92
      83
      90
      88
      94
      93
     109
      98
      97
      87
      69
      74
      87
      91
      82
      95
      84
     111
      76
      77
      80
      94
      89
      95
      81
      87
      87
      82
      83
      85
      82
      71
      86
      78
      90
      81
      99
      78
      70
      92
      77
      81
      84
      69
      91
      78
      85
      76
      90
      78
      82
      89
      81
      76
      87
      66
      73
      84
      72
      60
      83
      78
      63
      81
      78
      77
      95
      61
      83
      73
      80
      78
      82
      69
      79
      54
      73
      70
      58
      74
      63
      56
      57
      84
      67
      91
      84
      69
      73
      71
      70
      67
      81
      71
      65
      80
      64
      60
      72
      75
      66
      60
      77
      69
      68
      78
      76
      70
      58
      71
      83
      76
      53
      63
      73
      65
      62
      62
      65
      62
      72
      67
      69
      68
      72
      65
      61
      70
      60
      66
      73
      56
      66
      56
      74
      50
      66
      62
      60
      50
      83
      50
      59
      63
      61
      77
      58
      65
      61
      57
      55
      65
      66
      61
      67
      65
      55
      62
      73
      53
      70
      64
      48
      68
      60
      64
      59
      64
      73
      63
      51
      66
      76
      67
      59
      48
      64
      67
      61
      55
      55
      66
      67
      43
      53
      50
      47
      66
      67
      73
      63
      62
      45
      63
      62
      57
      53
      73
      67
      56
      52
      65
      62
      59
      65
      62
      65
      87
      82
      76
      64
      61
      67
      59
      55
      52
      65
      67
      68
      67
      49
      64
      58
      52
      50
      49
      67
      45
      66
      80
      62
      70
      57
      60
      50
      70
      58
      59
      64
      55
      61
      78
      66
      52
      59
      53
      52
      64
      55
      52
      56
      50
      52
      61
      75
      68
      49
      62
      43
      83
      64
      63
      67
      49
      58
      51
      64
      56
      53
      71
      70
      53
      58
      67
      61
      59
      45
      43
      64
      51
      47
      47
      62
      56
      59
      54
      56
      53
      58
      64
      41
      51
      60
      48
      56
      48
      54
      65
      56
      63
      56
      63
      56
      56
      63
      52
      68
      46
      55
      52
      58
      52
      50
      59
      66
      67
      69
      67
      60
      63
      79
      45
      56
      48
      52
      63
      62
      53
      47
      59
      52
      58
      55
      64
      51
      58
      52
      60
      44
      59
      50
      58
      62
      61
      47
      71
      55
      48
      50
      49
      64
      58
      55
      54
      54
      53
      62
      62
      60
      49
      75
      60
      53
      61
      59
      53
      56
      67
      65
      75
      50
      59
      52
      56
      57
      56
      63
      63
      51
      53
      69
      67
      59
      46
      65
      69
      62
      68
      56
      49
      52
      54
      62
      42
      66
      60
      56
      64
      61
      53
      66
      48
      65
      45
      57
      58
      57
      49
      58
      58
      58
      72
      61
      70
      55
      67
      55
      52
      56
      60
      62
      64
      65
      44
      56
      76
      57
      54
      67
      61
      63
      65
      60
      75
      72
      64
      56
      61
      51
      63
      61
      80
      59
      65
      64
      62
      61
      61
      65
      48
      66
      67
      54
      68
      54
      47
      66
      58
      62
      60
      57
      52
      67
      60
      59
      44
      57
      57
      68
      54
      64
      62
      44
      57
      66
      70
      56
      65
      58
      46
      68
      64
      55
      47
      61
      53
      45
      60
      45
      65
      53
      52
      55
      57
      67
      56
      62
      56
      60
      47
      55
      78
      62
      58
      56
      71
      74
      51
      50
      57
      59
      65
      67
      65
      65
      59
      65
      59
      77
      64
      64
      78
      73
      70
      59
      60
      75
      63
      56
      59
      57
      65
      55
      78
      85
      59
      47
      68
      66
      65
      56
      66
      54
      54
      70
      68
      62
      60
      69
      67
      67
      69
      67
      62
      90
      62
      61
      62
      71
      73
      68
      53
      56
      67
      65
      62
      60
      71
      79
      64
      71
      58
      50
      63
      65
      72
      66
      77
      77
      85
      86
      63
      75
      76
      70
      74
      65
      70
      79
      62
      85
      92
      73
      47
      79
      61
      83
      72
      67
      68
      70
      86
      71
      84
      65
      86
      70
      76
      81
      83
      81
      72
      82
      74
      84
      68
      73
      78
      76
      70
      80
      74
      89
      71
      81
      80
      76
      86
      91
      92
      87
      91
      74
      96
      96
      82
      86
      91
      90
     104
      79
      84
      96
      81
      89
      87
      95
     106
      80
      83
      88
      91
      83
      94
      84
      94
      84
      89
      92
      91
      78
      94
      87
      66
      69
      67
      70
      71
      86
      80
      78
      59
      68
      69
      72
      77
      54
      64
      55
      58
      54
      61
      53
      62
      71
      60
      69
      55
      75
      54
      61
      66
      51
      53
      73
      60
      67
      58
      56
      71
      64
      50
      56
      59
      62
      56
      55
      61
      53
      45
      71
      57
      58
      58
      48
      57
      50
      48
      57
      60
      65
      61
      55
      57
      64
      74
      62
      73
      62
      70
      48
      55
      48
      48
      60
      57
      65
      60
      45
      64
      55
      49
      68
      52
      54
      55
      73
      36
      60
      55
      70
      58
      53
      54
      60
      49
      53
      51
      48
      59
      56
      49
      63
      67
      56
      63
      61
      63
      51
      54
      68
      60
      54
      48
      73
      47
      52
      58
      56
      59
      44
      61
      53
      50
      61
      52
      62
      61
      56
      40
      61
      67
      48
      56
      61
      54
      55
      55
      62
      68
      51
      63
      54
      55
      60
      45
      64
      69
      62
      66
      52
      56
      55
      52
      60
      61
      62
      49
      50
      43
      38
      45
      32
      44
      39
      38
      32
      35
      39
      53
      29
      30
      46
      41
      42
      31
      39
      40
      38
      29
      51
      28
      40
      26
      34
      34
      33
      31
      25
      34
      33
      29
      29
      35
      31
      41
      27
      33
      29
      37
      35
      37
      38
      34
      34
      41
      30
      36
      71
     172
     471
    1078
    1590
    1356
     707
     235
      66
      29
      27
      32
      25
      15
      20
      18
      19
      31
      27
      23
      22
      18
      25
      14
      24
      22
      23
      22
      15
      19
      19
      19
      18
      22
      21
      15
      14
      27
      19
      17
      12
      15
      12
      13
      17
      13
      11
      14
      15
      10
      11
       8
      15
      14
      16
      16
      14
      16
      14
      14
       9
      13
      18
      16
      14
      12
      15
      12
      13
      11
       9
      12
       5
      12
       9
       4
       5
       5
      15
       3
      10
       3
       4
       9
      11
       5
       7
      10
       8
      17
       9
       4
       6
       5
       7
       7
       5
       7
       7
      11
       5
       5
       7
       5
       6
       4
      10
      14
       6
       8
       7
       9
       7
      10
      11
       7
       2
      11
       7
      13
       6
       6
       5
      11
       5
       3
       6
       6
       7
      11
       6
       6
      10
      12
       5
       8
       5
       5
      10
       9
       4
       9
      16
       9
       7
       4
       8
       6
      10
       7
       6
       8
       5
       9
      13
       8
       8
      12
      16
      23
      77
     230
     527
    1069
    1386
    1129
     493
     168
      35
       6
       7
       5
       5
       5
       6
       3
       6
       3
       5
       1
       1
       5
       4
       1
       2
       2
       0
       0
       5
       6
       3
       3
       2
       2
       8
       1
       4
       1
       5
       0
       3
       2
       0
       3
       1
       2
       6
       0
       1
       0
       2
       4
       2
       6
       3
       3
       2
       2
       4
       3
       2
       0
       1
       4
       1
       1
       4
       2
       2
       3
       1
       3
       3
       0
       0
       2
       1
       3
       1
       1
       3
       0
       6
       1
       2
       4
       3
       2
       1
       5
       1
       2
       1
       1
       1
       2
       3
       3
       3
       1
       2
       3
       1
       4
       1
       1
       1
       0
       2
       4
       1
       2
       1
       2
       3
       2
       1
       0
       1
       3
       2
       0
       1
       1
       1
       1
       0
       1
       1
       2
       4
       3
       9
       8
       4
       3
       4
       1
       2
       3
       1
       2
       4
       2
       1
       3
       0
       1
       5
       2
       0
       2
       5
       0
       2
       3
       1
       1
       2
       3
       0
       1
       2
       8
       0
       2
       1
       1
       1
       2
       2
       1
       4
       1
       3
       2
       2
       6
       4
       2
       1
       4
       3
       2
       1
       5
       3
       3
       2
       1
       0
       3
       1
       4
       1
       1
       2
       0
       1
       0
       1
       3
       2
       2
       3
       5
       1
       0
       2
       1
       4
       1
       3
       2
       2
       1
       5
       0
       2
       1
       0
       3
       6
       0
       3
       1
       1
       1
       0
       1
       0
       3
       1
       1
       3
       0
       2
       3
       2
       0
       2
       1
       1
       3
       1
       0
       3
       1
       3
       3
       0
       0
       3
       4
       1
       2
       1
       0
       1
       0
       2
       2
       3
       2
       0
       3
       2
       0
       0
       0
       3
       1
       2
       1
       1
       0
       0
       0
       1
       1
       4
       2
       1
       2
       3
       3
       0
       0
       0
       2
       2
       3
       2
       0
       1
       2
       0
       0
       2
       3
       2
       0
       1
       4
       0
       0
       1
       0
       1
       3
       1
       1
       3
       3
       1
       1
       2
       3
       2
       1
       2
       3
       0
       1
       1
       2
       1
       2
       1
       1
       2
       0
       0
       3
       1
       3
       2
       1
       1
       1
       3
       3
       2
       2
       4
       5
       1
       0
       1
       0
       3
       2
       3
       1
       1
       0
       2
       1
       2
       1
       0
       2
       0
       2
       1
       1
       0
       3
       2
       1
       4
       3
       3
       5
       0
       1
       1
       2
       1
       0
       3
       1
       0
       4
       1
       0
       0
       1
       1
       3
       3
       1
       1
       1
       1
       0
       2
       1
       0
       0
       1
       0
       1
       0
       3
       1
       1
       1
       1
       1
       0
       1
       1
       0
       2
       2
       2
       3
       1
       0
       0
       0
       1
       1
       2
       1
       1
       1
       1
       1
       2
       0
       4
       1
       1
       0
       1
       3
       3
       2
       2
       3
       0
       0
       1
       2
       3
       0
       2
       1
       2
       0
       1
       1
       1
       1
       2
       2
       0
       0
       0
       2
       0
       1
       0
       1
       0
       0
       0
       4
       3
       1
       2
       1
       2
       1
       1
       2
       2
       0
       2
       1
       1
       0
       0
       1
       2
       2
       0
       1
       0
       0
       0
       1
       0
       0
       0
       1
       1
       0
       2
       3
       1
       0
       0
       1
       1
       0
       1
       2
       2
       0
       1
       1
       1
       1
       2
       1
       0
       1
       1
       0
       3
       1
       1
       1
       0
       6
       1
       0
       0
       2
       0
       0
       0
       1
       2
       2
       2
       1
       0
       2
       0
       2
       1
       3
       0
       1
       1
       1
       0
       1
       1
       2
       1
       1
       1
       1
       1
       0
       3
       2
       1
       3
       0
       0
       1
       1
       0
       3
       2
       1
       0
       0
       0
       0
       2
       1
       1
       3
       0
       2
       1
       2
       4
       1
       0
       1
       0
       0
       2
       0
       0
       1
       1
       0
       0
       2
       1
       0
       0
       1
       0
       1
       3
       2
       0
       1
       2
       0
       2
       1
       0
       1
       0
       2
       0
       1
       2
       0
       2
       0
       3
       2
       1
       1
       0
       2
       3
       1
       1
       1
       0
       0
       4
       0
       0
       1
       1
       0
       1
       0
       0
       0
       0
       0
       0
       0
       0
       1
       0
       2
       1
       0
       1
       0
       2
       0
       2
       2
       1
       2
       0
       1
       2
       1
       1
       2
       1
       1
       1
       2
       0
       1
       0
       0
       2
       2
       1
       2
       0
       0
       2
       1
       1
       0
       0
       4
       0
       3
       0
       0
       1
       3
       0
       1
       0
       1
       1
       3
       0
       1
       3
       1
       0
       1
       1
       0
       1
       0
       2
       0
       2
       1
       0
       3
       0
       1
       1
       1
       0
       0
       0
       1
       0
       1
       0
       1
       0
       1
       1
       2
       0
       0
       4
       2
       2
       1
       0
       0
       1
       3
       0
       1
       0
       0
       0
       3
       2
       0
       0
       1
       0
       0
       1
       0
       0
       2
       0
       1
       2
       0
       0
       2
       1
       0
       1
       0
       0
       1
       1
       2
       0
       2
       1
       0
       2
       0
       0
       0
       0
       3
       1
       1
       2
       1
       1
       1
       0
       1
       3
       0
       0
       0
       0
       2
       1
       0
       0
       1
       1
       1
       1
       0
       0
       1
       1
       1
       1
       2
       0
       0
       0
       1
       2
       2
       1
       1
       1
       0
       0
       0
       1
       0
       2
       1
       3
       1
       0
       1
       1
       1
       0
       1
       1
       1
       1
       1
       1
       0
       2
       2
       0
       1
       2
       1
       1
       1
       1
       1
       0
       0
       1
       1
       1
       1
       0
       1
       1
       2
       2
       0
       0
       0
       0
       0
       1
       1
       0
       1
       1
       1
       0
       2
       3
       2
       0
       1
       0
       1
       1
       4
       2
       1
       0
       1
       1
       2
       2
       1
       1
       0
       0
       2
       2
       2
       0
       2
       1
       0
       0
       0
       1
       1
       0
       0
       1
       0
       0
       0
       0
       2
       2
       0
       1
       1
       1
       1
       0
       0
       0
       0
       2
       0
       0
       0
       0
       1
       3
       0
       0
       1
       1
       0
       1
       2
       0
       0
       1
       2
       2
       0
       0
       3
       0
       1
       1
       2
       0
       2
       1
       1
       1
       2
       1
       0
       1
       4
       0
       2
       1
       3
       0
       1
       1
       2
       0
       0
       0
       0
       2
       0
       1
       0
       0
       0
       0
       1
       0
       0
       1
       2
       1
       1
       0
       1
       2
       0
       2
       0
       1
       0
       2
       0
       0
       1
       0
       1
       0
       0
       0
       0
       0
       0
       0
       0
       2
       1
       0
       0
       1
       0
       2
       1
       0
       0
       1
       1
       1
       1
       2
       0
       1
       1
       1
       0
       0
       1
       0
       0
       0
       0
       2
       1
       0
       1
       0
       0
       1
       1
       1
       0
       0
       2
       0
       0
       1
       0
       0
       2
       0
       0
       0
       0
       1
       1
       1
       0
       1
       1
       0
       0
       0
       0
       0
       1
       1
       0
       1
       1
       0
       0
       0
       0
       0
       1
       0
       2
       0
       0
       0
       0
       2
       3
       0
       1
       0
       0
       0
       0
       0
       1
       1
       0
       0
       0
       1
       0
       0
       0
       0
       1
       1
       0
       1
       0
       0
       0
       1
       0
       0
       0
       0
       0
       0
       0
       0
       0
       1
       0
       0
       0
       1
       0
       0
       0
       0
       0
       0
       0
       0
       0
       0
       0
       0
       0
       0
       0
       0
       0
       0
       0
       0
       0
       1
       0
       1
       1
       0
       0
       0
       0
       0
       1
       0
       0
       1
       1
       0
       2
       0
       0
       1
       0
       1
       0
       0
       1
       0
       0
       0
       0
       1
       0
       3
       0
       1
       3
       3
       1
       8
       6
       3
       4
       0
       0
       0
       0
       0
       0
       0
       0
       0
       0
       1
       0
       0
       1
       0
       0
       1
       0
       0
       0
       0
       0
       0
       0
       0
       0
       0
       0
       0
       0
       1
       0
       0
       0
       1
       0
       0
       0
       0
       0
       0
       0
       0
       0
       1
       0
       0
       0
       1
       1
       0
       0
       1
       0
       0
       0
       0
       0
       0
       0
       0
       0
       0
       0
       0
       0
       0
       0
       0
       0
       0
       0
       0
       0
       2
       0
       0
       0
       0
       0
       1
       0
       0
       0
       0
       0
       0
       0
       0
       0
       0
       0
       0
       0
       0
       0
       1
       0
       0
       0
       0
       0
       1
       1
       1
       0
       0
       3
       2
       1
       0
       0
       0
       0
       0
       0
       0
       0
       0
       0
       0
       0
       0
       0
       0
       0
       0
       0
       0
       0
       0
       0
       0
       0
       0
       0
       0
       0
       0
       0
       0
       0
       0
       0
       1
       0
       0
       1
       1
       0
       0
       0
       0
       0
       1
       0
       0
       0
       0
       1
       1
       1
       0
       0
       0
       0
       0
       0
       0
       0
       0
       0
       0
       0
       0
       0
       0
       0
       1
       0
       2
       0
       0
       0
       0
       0
       0
       0
       0
       1
       0
       0
       0
       0
       0
       1
       0
       0
       0
       0
       0
       0
       1
       0
       0
       1
       0
       1
       0
       0
       0
       1
       0
       0
       0
       0
       0
       0
       0
       0
       0
       0
       0
       0
       0
       0
       0
       0
       1
       1
       0
       0
       0
       0
       0
       2
       0
       0
       0
       0
       0
       0
       0
       0
       0
       1
       0
       0
       0
       0
       0
       0
       0
       0
       0
       1
       0
       0
       0
       0
       0
       0
       0
       1
       0
       1
       0
       0
       0
       0
       0
       0
       0
       0
       0
       0
       0
       0
       0
       0
       0
       0
       0
       0
       1
       0
       0
       0
       0
       0
       0
       1
       1
       0
       1
       1
       0
       0
       0
       0
       0
       0
       0
       0
       0
       1
       0
       0
       0
       0
       0
       0
       0
       1
       0
       0
       0
       0
       0
       0
       1
       0
       0
       1
       0
       0
       0
       0
       0
       0
       0
       0
       0
       0
       0
       0
       0
       0
       0
       0
       0
       0
       0
       0
       0
       1
       0
       0
       0
       0
       0
       0
       0
       0
       0
       0
       0
       0
       0
       0
       0
       0
       0
       0
       0
       1
       0
       0
       1
       0
       0
       0
       0
       0
       0
       0
       0
       1
       0
       0
       0
       0
       0
       0
       2
       0
       0
       0
       0
       0
       0
       0
       0
       0
       0
       0
       0
       0
       0
       0
       0
       0
       0
       0
       0
       0
       0
       0
       0
       0
       0
       0
       0
       0
       0
       1
       0
       0
       0
       0
       0
       0
       0
       0
       0
       0
       0
       0
       0
       0
       0
       0
       0
       0
       0
       0
       0
       0
       0
       0
       0
       0
       1
       0
       0
       0
       0
       0
       0
       0
       0
       0
       0
       0
       0
       0
       0
       0
       0
       0
       0
       0
       0
       0
       0
       0
       0
       0
       0
       0
       0
       0
       0
       0
       0
       0
       0
       0
       0
       0
       0
       1
       1
       0
       0
       0
       0
       0
       0
       0
       0
       0
       0
       0
       0
       0
       0
       1
       0
       0
       1
       0
       0
       0
       0
       0
       1
       0
       0
       0
       1
       0
       0
       1
       0
       0
       0
       1
       1
       0
       2
       0
       0
       0
       0
       0
       1
       0
       0
       0
       0
       0
       0
       0
       0
       0
       0
       0
       0
       0
       0
       0
       0
       0
       0
       0
       0
       0
       0
       0
       0
       1
       2
       0
       0
       0
       0
       1
       0
       0
       0
       0
       2
       0
       0
       0
       0
       0
       0
       0
       0
       0
       0
       0
       0
       0
       0
       0
       0
       0
       0
       0
       0
       1
       0
       1
       0
       0
       0
       0
       0
       0
       1
       0
       0
       0
       0
       0
       0
       0
       0
       0
       0
       0
       0
       0
       0
       0
       0
       0
       1
       0
       0
       1
       0
       0
       0
       0
       0
       0
       0
       1
       0
       0
       0
       0
       0
       0
       0
       0
       0
       0
       1
       0
       0
       0
       0
       0
       0
       0
       0
       1
       0
       2
       0
       0
       0
       0
       0
       1
       0
       0
       0
       0
       0
       0
       0
       0
       1
       0
       0
       0
       0
       1
       0
       0
       0
       1
       0
       0
       0
       0
       0
       0
       0
       0
       0
       1
       0
       0
       0
       0
       0
       1
       0
       0
       0
       0
       0
       1
       0
       0
       1
       0
       0
       0
       0
       0
       0
       0
       1
       0
       0
       0
       0
       0
       0
       0
       0
       0
       0
       0
       0
       0
       0
       0
       0
       0
       0
       0
       0
       0
       0
       0
       0
       0
       0
       0
       0
       1
       0
       0
       0
       1
       0
       0
       0
       0
       0
       0
       1
       0
       1
       1
       0
       0
       0
       0
       0
       0
       0
       1
       1
       0
       0
       1
       0
       0
       1
       1
       0
       0
       0
       0
       0
       0
       0
       0
       0
       0
       1
       0
       0
       0
       0
       1
       1
       0
       0
       0
       0
       0
       0
       0
       0
       0
       1
       0
       1
       0
       0
       0
       0
       0
       0
       0
       1
       0
       0
       0
       0
       0
       0
       0
       0
       0
       0
       0
       1
       0
       0
       0
       0
       0
       0
       0
       0
       2
       0
       0
       0
       0
       0
       0
       0
       0
       0
       0
       0
       0
       0
       0
       0
       0
       0
       0
       0
       0
       0
       0
       1
       0
       0
       0
       0
       0
       0
       0
       0
       0
       0
       0
       0
       0
       0
       1
       0
       0
       0
       0
       0
       0
       0
       1
       0
       0
       0
       0
       0
       0
       0
       0
       1
       0
       0
       0
       0
       0
       0
       0
       1
       1
       0
       1
       0
       0
       0
       0
       1
       1
       0
       0
       0
       0
       1
       0
       1
       0
       0
       0
       0
       0
       0
       0
       0
       0
       0
       0
       1
       0
       0
       0
       0
       0
       0
       0
       0
       0
       0
       0
       0
       0
       0
       0
       0
       1
       1
       0
       0
       0
       0
       0
       0
       0
       0
       0
       1
       0
       0
       0
       0
       0
       0
       0
       0
       0
       0
       0
       0
       0
       0
       0
       1
       0
       1
       0
       0
       0
       0
       0
       0
       0
       0
       0
       0
       0
       0
       0
       0
       0
       0
       0
       0
       0
       0
       0
       0
       0
       0
       0
       1
       0
       0
       0
       0
       1
       0
       0
       0
       0
       1
       0
       0
       0
       1
       0
       0
       0
       0
       0
       0
       0
       0
       0
       0
       0
       1
       0
       0
       0
       0
       0
       0
       0
       0
       0
       2
       1
       0
       0
       0
       0
       0
       1
       0
       0
       0
       0
       2
       0
       0
       0
       0
       0
       0
       0
       0
       0
       0
       0
       0
       0
       0
       0
       0
       0
       0
       0
       0
       0
       0
       0
       0
       0
       0
       0
       0
       0
       0
       0
       0
       0
       0
       0
       1
       0
       0
       0
       0
       0
       1
       0
       1
       0
       0
       0
       0
       0
       0
       0
       0
       0
       1
       1
       0
       1
       0
       0
       0
       1
       0
       0
       0
       0
       0
       0
       0
       0
       0
       0
       0
       0
       0
       0
       0
       0
       0
       0
       0
       0
       0
       0
       0
       0
       0
       0
       0
       0
       0
       0
       0
       0
       0
       0
       0
       0
       0
       0
       0
       0
       0
       0
       0
       0
       0
       0
       0
       0
       0
       0
       0
       0
       1
       0
       0
       0
       1
       0
       0
       0
       0
       0
       0
       1
       0
       0
       0
       0
       0
       0
       0
       0
       0
       0
       0
       2
       0
       0
       0
       0
       0
       1
       0
       0
       1
       0
       1
       1
       1
       0
       0
       0
       0
       0
       0
       0
       0
       0
       0
       0
       0
       1
       0
       0
       0
       0
       0
       0
       0
       0
       0
       1
       0
       0
       1
       0
       0
       0
       0
       0
       0
       1
       0
       0
       0
       0
       0
       1
       0
       0
       1
       0
       0
       0
       1
       0
       0
       0
       0
       0
       1
       0
       0
       0
       0
       0
       0
       0
       0
       0
       0
       0
       0
       0
       0
       0
       0
       0
       0
       0
       0
       0
       0
       0
       0
       0
       0
       0
       0
       0
       0
       0
       0
       0
       0
       0
       0
       0
       0
       0
       0
       0
       0
       0
       0
       0
       0
       0
       1
       0
       1
       0
       1
       1
       0
       0
       0
       0
       0
       0
       0
       0
       0
       0
       0
       0
       0
       0
       0
       1
       0
       0
       0
       0
       0
       0
       0
       0
       0
       0
       0
       1
       1
       0
       0
       0
       0
       1
       0
       0
       0
       0
       0
       0
       0
       0
       0
       0
       0
       0
       0
       0
       0
       0
       1
       0
       0
       0
       0
       0
       0
       0
       0
       1
       0
       0
       1
       0
       0
       0
       0
       0
       0
       1
       0
       0
       0
       0
       0
       0
       0
       0
       1
       0
       0
       0
       0
       0
       0
       0
       0
       0
       0
       0
       0
       0
       0
       0
       0
       0
       0
       0
       0
       0
       0
       0
       1
       0
       1
       0
       0
       0
       0
       0
       0
       0
       0
       0
       0
       0
       0
       0
       0
       0
       0
       1
       1
       0
       1
       0
       0
       0
       0
       1
       0
       0
       0
       0
       0
       0
       0
       1
       0
       1
       0
       0
       0
       0
       0
       0
       0
       0
       0
       0
       0
       0
       0
       0
       0
       0
       0
       0
       0
       0
       0
       0
       0
       0
       0
       0
       0
       0
       0
       0
       0
       0
       0
       0
       0
       0
       0
       0
       0
       0
       0
       0
       0
       0
       0
       0
       0
       0
       0
       0
       0
       0
       0
       0
       0
       0
       0
       0
       0
       0
       0
       0
       0
       0
       0
       0
       0
       0
       0
       0
       0
       0
       0
       0
       0
       0
       0
       0
       0
       0
       0
       0
       0
       0
       0
       0
       0
       0
       0
       0
       0
       0
       0
       0
       0
       0
       0
       0
       0
       0
       0
       0
       0
       0
       0
       0
       0
       0
       0
       0
       0
       0
       0
       0
       0
       0
       0
       0
       0
       0
       0
       0
       0
       0
       0
       0
       0
       0
       0
       0
       0
       0
       0
       0
       0
       0
       0
       0
       0
       0
       0
       0
       0
       0
       0
       0
       0
       0
       0
       0
       0
       0
       0
       0
       0
$ROI:
0
$PRESETS:
None
0
0
$ENER_FIT:
0.000000 0.000000
$MCA_CAL:
3
0.000000E+000 0.000000E+000 0.000000E+000 
$SHAPE_CAL:
3
0.000000E+000 0.000000E+000 0.000000E+000
