$SPEC_ID:
No sample description was entered.
$SPEC_REM:
DET# 1
DETDESC# SCE-SOPA-00035 MCB 133
AP# Maestro Version 7.01
$DATE_MEA:
11/05/2019 12:43:30
$MEAS_TIM:
4200 4201
$DATA:
0 4095
       0
       0
       0
       0
       0
       0
       0
       0
       0
       0
       0
       0
       0
       0
       0
       0
       0
       0
       0
       0
       0
       0
       0
       0
       0
       2
       2
       8
      10
      31
     220
     264
     244
     218
     258
     263
     234
     258
     243
     235
     238
     274
     239
     239
     244
     212
     251
     263
     207
     249
     245
     229
     256
     248
     261
     231
     240
     235
     268
     205
     258
     226
     220
     253
     258
     250
     275
     251
     243
     220
     238
     235
     230
     258
     241
     234
     224
     231
     283
     218
     240
     245
     267
     266
     228
     257
     257
     260
     243
     240
     241
     274
     277
     335
     263
     271
     244
     254
     283
     292
     266
     254
     240
     266
     257
     258
     278
     260
     263
     280
     268
     286
     272
     265
     273
     293
     260
     269
     301
     300
     306
     311
     295
     254
     266
     316
     301
     310
     310
     302
     290
     311
     265
     338
     301
     319
     306
     341
     298
     328
     349
     292
     303
     296
     282
     312
     306
     316
     305
     319
     317
     314
     282
     309
     263
     301
     310
     270
     297
     279
     276
     291
     297
     296
     279
     314
     306
     293
     300
     279
     295
     263
     296
     276
     283
     306
     311
     276
     254
     295
     298
     258
     298
     268
     300
     278
     290
     315
     295
     248
     287
     291
     283
     290
     255
     292
     276
     249
     242
     296
     284
     268
     267
     309
     299
     279
     283
     273
     304
     322
     320
     328
     362
     320
     362
     372
     367
     372
     352
     348
     352
     346
     349
     330
     330
     344
     345
     321
     312
     318
     316
     308
     293
     292
     272
     270
     303
     300
     304
     298
     255
     283
     251
     297
     282
     261
     260
     256
     259
     251
     263
     258
     271
     242
     247
     242
     239
     260
     239
     244
     245
     189
     253
     227
     224
     225
     227
     232
     214
     241
     212
     221
     228
     211
     218
     213
     217
     235
     217
     200
     203
     222
     186
     215
     186
     230
     227
     215
     193
     211
     222
     243
     215
     208
     180
     179
     224
     208
     237
     193
     200
     170
     190
     211
     203
     182
     199
     191
     209
     205
     211
     201
     240
     186
     206
     211
     204
     179
     182
     188
     187
     186
     188
     176
     168
     176
     172
     197
     166
     173
     185
     178
     187
     169
     177
     198
     172
     186
     176
     163
     172
     160
     165
     207
     189
     176
     172
     183
     178
     164
     162
     190
     142
     175
     146
     171
     188
     176
     192
     183
     153
     170
     155
     161
     154
     152
     164
     152
     136
     176
     157
     176
     150
     158
     127
     177
     129
     155
     154
     171
     135
     148
     153
     134
     177
     169
     159
     176
     142
     143
     148
     144
     163
     141
     147
     139
     141
     141
     161
     141
     133
     160
     153
     139
     134
     160
     145
     158
     136
     139
     137
     144
     146
     141
     150
     138
     156
     141
     142
     174
     150
     163
     145
     149
     151
     146
     126
     154
     130
     143
     142
     141
     137
     155
     129
     131
     158
     149
     162
     134
     134
     124
     142
     136
     146
     141
     115
     164
     132
     156
     138
     133
     130
     148
     147
     145
     138
     129
     134
     148
     146
     152
     113
     134
     124
     130
     134
     132
     140
     137
     137
     121
     129
     136
     135
     121
     140
     130
     118
     156
     129
     129
     140
     118
     121
     135
     138
     142
     142
     134
     141
     127
     135
     126
     129
     138
     135
     127
     121
     128
     126
     143
     136
     124
     142
     127
     139
     120
     141
     124
     145
     141
     148
     140
     165
     143
     125
     136
     147
     130
     147
     123
     126
     125
     134
     121
     116
     127
      87
     117
     132
     122
     129
     116
     134
     125
     135
     138
     137
     113
     132
     119
     127
     134
     116
     124
     107
     114
     141
     124
     142
     141
     116
     114
     113
     142
     118
     121
     126
     125
     124
     123
     120
     126
     142
     111
     126
     152
     131
     117
     125
     115
     103
     119
     146
     140
     117
     129
     117
     123
     128
     119
     133
     126
     139
     133
     117
     107
     140
     138
     136
     136
     119
     123
     125
     131
     109
     120
     126
     147
     148
     131
     121
     117
     139
     127
     127
     148
     128
     129
     126
     146
     126
     109
     133
     112
     124
     133
     128
     115
     119
     137
     126
     128
     122
     151
     123
     135
     140
     108
     102
     109
     116
     125
     142
     133
     125
     133
     111
     118
     114
     135
     119
     132
     112
     140
     117
     125
     128
     125
     143
     108
     134
     122
     124
     119
     131
     121
     125
     105
     154
     110
     128
     127
     135
     130
     108
     112
     109
     132
     115
     111
     113
     108
     134
     120
     127
     131
     134
     111
     130
     134
     135
     132
     120
     122
     126
     120
     113
     115
     122
     116
     116
     138
     125
     127
     102
     127
     135
     117
     129
     124
     128
     139
     153
     113
     108
     132
     131
     127
     125
     127
     129
     135
     118
     117
     109
     146
     123
     133
     140
     114
     119
     103
     130
     141
     127
     141
     126
     121
     100
     118
     120
     144
     120
     122
     115
     117
     119
     132
     104
     149
     152
     131
     130
     111
     122
     131
     143
     128
     110
     112
     121
     112
     135
     143
     132
     138
     122
     123
     121
     120
     147
     142
     135
     131
     150
     116
     120
     138
     131
     142
     135
     137
     125
     138
     125
     117
     125
     139
     117
     128
     137
     122
     150
     117
     132
     155
     114
     146
     124
     117
     135
     126
     126
     137
     139
     131
     130
     140
     123
     151
     137
     149
     143
     135
     154
     116
     133
     120
     138
     125
     128
     133
     125
     154
     132
     143
     155
     142
     135
     129
     123
     154
     182
     150
     136
     133
     128
     140
     154
     151
     133
     137
     139
     133
     137
     164
     124
     137
     133
     153
     141
     125
     159
     144
     151
     147
     145
     133
     154
     139
     145
     140
     155
     129
     172
     123
     139
     153
     156
     120
     157
     136
     127
     139
     191
     148
     151
     167
     166
     124
     147
     133
     172
     156
     155
     143
     137
     167
     153
     165
     139
     183
     165
     145
     155
     152
     152
     182
     166
     149
     140
     182
     152
     148
     155
     161
     165
     182
     150
     166
     177
     178
     181
     152
     166
     152
     176
     169
     172
     162
     157
     164
     172
     182
     177
     193
     177
     189
     168
     192
     162
     160
     171
     192
     192
     173
     199
     180
     172
     168
     182
     170
     174
     165
     194
     192
     197
     175
     213
     185
     194
     181
     177
     219
     201
     190
     197
     210
     206
     196
     173
     188
     198
     209
     193
     203
     223
     210
     204
     223
     195
     202
     222
     199
     187
     172
     194
     149
     164
     159
     174
     164
     168
     146
     163
     170
     130
     143
     165
     143
     156
     135
     153
     123
     133
     154
     163
     137
     132
     148
     142
     137
     145
     145
     122
     138
     124
     151
     149
     134
     129
     160
     135
     142
     155
     132
     148
     154
     139
     160
     128
     121
     127
     144
     149
     145
     137
     143
     152
     122
     125
     130
     133
     134
     126
     136
     130
     122
     146
     142
     147
     141
     150
     135
     132
     123
     139
     129
     123
     140
     134
     116
     118
     119
     124
     137
     123
     127
     123
     122
     143
     123
     117
     144
     122
     122
     133
     125
     138
     121
     122
     104
     123
     116
     120
     122
     105
     129
     136
     150
     121
     120
     136
     122
     124
     129
     102
     136
     106
     125
     134
     123
     149
     122
     121
     134
     130
     131
     117
     143
     123
     132
     145
     123
     147
     127
     137
     152
     122
     134
     158
     139
     141
     114
     142
     127
     139
     126
     139
     144
     157
     131
     120
     151
     134
     140
     129
     151
     139
     125
     122
     112
      91
      97
     123
      76
      94
      93
      85
      86
      78
      81
      89
      94
      87
      82
      94
     107
      99
     103
      82
      98
      75
      73
      87
      92
      77
      96
      82
      74
      68
      73
     100
      58
      88
      87
      87
      76
      66
      54
      81
      80
      79
      78
      76
      77
      82
      74
      79
      80
      94
     130
     312
     895
    2076
    3242
    3118
    1853
     685
     185
      76
      66
      60
      34
      58
      48
      49
      57
      54
      50
      49
      54
      40
      48
      53
      50
      43
      38
      49
      40
      34
      34
      40
      43
      34
      42
      40
      37
      36
      26
      28
      30
      33
      43
      45
      44
      34
      32
      28
      33
      23
      22
      42
      26
      30
      36
      28
      26
      39
      24
      31
      28
      27
      25
      23
      25
      30
      31
      30
      25
      24
      27
      16
      24
      22
      24
      18
      19
      18
      24
      21
      24
      18
      23
      22
      14
      30
      18
      19
      12
      10
      21
      23
      20
      19
      19
      26
      19
      17
      15
      17
      23
      25
      16
      19
      32
      27
      20
      23
      18
      18
      14
      27
      31
      25
      16
      19
      14
      22
      22
      23
      21
      12
      22
      20
      21
      19
      16
      16
      17
      10
      20
      16
      16
      23
      20
      17
      23
      14
      24
      19
      20
      22
      27
      25
      20
      22
      28
      18
      22
      24
      17
      19
      28
      20
      14
      19
      24
      20
      35
      47
     114
     402
    1028
    2104
    2874
    2494
    1346
     437
      89
      25
      15
      17
      15
       9
      13
       9
      14
      15
       8
      13
       7
       7
       6
       6
       8
       8
       5
       7
       8
       8
      12
       8
       7
       6
      10
       4
      15
       7
       8
       7
       9
       8
       7
       6
      10
       7
      10
      12
       4
       5
      10
      13
       5
       8
       8
       8
       7
       6
       8
       6
       9
      10
       8
      11
       5
       9
       8
       5
       7
       5
       8
       5
      16
      13
       6
       8
       3
       7
       2
      12
       9
       5
      13
       7
       9
       8
       6
       4
       7
       7
      10
       6
       4
      13
      10
       4
       4
       8
       5
       9
       1
       9
       5
       3
      10
      10
       6
       4
       6
       7
       5
       4
      11
       3
       4
       7
       6
       9
       8
       9
       2
      12
       2
       9
       9
       4
       4
       4
       8
       7
      13
       7
       7
       8
       6
      14
       5
       5
       6
       4
       9
       5
       5
       5
      13
       5
       7
       8
      13
       2
       7
       5
       8
       6
       5
       6
       9
       2
       6
       7
       8
      11
       7
       4
       8
       8
       8
       4
       6
       6
       3
       4
       6
       4
       6
       4
       3
       4
       2
       6
       9
       5
       7
       9
       2
       8
      13
       3
       4
       5
       5
       7
      11
       8
      17
       8
       4
       6
       7
       7
      11
       9
      11
      11
       6
       7
       7
       6
       9
       6
       5
       6
       6
       6
       4
       7
      10
       6
       6
       8
       7
      10
       4
       5
       4
       4
       3
       6
       6
       5
       8
       9
       5
       7
       7
       8
       6
       8
       7
       5
       2
       6
      11
       7
       6
       4
       5
       3
       5
       5
       5
       4
       4
       9
       3
       3
       4
       3
       7
       4
       4
       8
       5
       3
       8
       3
       8
       4
       8
       3
       4
       2
       6
       8
       6
       4
       3
       3
       4
       6
       6
       7
       0
       5
       4
       7
       6
       5
       2
       3
       5
       5
       2
       3
       3
       6
       9
       4
       5
       7
       5
       7
       4
       2
       7
       7
       5
       7
       8
       4
       8
       1
       5
       0
       9
       1
       6
       4
       3
       7
       4
       3
       4
       6
       5
       6
       6
       7
       5
       7
       7
       8
       3
       6
       4
       3
       4
       6
       3
       2
       8
       5
       4
       1
       5
       1
       4
       1
       3
       8
       8
       3
       5
       5
       5
       6
       2
       1
       3
       5
       0
       2
       2
       4
       7
       2
       5
       5
       2
       5
       5
       3
       5
       5
       8
       4
       3
       2
       6
       7
       5
       5
       4
       4
       8
       3
       6
       7
       3
       3
       3
       5
       4
       2
       4
       7
       3
       3
       6
       6
       5
       7
       5
       5
       5
       4
       2
       1
       2
       4
       9
       2
       4
       6
       7
       5
       3
       4
       5
       5
       4
       7
       2
       0
       3
       7
       2
       3
       3
       2
       8
       3
       1
       6
       9
       3
       2
       4
       7
       2
       2
       7
       9
       0
       5
       2
       4
       4
       5
       5
       6
       0
       2
       0
       3
       5
       2
       8
       6
       8
       2
       4
       3
       7
       3
       3
       4
       4
       3
       3
       4
       5
       7
       4
       4
       5
       4
       4
       2
       7
       7
       1
       5
       6
       4
       5
       5
       1
       1
       3
       7
       2
       8
       1
       5
       1
       1
       2
       3
       4
       2
       6
       4
       4
       2
       7
       4
       4
       3
       4
       4
       1
       3
       5
       6
       2
      10
       3
       5
      10
       4
       5
       2
       3
       5
       1
       2
      10
       5
       2
       6
       3
       1
       2
       2
       6
       4
       6
       5
       4
       2
       4
       3
       0
       0
       3
       6
       3
       2
       3
       4
       2
       5
       2
       5
       5
       4
       3
       1
       1
       3
       5
       4
       4
       4
       5
       4
       2
       1
       2
       3
       2
       5
       3
       6
       6
       7
       2
       4
       7
       4
       3
       9
       2
       3
       1
       3
       2
       2
       6
       6
       4
       2
       2
      10
       3
       5
       2
       2
       3
       2
       2
       2
       7
       4
       4
       6
       4
       1
       1
       2
       2
       3
       1
       2
       3
       5
       2
       3
       4
       2
       6
       1
       5
       2
       1
       3
       2
       3
       5
       3
       5
       5
       6
       1
       4
       2
       5
       3
       4
       2
       4
       3
       3
       6
       3
       7
       4
       8
       1
       6
       2
       4
       6
       5
       3
       6
       3
       5
       5
       3
       8
       3
       3
       2
       4
       2
       4
       2
       4
       6
       5
       4
       5
       2
       6
       3
       0
       6
       3
       2
       2
       5
       6
       4
       0
       6
       0
       4
       4
       2
       2
       5
       6
       3
       3
       2
       4
       1
       6
       4
       1
       2
       4
       7
       3
       3
       3
       4
       2
       5
       5
       3
       6
       1
       2
       3
       3
       2
       4
       2
       0
       1
       1
       2
       5
       3
       1
       4
       3
       0
       2
       6
       1
       0
       1
       2
       7
       3
       3
       3
       6
       3
       5
       1
       4
       0
       2
       2
       7
       5
       2
       3
       3
       2
       5
       4
       3
       2
       2
       3
       1
       1
       5
       3
       1
       1
       7
       2
       0
       2
       2
       2
       4
       3
       3
       4
       2
       3
       4
       4
       6
       2
       7
       3
       3
       3
       2
       5
       3
       2
       4
       2
       5
       2
       2
       0
       2
       1
       4
       0
       6
       7
       4
       3
       4
       5
       4
       5
       2
       1
       2
       1
       1
       0
       1
       3
       3
       2
       4
       6
       3
       2
       3
       1
       4
       2
       4
       1
       1
       4
       5
       1
       1
       0
       2
       4
       4
       2
       3
       2
       0
       1
       3
       1
       2
       3
       3
       2
       5
       0
       6
       3
       2
       3
       2
       1
       2
       1
       3
       3
       0
       0
       4
       2
       1
       1
       2
       3
       5
       3
       0
       1
       3
       2
       2
       3
       4
       1
       2
       2
       3
       1
       3
       3
       3
       4
       4
       5
       2
       2
       1
       1
       0
       1
       2
       5
       1
       4
       2
       4
       1
       1
       3
       5
       2
       2
       6
       3
       4
       4
       4
       4
       3
       3
       0
       4
       3
       4
       3
       0
       5
       2
       3
       3
       5
       4
       2
       3
       2
       3
       2
       2
       6
       8
       4
       3
       0
       1
       1
       3
       2
       2
       2
       2
       3
       4
       4
       2
       2
       3
       3
       8
       5
       3
       7
       5
       2
       3
       2
       4
       1
       0
       4
       1
       2
       0
       1
       1
       2
       2
       2
       1
       2
       1
       3
       2
       0
       0
       2
       1
       4
       2
       0
       1
       4
       1
       1
       3
       0
       3
       3
       2
       2
       0
       0
       2
       2
       2
       1
       1
       0
       1
       1
       0
       3
       1
       2
       1
       1
       1
       1
       3
       0
       0
       4
       4
       6
       2
       3
       3
       0
       0
       1
       1
       1
       0
       2
       1
       0
       1
       0
       1
       3
       1
       0
       1
       0
       2
       0
       2
       2
       3
       1
       3
       0
       1
       0
       4
       2
       2
       1
       1
       2
       1
       0
       1
       2
       2
       2
       0
       0
       0
       0
       2
       3
       0
       2
       0
       0
       2
       3
       2
       0
       1
       1
       1
       0
       1
       0
       1
       1
       2
       2
       1
       0
       0
       2
       0
       0
       1
       0
       2
       1
       0
       2
       0
       0
       2
       0
       0
       0
       0
       0
       1
       2
       0
       0
       0
       0
       0
       0
       2
       0
       1
       3
       0
       0
       0
       0
       0
       2
       0
       0
       2
       0
       2
       0
       0
       0
       0
       0
       1
       0
       0
       1
       0
       0
       0
       0
       0
       1
       0
       1
       0
       0
       2
       0
       1
       0
       1
       0
       1
       0
       1
       1
       0
       1
       0
       0
       0
       0
       0
       1
       2
       1
       0
       0
       0
       0
       1
       1
       0
       3
       1
       2
       2
       8
       8
      17
      23
      26
      11
      12
       3
       0
       0
       0
       1
       1
       0
       0
       0
       0
       0
       0
       1
       1
       0
       1
       1
       0
       0
       0
       0
       1
       0
       0
       0
       0
       0
       1
       1
       0
       0
       0
       0
       1
       0
       0
       0
       0
       0
       0
       0
       0
       1
       0
       1
       0
       0
       0
       0
       0
       0
       1
       0
       0
       1
       0
       0
       0
       0
       0
       0
       0
       0
       2
       0
       0
       0
       0
       0
       0
       0
       0
       1
       0
       1
       2
       1
       0
       0
       1
       0
       0
       0
       0
       0
       0
       0
       0
       0
       0
       0
       0
       0
       1
       0
       1
       1
       0
       1
       0
       1
       0
       0
       4
       1
       0
       2
       4
       3
       1
       0
       0
       1
       0
       2
       0
       0
       0
       0
       0
       0
       0
       0
       1
       0
       0
       0
       0
       0
       1
       1
       0
       0
       0
       0
       1
       0
       0
       0
       0
       0
       0
       0
       0
       0
       0
       0
       0
       0
       0
       0
       0
       0
       0
       0
       0
       0
       1
       0
       0
       0
       0
       0
       0
       1
       0
       0
       0
       2
       0
       1
       0
       0
       0
       0
       0
       0
       0
       0
       0
       0
       0
       0
       0
       0
       0
       0
       0
       1
       0
       0
       0
       0
       0
       0
       0
       0
       0
       0
       0
       1
       0
       0
       0
       1
       0
       0
       0
       0
       0
       0
       0
       0
       0
       0
       0
       0
       0
       0
       0
       1
       0
       0
       0
       0
       1
       0
       0
       0
       0
       0
       0
       1
       0
       0
       0
       1
       0
       0
       1
       0
       0
       0
       0
       0
       1
       0
       0
       1
       1
       0
       0
       1
       0
       0
       0
       0
       0
       0
       0
       1
       0
       1
       0
       2
       0
       1
       0
       0
       0
       0
       0
       0
       0
       0
       0
       0
       1
       0
       0
       0
       0
       0
       0
       0
       0
       0
       0
       0
       0
       0
       0
       0
       0
       0
       1
       0
       1
       0
       0
       0
       0
       1
       0
       0
       0
       0
       0
       0
       0
       0
       0
       0
       0
       0
       0
       0
       0
       0
       0
       0
       0
       0
       0
       0
       0
       1
       0
       0
       0
       0
       1
       0
       0
       0
       0
       0
       0
       0
       0
       0
       1
       0
       1
       1
       0
       0
       0
       0
       0
       0
       0
       0
       0
       0
       1
       1
       0
       0
       0
       0
       0
       0
       0
       0
       0
       0
       0
       0
       0
       0
       0
       0
       0
       0
       0
       1
       0
       0
       0
       0
       0
       0
       1
       0
       0
       0
       0
       0
       1
       0
       0
       1
       0
       0
       0
       0
       0
       0
       0
       0
       0
       0
       0
       0
       0
       0
       0
       0
       0
       0
       0
       0
       0
       1
       0
       0
       0
       1
       0
       0
       0
       0
       0
       0
       0
       0
       0
       0
       0
       0
       0
       1
       0
       0
       0
       0
       0
       0
       0
       0
       0
       0
       0
       2
       0
       0
       0
       0
       0
       0
       0
       0
       0
       2
       0
       0
       1
       0
       0
       0
       1
       1
       0
       0
       0
       0
       0
       1
       0
       1
       0
       1
       0
       2
       0
       0
       0
       0
       0
       1
       0
       0
       0
       0
       0
       0
       0
       0
       0
       1
       0
       0
       0
       3
       0
       0
       0
       0
       0
       1
       0
       1
       0
       0
       0
       0
       0
       1
       0
       0
       0
       0
       0
       0
       0
       0
       0
       0
       0
       0
       0
       0
       1
       0
       0
       0
       0
       0
       0
       0
       0
       1
       0
       0
       0
       0
       0
       0
       0
       1
       0
       1
       0
       0
       0
       0
       0
       0
       1
       1
       0
       0
       0
       0
       0
       1
       0
       0
       0
       0
       1
       0
       0
       0
       0
       1
       0
       2
       0
       0
       0
       0
       0
       0
       0
       0
       0
       0
       0
       0
       0
       0
       1
       0
       1
       0
       1
       0
       0
       0
       0
       0
       0
       0
       0
       0
       0
       0
       0
       0
       0
       0
       0
       0
       0
       0
       0
       0
       0
       0
       0
       0
       0
       0
       0
       0
       0
       0
       0
       0
       0
       0
       0
       0
       0
       0
       0
       0
       0
       0
       0
       0
       0
       0
       0
       0
       0
       0
       0
       1
       0
       0
       0
       0
       0
       0
       0
       0
       0
       0
       0
       0
       0
       0
       0
       1
       0
       0
       1
       1
       1
       0
       1
       0
       0
       0
       0
       0
       0
       0
       0
       0
       1
       1
       0
       0
       0
       0
       0
       0
       0
       0
       0
       0
       0
       1
       0
       0
       0
       0
       0
       0
       0
       0
       0
       0
       0
       1
       0
       0
       0
       1
       0
       0
       0
       0
       0
       0
       0
       1
       1
       0
       0
       0
       0
       1
       1
       0
       0
       0
       0
       0
       0
       1
       0
       0
       0
       0
       0
       0
       0
       0
       0
       1
       0
       0
       0
       1
       0
       0
       0
       0
       0
       0
       0
       0
       0
       0
       0
       0
       0
       0
       0
       0
       0
       0
       0
       0
       1
       0
       0
       0
       0
       0
       0
       1
       0
       0
       0
       0
       0
       0
       0
       0
       0
       0
       0
       0
       0
       0
       0
       0
       0
       0
       0
       0
       0
       0
       0
       0
       0
       0
       0
       0
       0
       0
       0
       0
       0
       0
       0
       0
       0
       0
       0
       0
       0
       0
       0
       0
       1
       0
       0
       0
       0
       0
       0
       0
       0
       0
       1
       0
       0
       0
       0
       0
       0
       0
       0
       0
       0
       0
       0
       0
       1
       0
       0
       0
       0
       0
       0
       0
       0
       0
       0
       0
       0
       0
       0
       1
       0
       0
       0
       0
       0
       0
       0
       0
       0
       1
       0
       0
       0
       0
       0
       1
       1
       0
       0
       0
       0
       1
       0
       0
       0
       0
       0
       0
       0
       0
       0
       0
       0
       0
       0
       1
       0
       0
       0
       0
       1
       0
       0
       0
       0
       0
       0
       1
       0
       0
       1
       0
       0
       0
       0
       0
       0
       0
       0
       0
       0
       0
       0
       0
       0
       1
       0
       0
       0
       0
       0
       0
       0
       0
       0
       0
       0
       0
       0
       1
       0
       0
       0
       0
       0
       0
       1
       0
       1
       0
       0
       0
       0
       0
       0
       0
       0
       0
       1
       0
       0
       1
       0
       0
       0
       0
       0
       0
       1
       0
       0
       1
       0
       0
       0
       0
       0
       0
       0
       0
       0
       1
       0
       0
       0
       0
       0
       0
       3
       0
       0
       0
       0
       0
       0
       0
       0
       0
       0
       0
       0
       0
       0
       0
       0
       0
       0
       0
       0
       0
       0
       0
       0
       0
       1
       0
       0
       0
       0
       1
       0
       1
       0
       0
       0
       0
       0
       0
       0
       0
       0
       0
       0
       0
       0
       0
       0
       0
       0
       0
       0
       0
       0
       0
       0
       0
       0
       0
       1
       0
       0
       1
       0
       0
       0
       0
       0
       0
       0
       0
       0
       0
       0
       0
       0
       0
       0
       0
       0
       0
       0
       0
       0
       0
       0
       0
       0
       0
       0
       0
       0
       0
       0
       0
       0
       0
       0
       1
       0
       1
       0
       0
       0
       0
       0
       0
       0
       0
       0
       0
       0
       0
       0
       0
       0
       0
       1
       0
       0
       0
       0
       0
       0
       0
       0
       0
       0
       0
       1
       0
       0
       0
       1
       0
       0
       1
       0
       0
       0
       0
       0
       0
       0
       0
       0
       0
       0
       0
       0
       0
       0
       0
       0
       0
       0
       0
       0
       0
       1
       0
       0
       1
       0
       0
       0
       0
       0
       0
       1
       0
       0
       0
       0
       0
       0
       0
       0
       0
       1
       0
       0
       0
       1
       0
       0
       0
       0
       0
       0
       0
       0
       0
       0
       1
       0
       1
       1
       0
       0
       0
       0
       0
       0
       1
       0
       0
       0
       0
       0
       0
       0
       0
       0
       0
       0
       0
       0
       0
       0
       0
       0
       0
       0
       0
       0
       0
       0
       0
       0
       0
       0
       0
       0
       0
       1
       0
       0
       1
       0
       0
       0
       0
       0
       0
       0
       0
       0
       0
       0
       0
       0
       0
       1
       0
       0
       1
       0
       0
       0
       0
       0
       0
       0
       0
       0
       0
       0
       0
       0
       0
       0
       0
       0
       0
       0
       0
       1
       0
       0
       0
       0
       0
       0
       0
       0
       0
       0
       1
       0
       1
       0
       0
       0
       0
       0
       0
       0
       0
       0
       0
       0
       0
       0
       1
       0
       0
       0
       1
       1
       0
       0
       0
       0
       0
       0
       0
       0
       0
       0
       0
       0
       1
       0
       0
       0
       0
       1
       0
       0
       1
       0
       0
       0
       0
       0
       0
       0
       0
       0
       1
       0
       0
       0
       0
       0
       0
       0
       0
       0
       0
       0
       0
       0
       0
       0
       0
       1
       0
       0
       0
       0
       0
       0
       0
       0
       0
       0
       0
       1
       0
       0
       0
       1
       0
       0
       1
       0
       1
       0
       0
       0
       0
       0
       0
       0
       0
       0
       0
       0
       0
       0
       0
       0
       0
       1
       1
       0
       0
       2
       0
       0
       0
       0
       0
       1
       0
       0
       0
       0
       0
       0
       0
       1
       1
       0
       0
       0
       1
       0
       0
       0
       0
       0
       0
       0
       0
       0
       0
       0
       0
       0
       0
       0
       0
       0
       0
       0
       1
       0
       0
       0
       0
       0
       0
       0
       0
       0
       0
       0
       0
       0
       0
       0
       0
       0
       0
       0
       0
       0
       0
       0
       0
       0
       0
       0
       0
       0
       0
       0
       0
       0
       0
       0
       0
       0
       0
       0
       0
       0
       0
       0
       0
       0
       0
       0
       0
       0
       0
       0
       0
       0
       0
       0
       0
       0
       0
       0
       0
       0
       0
       0
       0
       0
       0
       0
       0
       0
       0
       0
       0
       0
       0
       0
       0
       0
       0
       0
       0
       0
       0
       0
       0
       0
       0
       0
       0
       0
       0
       0
       0
       0
       0
       0
       0
       0
       0
       0
       0
       0
       0
       0
       0
       0
       0
       0
       0
       0
       0
       0
       0
       0
       0
       0
       0
       0
       0
       0
       0
       0
       0
       0
       0
       0
       0
       0
       0
       0
       0
       0
       0
       0
       0
       0
       0
       0
       0
       0
       0
       0
       0
       0
       0
       0
       0
       0
       0
       0
       0
       0
       0
       0
       0
       0
       0
       0
       0
       0
       0
$ROI:
0
$PRESETS:
None
0
0
$ENER_FIT:
0.000000 0.000000
$MCA_CAL:
3
0.000000E+000 0.000000E+000 0.000000E+000 
$SHAPE_CAL:
3
0.000000E+000 0.000000E+000 0.000000E+000
