$SPEC_ID:
No sample description was entered.
$SPEC_REM:
DET# 1
DETDESC# SCE-SOPA-00035 MCB 133
AP# Maestro Version 7.01
$DATE_MEA:
11/18/2019 13:37:01
$MEAS_TIM:
3694 3695
$DATA:
0 4095
       0
       0
       0
       0
       0
       0
       0
       0
       0
       0
       0
       0
       0
       0
       0
       0
       0
       0
       0
       0
       0
       0
       0
       0
       0
       0
       7
      10
       4
      15
      95
     106
     120
     126
     111
     107
     105
     115
      98
     121
     116
     106
     115
      99
      98
      92
     106
     115
     112
     121
     121
     119
     125
     102
     109
     124
     120
     105
     115
     114
      94
     106
     124
     124
     114
     131
      94
     126
     106
     123
     122
     124
     123
     124
      98
     122
     130
     128
     125
     127
     144
      93
     107
     114
     127
     137
     128
     122
     120
     127
     129
     108
     156
     141
     135
     134
     118
     116
     125
     143
     138
     129
     124
     122
     136
     146
     139
     111
     135
     126
     145
     135
     152
     162
     153
     131
     137
     147
     141
     151
     134
     145
     142
     127
     142
     137
     131
     155
     173
     158
     176
     129
     148
     162
     156
     166
     162
     154
     149
     130
     152
     167
     150
     140
     155
     145
     117
     128
     153
     146
     132
     142
     163
     167
     147
     136
     160
     159
     153
     149
     146
     155
     131
     139
     135
     154
     154
     145
     152
     114
     132
     159
     125
     130
     148
     148
     125
     146
     145
     130
     158
     152
     160
     147
     147
     147
     146
     150
     172
     151
     138
     139
     145
     123
     123
     147
     159
     136
     145
     136
     139
     140
     124
     134
     154
     141
     177
     150
     137
     150
     135
     160
     165
     158
     174
     161
     164
     192
     191
     185
     185
     160
     162
     160
     184
     151
     166
     152
     137
     157
     146
     136
     137
     134
     127
     147
     143
     117
     147
     118
     135
     106
     144
     124
     136
     121
     132
     118
     120
     106
     139
     117
     107
     107
     102
     112
      96
     131
     111
      98
     103
      98
      91
     106
     112
     107
      99
     111
     101
     103
     102
     102
      86
      90
     106
      92
      99
      96
     102
      98
      86
      91
     107
      94
      89
      73
      88
      79
      83
      77
      88
      78
      88
      99
      87
      93
      94
      84
      74
      74
      87
      79
      86
      91
      79
      85
      82
     105
      80
      84
      78
      94
      87
      77
      81
      94
      84
      71
      84
      81
      64
      70
      78
      70
      70
      88
      75
      86
      86
      84
      80
      70
      78
      78
      69
      60
      63
      71
      74
      69
      69
      78
      74
      68
      64
      84
      77
      71
      86
      68
      67
      67
      73
      63
      71
      71
      68
      57
      66
      74
      65
      54
      57
      72
      71
      68
      58
      68
      63
      66
      62
      53
      77
      62
      55
      61
      70
      68
      58
      54
      59
      59
      62
      60
      72
      73
      73
      70
      66
      53
      57
      75
      65
      58
      62
      74
      74
      54
      61
      71
      67
      69
      64
      66
      70
      63
      59
      58
      65
      61
      65
      68
      59
      59
      68
      67
      51
      57
      63
      76
      73
      65
      66
      54
      54
      65
      49
      50
      71
      59
      61
      58
      63
      58
      55
      63
      52
      70
      67
      53
      63
      49
      48
      47
      67
      71
      64
      60
      60
      44
      67
      43
      47
      55
      60
      55
      57
      53
      55
      53
      59
      45
      60
      53
      60
      61
      52
      68
      54
      51
      63
      43
      61
      55
      53
      57
      58
      45
      57
      53
      59
      65
      58
      62
      61
      61
      59
      54
      49
      61
      50
      65
      40
      55
      63
      59
      50
      45
      48
      54
      51
      52
      53
      43
      53
      55
      42
      52
      62
      52
      57
      55
      59
      65
      81
      72
      65
      59
      62
      56
      70
      60
      51
      52
      35
      47
      53
      45
      52
      31
      54
      51
      53
      56
      50
      51
      65
      65
      64
      64
      51
      51
      61
      58
      53
      57
      49
      59
      49
      47
      51
      52
      46
      59
      39
      69
      48
      67
      60
      61
      39
      53
      53
      51
      46
      53
      52
      54
      43
      61
      55
      55
      43
      71
      53
      48
      49
      59
      37
      51
      51
      57
      52
      62
      37
      54
      41
      54
      46
      68
      55
      58
      43
      52
      43
      56
      61
      61
      59
      46
      58
      41
      57
      58
      49
      37
      51
      47
      55
      61
      62
      58
      42
      46
      42
      60
      46
      53
      46
      42
      52
      50
      53
      47
      46
      41
      54
      56
      54
      48
      42
      58
      51
      43
      57
      50
      50
      60
      45
      51
      57
      64
      49
      44
      40
      39
      52
      54
      45
      52
      48
      52
      41
      51
      50
      54
      47
      54
      69
      64
      48
      54
      55
      57
      41
      63
      57
      45
      47
      58
      60
      43
      54
      56
      54
      42
      34
      52
      43
      61
      61
      51
      59
      56
      50
      56
      66
      49
      55
      58
      47
      59
      56
      61
      49
      46
      61
      55
      51
      37
      58
      64
      47
      44
      54
      55
      43
      59
      53
      53
      33
      59
      49
      42
      45
      55
      60
      46
      55
      52
      41
      60
      53
      51
      54
      46
      51
      44
      55
      46
      47
      56
      41
      54
      56
      58
      49
      53
      54
      48
      32
      55
      59
      53
      42
      55
      54
      52
      54
      54
      56
      55
      59
      52
      53
      64
      55
      43
      49
      52
      52
      50
      50
      52
      53
      48
      50
      50
      59
      55
      59
      48
      61
      66
      54
      52
      59
      64
      59
      47
      68
      48
      51
      53
      44
      63
      49
      52
      62
      59
      63
      57
      47
      59
      51
      43
      59
      70
      58
      71
      65
      61
      58
      49
      61
      60
      61
      69
      53
      53
      40
      60
      62
      42
      61
      49
      48
      53
      58
      41
      52
      64
      68
      61
      59
      62
      62
      68
      62
      45
      55
      63
      48
      64
      47
      58
      61
      63
      65
      52
      56
      51
      64
      52
      69
      54
      49
      64
      81
      53
      58
      63
      74
      44
      55
      61
      57
      64
      57
      69
      66
      54
      61
      56
      74
      57
      56
      59
      66
      61
      49
      55
      72
      70
      55
      62
      55
      74
      67
      58
      78
      59
      73
      64
      57
      52
      48
      67
      80
      84
      58
      63
      65
      65
      68
      74
      69
      71
      73
      60
      51
      74
      63
      74
      63
      62
      61
      72
      69
      58
      83
      71
      91
      71
      60
      62
      71
      53
      72
      70
      79
      86
      50
      82
      62
      66
      88
      70
      59
      60
      55
      77
      69
      79
      74
      91
      90
      90
      65
      77
      86
      80
      76
      81
      76
      67
      85
      86
      74
      84
      68
      72
      68
      73
      84
      76
      76
      61
      70
      71
      88
      67
      72
      75
      70
      77
      74
      70
      64
      61
      59
      69
      68
      61
      49
      62
      60
      70
      61
      51
      56
      58
      54
      57
      64
      53
      57
      53
      51
      57
      62
      59
      70
      60
      56
      52
      70
      51
      64
      64
      69
      49
      53
      59
      54
      61
      54
      56
      61
      68
      56
      49
      69
      72
      67
      59
      46
      54
      58
      63
      66
      73
      64
      56
      51
      56
      57
      61
      44
      54
      58
      59
      61
      45
      70
      50
      53
      59
      49
      56
      59
      61
      65
      58
      50
      48
      52
      55
      39
      58
      52
      53
      58
      58
      43
      51
      44
      56
      50
      59
      44
      55
      42
      52
      54
      49
      52
      55
      46
      57
      55
      49
      50
      61
      49
      65
      56
      50
      41
      45
      64
      43
      53
      51
      44
      47
      47
      52
      48
      52
      36
      51
      49
      48
      45
      49
      54
      77
      41
      72
      54
      62
      47
      37
      61
      48
      38
      55
      53
      55
      53
      45
      55
      61
      50
      49
      59
      53
      40
      53
      41
      53
      58
      49
      51
      45
      47
      33
      41
      37
      42
      35
      40
      28
      41
      24
      33
      36
      45
      39
      37
      25
      35
      37
      32
      38
      41
      33
      34
      32
      34
      37
      31
      32
      18
      26
      30
      33
      34
      35
      31
      35
      39
      32
      32
      33
      32
      36
      30
      25
      30
      30
      35
      42
      50
      78
     249
     609
    1100
    1241
     952
     374
     119
      39
      30
      14
      26
      31
      16
      32
      16
      20
      18
      22
      11
      20
      29
      12
      19
      17
      24
      13
      17
      20
      17
      11
      15
      15
      16
       8
      10
      17
      21
      13
      18
      11
      16
      11
      16
      10
      17
      14
       6
      15
      10
      15
      11
       8
      16
      16
      10
       6
      12
       6
      10
       7
      11
      15
      13
      10
       9
       9
       7
      14
      11
      14
      10
      11
       8
       7
       7
       7
       4
      11
       7
      12
       6
       5
       9
       6
       6
       5
       8
       9
       7
       4
      10
       6
       4
       8
       4
       6
      11
       8
       5
       6
       7
       9
       7
      11
       2
       3
       4
      13
       9
      18
       5
       8
       6
       7
       4
       7
      10
       8
       8
       4
       5
       7
      12
       6
       8
       4
       9
       9
      10
       7
       4
       4
       5
       7
       6
       5
       6
       7
       8
       6
       9
       6
       6
       6
      11
      17
      11
       5
       5
       7
       7
       5
       4
       8
       7
       7
      10
      13
      25
      61
     220
     581
    1030
    1115
     785
     365
     101
      15
      10
       3
       6
       1
       1
       2
       6
       2
       1
       2
       4
       0
       3
       3
       4
       1
       0
       2
       3
       2
       3
       4
       3
       2
       0
       4
       0
       2
       2
       3
       2
       1
       2
       2
       4
       0
       3
       0
       0
       3
       1
       3
       0
       3
       2
       2
       3
       3
       3
       2
       2
       1
       1
       1
       2
       0
       0
       2
       2
       1
       0
       2
       0
       2
       1
       1
       1
       5
       2
       4
       1
       2
       4
       2
       1
       1
       2
       1
       2
       3
       0
       2
       1
       0
       2
       1
       2
       0
       2
       3
       3
       2
       1
       3
       1
       4
       2
       3
       0
       0
       6
       1
       1
       2
       1
       2
       3
       1
       2
       2
       2
       3
       0
       1
       2
       3
       2
       1
       1
       2
       1
       1
       5
       6
       3
       5
       4
       1
       2
       1
       1
       2
       2
       0
       4
       2
       1
       3
       1
       3
       1
       1
       4
       1
       2
       1
       0
       0
       0
       2
       3
       2
       1
       2
       1
       1
       0
       1
       2
       1
       0
       3
       4
       4
       2
       1
       0
       2
       1
       1
       3
       2
       2
       1
       3
       4
       2
       1
       2
       2
       2
       1
       3
       0
       2
       0
       4
       1
       3
       2
       2
       1
       2
       0
       1
       1
       2
       1
       0
       1
       2
       0
       2
       0
       2
       3
       0
       2
       0
       2
       0
       2
       0
       2
       0
       1
       2
       4
       3
       2
       1
       4
       0
       4
       2
       0
       2
       1
       0
       5
       3
       1
       1
       3
       0
       0
       2
       1
       1
       0
       3
       4
       3
       3
       3
       0
       2
       2
       2
       0
       2
       2
       1
       0
       4
       3
       0
       1
       2
       2
       1
       0
       0
       0
       0
       1
       1
       1
       1
       2
       4
       0
       1
       1
       3
       1
       1
       0
       0
       1
       3
       1
       0
       1
       2
       4
       2
       0
       1
       2
       2
       2
       1
       2
       3
       0
       0
       0
       2
       2
       3
       3
       2
       2
       1
       0
       1
       2
       1
       2
       1
       1
       0
       0
       1
       2
       0
       0
       0
       6
       1
       0
       2
       0
       2
       3
       1
       0
       0
       1
       3
       0
       0
       1
       0
       0
       0
       0
       0
       2
       1
       0
       2
       0
       0
       1
       1
       0
       3
       1
       4
       1
       3
       1
       0
       0
       1
       0
       1
       2
       1
       1
       2
       0
       3
       2
       0
       2
       0
       1
       3
       0
       3
       2
       1
       1
       2
       2
       1
       5
       1
       0
       0
       1
       0
       1
       2
       1
       2
       1
       0
       1
       1
       0
       3
       4
       0
       2
       1
       1
       1
       0
       1
       1
       0
       1
       2
       1
       1
       2
       1
       3
       1
       1
       0
       2
       0
       1
       2
       2
       0
       0
       0
       1
       2
       1
       0
       2
       1
       4
       3
       2
       1
       1
       1
       3
       0
       1
       3
       0
       1
       3
       0
       1
       1
       1
       0
       2
       0
       1
       1
       0
       1
       1
       2
       1
       1
       0
       3
       0
       0
       1
       0
       0
       0
       2
       0
       1
       1
       1
       0
       1
       1
       0
       1
       0
       1
       2
       0
       1
       2
       1
       3
       2
       2
       1
       0
       0
       1
       1
       0
       0
       0
       2
       1
       0
       1
       1
       1
       0
       0
       1
       2
       0
       0
       0
       0
       0
       0
       0
       0
       0
       2
       0
       2
       1
       2
       0
       1
       0
       2
       2
       0
       0
       1
       0
       0
       1
       2
       0
       2
       0
       2
       1
       2
       0
       1
       0
       2
       1
       0
       0
       1
       2
       0
       0
       1
       0
       1
       3
       1
       2
       1
       1
       0
       2
       3
       1
       0
       0
       1
       0
       1
       1
       2
       0
       0
       1
       0
       1
       2
       1
       1
       0
       0
       0
       0
       1
       0
       1
       1
       1
       2
       2
       0
       1
       1
       3
       0
       0
       0
       2
       3
       2
       2
       0
       1
       1
       0
       0
       1
       2
       1
       0
       3
       1
       3
       1
       1
       3
       0
       0
       1
       0
       2
       2
       1
       2
       0
       0
       0
       0
       0
       5
       0
       1
       1
       0
       1
       0
       1
       1
       1
       1
       2
       0
       2
       1
       2
       2
       2
       1
       0
       0
       2
       0
       0
       2
       2
       3
       2
       0
       1
       1
       2
       0
       0
       1
       0
       0
       0
       0
       1
       2
       0
       0
       1
       3
       2
       3
       0
       1
       1
       1
       1
       1
       0
       1
       0
       1
       0
       2
       1
       1
       3
       0
       1
       0
       0
       1
       0
       0
       1
       2
       0
       0
       1
       1
       1
       0
       1
       1
       2
       0
       1
       0
       0
       2
       1
       0
       3
       1
       2
       1
       1
       3
       1
       1
       2
       1
       0
       0
       0
       0
       2
       3
       0
       0
       1
       0
       0
       0
       1
       3
       0
       2
       2
       0
       1
       0
       1
       1
       1
       0
       1
       3
       0
       1
       3
       0
       2
       1
       2
       0
       0
       2
       1
       1
       1
       1
       0
       1
       0
       0
       3
       1
       1
       1
       1
       1
       1
       4
       0
       1
       0
       0
       0
       2
       1
       0
       0
       0
       0
       1
       0
       0
       0
       2
       0
       0
       1
       0
       2
       0
       2
       1
       1
       0
       0
       0
       0
       0
       1
       0
       1
       2
       2
       1
       0
       1
       0
       0
       0
       1
       1
       0
       0
       0
       0
       1
       0
       0
       1
       0
       0
       0
       0
       0
       2
       1
       1
       1
       2
       1
       3
       0
       1
       1
       1
       3
       1
       1
       1
       2
       0
       0
       0
       0
       0
       0
       1
       1
       0
       1
       0
       0
       1
       0
       0
       1
       0
       0
       1
       0
       1
       0
       0
       1
       0
       1
       1
       0
       0
       1
       0
       1
       0
       0
       0
       0
       0
       0
       0
       3
       3
       2
       0
       2
       1
       2
       0
       0
       0
       0
       0
       0
       0
       0
       1
       2
       1
       0
       0
       0
       0
       1
       1
       0
       0
       0
       1
       0
       0
       0
       0
       1
       1
       1
       1
       2
       0
       1
       0
       0
       1
       0
       0
       3
       0
       1
       2
       1
       1
       3
       1
       1
       0
       0
       3
       0
       0
       0
       0
       0
       0
       0
       0
       1
       1
       0
       0
       0
       0
       2
       0
       0
       1
       0
       0
       0
       1
       1
       0
       1
       1
       1
       0
       0
       2
       1
       0
       1
       2
       0
       0
       1
       0
       2
       1
       0
       0
       0
       1
       1
       1
       1
       1
       1
       0
       0
       0
       0
       2
       0
       1
       0
       1
       1
       0
       1
       1
       0
       1
       0
       0
       0
       2
       0
       1
       0
       0
       1
       0
       1
       1
       1
       1
       0
       0
       1
       0
       1
       0
       0
       0
       3
       0
       0
       0
       0
       0
       0
       0
       1
       0
       0
       1
       1
       2
       0
       0
       0
       1
       0
       0
       0
       0
       1
       0
       1
       1
       1
       0
       0
       1
       0
       0
       0
       1
       0
       0
       0
       0
       1
       0
       0
       0
       1
       0
       0
       0
       0
       0
       0
       1
       1
       0
       0
       0
       0
       1
       1
       0
       1
       0
       0
       0
       0
       0
       0
       0
       0
       0
       1
       0
       0
       0
       0
       0
       0
       0
       0
       0
       0
       0
       0
       0
       0
       0
       1
       0
       0
       1
       0
       0
       0
       0
       0
       0
       0
       0
       0
       1
       0
       1
       0
       0
       0
       0
       1
       1
       0
       0
       1
       0
       0
       0
       0
       0
       1
       0
       0
       0
       2
       0
       0
       0
       0
       0
       1
       0
       0
       0
       0
       0
       0
       1
       0
       0
       0
       0
       0
       0
       0
       0
       2
       0
       0
       0
       1
       1
       3
       5
       1
       2
       1
       2
       0
       0
       0
       1
       0
       0
       0
       0
       0
       0
       0
       1
       0
       0
       0
       0
       0
       1
       1
       0
       1
       0
       0
       0
       0
       0
       1
       0
       0
       0
       0
       0
       1
       0
       1
       0
       0
       0
       0
       0
       1
       0
       0
       0
       0
       0
       0
       1
       0
       0
       0
       0
       0
       0
       0
       1
       0
       0
       1
       1
       0
       0
       0
       1
       0
       0
       0
       0
       0
       0
       0
       0
       0
       0
       0
       0
       0
       0
       1
       0
       0
       0
       0
       1
       0
       0
       0
       1
       0
       0
       0
       0
       0
       0
       0
       0
       0
       0
       0
       0
       0
       0
       0
       4
       3
       0
       2
       3
       1
       0
       2
       0
       1
       0
       0
       0
       0
       0
       0
       0
       0
       0
       1
       0
       0
       0
       0
       0
       0
       0
       0
       0
       0
       0
       0
       0
       1
       0
       0
       0
       0
       0
       0
       0
       0
       0
       2
       0
       0
       0
       0
       0
       0
       1
       0
       1
       0
       0
       0
       0
       1
       0
       0
       0
       0
       0
       0
       0
       0
       0
       0
       1
       0
       0
       0
       1
       0
       0
       1
       0
       0
       0
       1
       0
       0
       0
       0
       0
       0
       0
       0
       0
       0
       0
       0
       0
       0
       0
       0
       1
       1
       0
       0
       0
       0
       0
       0
       1
       0
       0
       0
       0
       1
       0
       0
       0
       0
       0
       0
       0
       0
       0
       0
       1
       0
       0
       0
       0
       0
       1
       0
       0
       0
       0
       0
       0
       1
       0
       1
       0
       1
       0
       0
       0
       0
       1
       0
       0
       0
       0
       1
       0
       0
       0
       0
       1
       0
       0
       1
       0
       0
       0
       0
       0
       0
       0
       0
       1
       0
       0
       0
       0
       0
       0
       0
       0
       0
       1
       0
       0
       0
       0
       0
       0
       0
       0
       0
       0
       1
       0
       0
       0
       0
       0
       0
       1
       2
       0
       0
       0
       0
       0
       1
       1
       0
       0
       0
       0
       1
       0
       0
       0
       0
       1
       0
       0
       0
       0
       0
       0
       1
       0
       0
       0
       0
       0
       0
       0
       0
       0
       0
       0
       0
       0
       0
       0
       0
       0
       0
       0
       1
       0
       0
       0
       2
       0
       0
       0
       0
       0
       0
       0
       0
       0
       0
       0
       0
       1
       0
       1
       0
       0
       0
       0
       0
       0
       0
       0
       0
       0
       0
       0
       0
       0
       0
       0
       0
       0
       0
       0
       1
       0
       0
       0
       0
       1
       0
       0
       0
       0
       0
       0
       0
       0
       1
       0
       0
       0
       0
       0
       0
       0
       0
       0
       0
       0
       1
       0
       0
       0
       1
       0
       0
       1
       0
       0
       1
       0
       1
       0
       0
       0
       0
       0
       0
       0
       0
       0
       0
       0
       0
       0
       0
       0
       0
       1
       0
       0
       0
       0
       0
       0
       0
       0
       0
       0
       0
       0
       0
       0
       0
       0
       1
       0
       0
       0
       0
       0
       0
       0
       0
       0
       0
       0
       0
       0
       0
       0
       0
       0
       0
       0
       0
       0
       0
       0
       0
       0
       0
       0
       0
       1
       0
       0
       0
       0
       0
       0
       0
       0
       0
       0
       0
       0
       0
       0
       0
       1
       0
       0
       0
       0
       0
       0
       0
       0
       0
       1
       0
       0
       0
       0
       0
       0
       0
       0
       0
       0
       0
       0
       0
       0
       0
       0
       1
       0
       0
       0
       1
       0
       0
       0
       0
       0
       0
       1
       0
       0
       1
       0
       0
       0
       0
       0
       0
       0
       0
       1
       0
       0
       0
       0
       0
       0
       1
       0
       0
       0
       0
       0
       1
       0
       0
       0
       0
       1
       0
       0
       0
       0
       0
       0
       0
       1
       0
       0
       0
       0
       0
       0
       0
       0
       0
       0
       0
       0
       0
       0
       0
       0
       0
       0
       1
       0
       1
       0
       0
       0
       0
       0
       0
       0
       0
       0
       0
       0
       0
       0
       0
       0
       0
       0
       0
       1
       1
       0
       0
       0
       0
       0
       0
       0
       0
       0
       0
       0
       0
       0
       0
       0
       0
       0
       0
       0
       0
       0
       0
       0
       1
       0
       0
       0
       1
       0
       1
       0
       0
       0
       0
       0
       0
       0
       0
       1
       0
       0
       0
       0
       0
       0
       0
       0
       0
       0
       0
       2
       0
       0
       1
       0
       0
       0
       0
       0
       0
       0
       0
       0
       0
       0
       0
       0
       0
       0
       0
       0
       0
       0
       0
       1
       0
       0
       0
       0
       0
       0
       0
       0
       0
       0
       0
       0
       0
       0
       0
       1
       0
       0
       0
       0
       0
       0
       0
       0
       0
       0
       0
       0
       0
       0
       0
       0
       0
       0
       0
       1
       0
       0
       0
       0
       0
       0
       0
       0
       0
       0
       0
       0
       0
       0
       0
       1
       1
       0
       0
       1
       0
       0
       0
       0
       0
       1
       0
       0
       0
       1
       0
       0
       0
       0
       1
       0
       0
       0
       0
       0
       0
       0
       0
       0
       0
       0
       0
       0
       0
       0
       0
       0
       0
       0
       0
       1
       0
       0
       0
       0
       0
       0
       0
       0
       0
       0
       0
       0
       1
       0
       0
       0
       0
       3
       0
       1
       0
       0
       0
       0
       0
       0
       0
       0
       0
       0
       0
       0
       0
       0
       0
       0
       0
       0
       0
       0
       0
       0
       0
       0
       0
       0
       0
       0
       0
       0
       0
       0
       0
       0
       0
       0
       0
       0
       0
       0
       1
       0
       0
       1
       0
       0
       0
       0
       0
       0
       0
       0
       0
       0
       1
       0
       0
       0
       0
       0
       0
       0
       0
       0
       0
       0
       1
       0
       0
       0
       0
       0
       0
       0
       0
       0
       0
       0
       0
       0
       0
       0
       0
       0
       0
       0
       0
       0
       0
       0
       0
       0
       0
       0
       0
       0
       0
       0
       0
       0
       0
       0
       0
       0
       0
       0
       0
       0
       1
       0
       0
       0
       0
       0
       0
       1
       0
       1
       0
       0
       0
       0
       0
       0
       0
       0
       0
       0
       0
       0
       0
       0
       0
       0
       1
       0
       0
       0
       0
       0
       0
       1
       0
       0
       0
       0
       0
       0
       1
       0
       0
       0
       0
       0
       1
       0
       0
       1
       0
       0
       0
       0
       0
       1
       0
       0
       0
       0
       0
       0
       0
       0
       0
       0
       0
       0
       0
       0
       0
       0
       0
       0
       0
       0
       0
       0
       1
       0
       0
       0
       0
       0
       0
       0
       0
       0
       0
       0
       0
       0
       0
       0
       0
       0
       0
       0
       0
       0
       0
       0
       0
       0
       0
       0
       0
       0
       1
       0
       0
       0
       0
       0
       0
       0
       0
       0
       0
       0
       0
       0
       0
       0
       0
       0
       0
       0
       0
       0
       0
       0
       0
       0
       0
       1
       0
       1
       0
       0
       0
       0
       0
       0
       0
       0
       0
       0
       0
       0
       0
       0
       0
       0
       1
       0
       0
       0
       0
       0
       0
       0
       0
       0
       0
       0
       1
       0
       0
       0
       0
       0
       1
       0
       0
       1
       0
       0
       0
       0
       0
       0
       0
       0
       0
       0
       0
       0
       0
       0
       0
       0
       0
       0
       0
       0
       0
       0
       0
       0
       0
       0
       0
       0
       0
       0
       0
       1
       0
       0
       1
       0
       0
       0
       0
       0
       0
       0
       0
       0
       0
       0
       0
       1
       0
       0
       0
       0
       0
       0
       0
       0
       0
       0
       1
       0
       0
       0
       0
       1
       0
       0
       0
       0
       0
       0
       0
       0
       0
       0
       0
       0
       0
       0
       0
       0
       1
       0
       0
       0
       0
       0
       0
       0
       0
       1
       0
       1
       1
       0
       0
       0
       0
       0
       0
       0
       1
       0
       0
       0
       0
       0
       0
       1
       0
       0
       1
       0
       0
       0
       0
       0
       0
       0
       0
       0
       0
       0
       0
       0
       0
       0
       0
       0
       1
       0
       0
       0
       0
       0
       0
       0
       0
       0
       0
       0
       0
       0
       0
       0
       0
       0
       0
       0
       0
       0
       0
       0
       0
       0
       0
       0
       0
       0
       0
       0
       0
       0
       0
       0
       0
       1
       0
       0
       0
       0
       0
       0
       0
       0
       0
       0
       0
       0
       0
       0
       0
       0
       0
       0
       0
       0
       0
       0
       0
       0
       0
       0
       0
       0
       0
       1
       0
       0
       0
       0
       0
       0
       0
       0
       0
       0
       0
       0
       1
       0
       0
       0
       0
       0
       0
       0
       0
       1
       0
       1
       0
       0
       0
       0
       0
       0
       0
       0
       0
       1
       1
       0
       1
       0
       0
       0
       0
       0
       0
       0
       0
       0
       0
       0
       0
       0
       0
       0
       2
       0
       0
       0
       0
       0
       0
       0
       0
       1
       0
       0
       0
       0
       0
       0
       0
       0
       0
       0
       0
       0
       1
       0
       0
       0
       0
       0
       0
       0
       0
       0
       0
       0
       0
       0
       0
       0
       1
       0
       0
       0
       0
       0
       0
       0
       0
       0
       0
       0
       0
       0
       0
       0
       0
       0
       0
       0
       0
       0
       0
       0
       0
       0
       0
       0
       0
       0
       1
       1
       0
       0
       0
       0
       0
       0
       0
       1
       0
       0
       0
       0
       0
       1
       0
       0
       0
       0
       0
       0
       0
       0
       0
       0
       0
       0
       0
       0
       0
       0
       0
       0
       0
       0
       0
       0
       0
       0
       0
       0
       0
       0
       0
       0
       0
       0
       0
       0
       0
       0
       0
       0
       0
       0
       0
       0
       0
       0
       0
       0
       0
       0
       0
       0
       0
       0
       0
       0
       0
       0
       0
       0
       0
       0
       0
       0
       0
       0
       0
       0
       0
       0
       0
       0
       0
       0
       0
       0
       0
       0
       0
       0
       0
       0
       0
       0
       0
       0
       0
       0
       0
       0
       0
       0
       0
       0
       0
       0
       0
       0
       0
       0
       0
       0
       0
       0
       0
       0
       0
       0
       0
       0
       0
       0
       0
       0
       0
       0
       0
       0
       0
       0
       0
       0
       0
       0
       0
       0
       0
       0
       0
       0
       0
       0
       0
       0
       0
       0
       0
       0
       0
       0
       0
       0
       0
       0
       0
       0
       0
       0
       0
       0
       0
       0
       0
       0
       0
       0
       0
       0
       0
$ROI:
0
$PRESETS:
None
0
0
$ENER_FIT:
0.000000 0.000000
$MCA_CAL:
3
0.000000E+000 0.000000E+000 0.000000E+000 
$SHAPE_CAL:
3
0.000000E+000 0.000000E+000 0.000000E+000
