$SPEC_ID:
No sample description was entered.
$SPEC_REM:
DET# 1
DETDESC# SCE-SOPA-00035 MCB 133
AP# Maestro Version 7.01
$DATE_MEA:
11/20/2019 15:09:23
$MEAS_TIM:
3569 3569
$DATA:
0 4095
       0
       0
       0
       0
       0
       0
       0
       0
       0
       0
       0
       0
       0
       0
       0
       0
       0
       0
       0
       0
       0
       0
       0
       0
       0
       0
       3
      11
       1
       5
      76
      71
      82
      84
      82
      70
      77
      70
      79
      66
      89
      70
      71
      71
      69
      73
      95
      91
      72
      84
      70
      73
      63
      80
      69
      73
      70
      61
      54
      65
      74
      79
      76
      83
      86
     100
      80
      65
      65
      63
      71
      73
      73
      76
      75
      78
      70
      70
      82
      88
      71
      72
      84
      85
      84
      81
      78
      78
      82
      79
      62
      84
      81
     112
     121
      97
      75
      84
      72
      68
     102
      77
      95
      84
      85
      85
      74
      94
      91
      97
     102
      94
      96
      99
      73
      91
      97
      81
      86
      98
      83
      74
      94
     112
     100
      86
      94
     102
     108
     117
      99
      84
     102
     108
      97
      99
     109
     102
      96
      97
      96
     116
     104
      92
     101
      95
      83
     100
     103
     103
      94
     101
      93
     105
     112
     100
     101
      95
      92
      86
     114
     118
     103
      75
     106
      89
      97
      94
      72
      89
      96
      84
      99
      94
      87
      82
      88
      87
      95
     101
     104
      79
      88
      91
      99
      84
     120
      85
      89
     100
     101
      78
      83
      81
      98
      96
      75
      89
      88
      99
      68
      91
      84
      93
      78
      84
      79
      82
      80
      87
      91
     100
      87
      90
     102
     103
      99
     104
      99
      97
     106
      77
     117
     101
     110
      95
     104
     108
      92
      94
      83
      88
     103
      92
      70
      85
      90
      96
      87
      76
      80
      86
      72
      85
      81
      75
      64
      71
      68
      69
      76
      66
      69
      58
      86
      74
      59
      76
      69
      74
      66
      51
      74
      59
      59
      70
      71
      67
      48
      62
      62
      74
      59
      64
      62
      67
      61
      47
      50
      57
      66
      60
      59
      54
      48
      66
      61
      61
      53
      52
      48
      55
      50
      55
      56
      58
      46
      59
      56
      48
      55
      53
      60
      71
      54
      54
      48
      63
      46
      57
      58
      52
      60
      55
      46
      55
      41
      54
      51
      50
      43
      44
      47
      44
      48
      47
      43
      44
      35
      38
      38
      42
      47
      40
      39
      45
      34
      53
      40
      39
      42
      53
      41
      34
      40
      43
      52
      47
      43
      39
      52
      33
      34
      34
      39
      38
      44
      32
      29
      49
      35
      40
      45
      36
      41
      47
      42
      30
      40
      34
      44
      33
      38
      37
      36
      43
      35
      37
      30
      28
      32
      35
      28
      40
      44
      37
      28
      40
      34
      40
      29
      35
      23
      38
      43
      27
      32
      28
      41
      31
      44
      50
      41
      36
      30
      34
      35
      43
      30
      33
      33
      36
      32
      33
      21
      30
      31
      27
      36
      39
      32
      42
      24
      32
      32
      28
      37
      33
      41
      24
      26
      29
      42
      32
      30
      29
      35
      30
      31
      35
      23
      36
      28
      32
      36
      27
      35
      35
      26
      36
      28
      43
      31
      25
      38
      21
      27
      21
      16
      27
      27
      38
      38
      32
      30
      27
      34
      18
      23
      25
      32
      33
      25
      30
      21
      37
      31
      32
      37
      31
      27
      28
      44
      29
      25
      39
      22
      41
      33
      28
      32
      36
      28
      20
      32
      29
      29
      23
      29
      28
      28
      30
      31
      20
      27
      23
      28
      29
      19
      28
      32
      25
      39
      24
      38
      36
      42
      31
      31
      37
      28
      30
      30
      30
      29
      22
      27
      32
      37
      29
      21
      24
      20
      28
      35
      21
      32
      30
      36
      27
      21
      33
      21
      22
      20
      28
      33
      19
      22
      24
      20
      35
      23
      23
      18
      33
      22
      34
      20
      30
      33
      18
      29
      33
      19
      32
      23
      24
      29
      25
      36
      32
      25
      35
      20
      32
      24
      27
      23
      37
      31
      20
      24
      16
      34
      16
      23
      25
      36
      19
      23
      24
      24
      27
      24
      33
      21
      26
      28
      26
      23
      23
      21
      34
      30
      26
      31
      37
      28
      19
      22
      21
      24
      38
      22
      21
      18
      25
      13
      26
      39
      25
      36
      32
      25
      26
      26
      17
      25
      23
      25
      28
      24
      28
      26
      20
      26
      33
      31
      25
      21
      35
      26
      26
      36
      26
      19
      28
      23
      23
      24
      23
      25
      30
      22
      22
      24
      19
      26
      27
      27
      23
      28
      23
      29
      26
      26
      36
      20
      20
      24
      19
      29
      26
      18
      17
      22
      30
      30
      26
      28
      26
      24
      28
      29
      31
      33
      28
      28
      17
      27
      23
      16
      20
      26
      20
      21
      29
      28
      27
      26
      35
      26
      27
      23
      27
      28
      15
      23
      21
      29
      24
      31
      29
      21
      29
      26
      21
      12
      26
      29
      26
      26
      17
      25
      29
      30
      26
      25
      32
      40
      28
      24
      29
      26
      27
      20
      23
      33
      32
      19
      27
      23
      25
      24
      22
      27
      19
      21
      19
      22
      28
      38
      31
      32
      19
      39
      32
      26
      32
      31
      21
      29
      33
      25
      24
      24
      31
      34
      35
      32
      21
      26
      19
      35
      31
      30
      36
      34
      27
      27
      30
      37
      31
      24
      30
      30
      31
      30
      32
      25
      23
      31
      22
      33
      38
      29
      20
      27
      27
      27
      21
      24
      31
      17
      34
      25
      33
      30
      31
      21
      26
      31
      24
      23
      33
      32
      26
      27
      33
      27
      32
      30
      41
      30
      21
      27
      29
      30
      21
      27
      29
      29
      33
      27
      17
      32
      28
      27
      25
      31
      27
      26
      26
      36
      18
      29
      23
      33
      38
      31
      34
      32
      41
      41
      37
      24
      32
      34
      29
      36
      29
      47
      41
      32
      29
      25
      34
      34
      22
      23
      31
      39
      26
      27
      35
      16
      29
      29
      39
      35
      40
      25
      23
      38
      41
      27
      30
      39
      40
      30
      39
      18
      43
      29
      31
      31
      34
      41
      35
      36
      35
      25
      34
      32
      41
      30
      31
      39
      27
      34
      28
      39
      45
      31
      40
      43
      43
      36
      28
      34
      30
      32
      44
      34
      37
      31
      47
      44
      41
      36
      40
      43
      32
      38
      36
      36
      34
      41
      49
      31
      44
      37
      42
      34
      39
      42
      38
      33
      37
      46
      30
      31
      40
      43
      34
      41
      34
      33
      43
      37
      32
      46
      47
      38
      32
      42
      33
      30
      33
      34
      32
      19
      35
      36
      35
      25
      25
      29
      32
      20
      25
      32
      27
      35
      27
      29
      37
      25
      22
      25
      34
      31
      22
      33
      32
      26
      21
      32
      18
      33
      26
      26
      33
      26
      36
      34
      36
      32
      30
      24
      25
      32
      46
      32
      28
      26
      27
      26
      30
      28
      22
      32
      27
      29
      33
      20
      28
      35
      21
      29
      22
      28
      25
      27
      31
      28
      36
      24
      21
      24
      25
      23
      32
      28
      34
      21
      25
      25
      26
      38
      31
      27
      33
      27
      25
      15
      35
      29
      32
      31
      19
      22
      16
      24
      37
      25
      26
      30
      24
      31
      25
      23
      25
      29
      28
      22
      20
      20
      24
      21
      20
      18
      20
      27
      23
      21
      30
      28
      28
      22
      29
      22
      29
      22
      20
      27
      30
      23
      30
      32
      27
      24
      25
      20
      22
      25
      27
      25
      31
      35
      28
      20
      20
      28
      26
      28
      22
      18
      28
      27
      36
      27
      23
      12
      19
      21
      21
      25
      20
      19
      16
      17
      16
      15
      20
      13
      26
      23
      17
      19
      20
      21
      22
       9
      18
      14
      20
      14
      16
      21
      13
      20
      13
      21
      14
      13
      13
      10
      15
      12
      19
      14
      11
      14
      17
      14
      12
      17
      13
      13
      15
      19
       8
      17
      36
      85
     233
     475
     691
     508
     253
      79
      15
       8
      13
       9
       7
      11
      11
      14
       8
      10
      11
       5
      10
      15
      11
      10
       9
      11
      11
      11
      14
      12
      10
      14
      11
       5
       7
      11
      10
      10
       5
       7
       6
      10
       6
       8
       7
       7
       4
       7
       7
       2
       5
       5
       5
       6
       9
       8
       8
       4
       6
       3
       2
       7
       4
       2
       7
       6
      10
       3
       9
       3
       4
       4
       2
       5
       3
       3
       4
       3
       1
       8
       4
       1
       2
       4
       2
       6
       6
       0
       7
       5
       6
       2
       6
       4
       2
       6
       4
       3
       4
       3
       4
       3
       8
       5
       3
       6
       2
       6
       6
       8
       8
       5
       3
       3
       7
       4
       1
       6
       4
       7
       2
       5
       2
       2
       6
       3
       3
       1
       4
       3
       5
       1
       7
       4
       3
       3
       3
       2
       3
       2
       4
       4
       2
       3
       4
       4
       2
       4
       3
       1
       4
       0
       3
       5
       3
       3
       2
       1
       6
       8
      15
      79
     211
     432
     535
     417
     217
      79
      15
       3
       1
       1
       3
       4
       1
       2
       2
       1
       2
       1
       2
       2
       2
       0
       2
       2
       0
       1
       1
       0
       1
       1
       1
       1
       3
       2
       0
       0
       1
       2
       1
       0
       2
       0
       0
       1
       2
       0
       1
       2
       1
       4
       0
       0
       2
       3
       1
       2
       1
       1
       2
       0
       3
       2
       0
       0
       3
       2
       1
       1
       1
       2
       1
       1
       0
       3
       1
       0
       1
       1
       2
       1
       0
       0
       2
       0
       1
       0
       1
       3
       1
       2
       1
       1
       2
       0
       1
       1
       1
       3
       0
       2
       2
       1
       0
       0
       0
       1
       1
       0
       1
       3
       1
       1
       4
       1
       2
       0
       1
       1
       1
       1
       1
       3
       1
       0
       1
       0
       2
       0
       3
       5
       6
       6
       7
       2
       1
       0
       2
       0
       1
       0
       1
       0
       1
       0
       0
       0
       0
       1
       0
       1
       1
       1
       0
       0
       0
       2
       1
       0
       1
       1
       1
       2
       0
       0
       1
       1
       1
       0
       3
       1
       1
       1
       0
       3
       1
       1
       2
       4
       1
       2
       1
       0
       1
       2
       2
       0
       1
       1
       0
       1
       0
       1
       0
       1
       1
       1
       0
       1
       1
       0
       0
       1
       1
       0
       0
       0
       2
       0
       2
       0
       0
       2
       1
       0
       2
       1
       0
       0
       0
       2
       1
       1
       0
       2
       2
       2
       0
       1
       0
       1
       0
       0
       1
       1
       0
       1
       1
       0
       0
       1
       1
       0
       1
       0
       1
       0
       3
       0
       1
       1
       1
       2
       0
       1
       0
       0
       1
       0
       0
       0
       0
       0
       4
       1
       0
       1
       1
       2
       1
       0
       0
       1
       0
       0
       2
       1
       1
       0
       0
       1
       1
       1
       1
       0
       1
       1
       1
       0
       0
       0
       4
       2
       1
       1
       0
       0
       3
       2
       1
       0
       0
       1
       1
       1
       0
       0
       0
       0
       1
       1
       1
       1
       1
       0
       1
       2
       1
       0
       1
       1
       0
       0
       1
       1
       0
       0
       1
       2
       1
       1
       0
       1
       0
       0
       0
       0
       0
       1
       1
       0
       0
       0
       1
       1
       2
       0
       1
       0
       0
       1
       0
       0
       0
       0
       0
       0
       0
       0
       0
       2
       0
       1
       1
       2
       0
       2
       1
       0
       2
       1
       0
       0
       2
       1
       1
       3
       1
       0
       0
       0
       2
       3
       1
       0
       0
       0
       0
       0
       0
       0
       2
       0
       0
       0
       1
       1
       1
       1
       0
       0
       2
       3
       0
       1
       1
       2
       1
       0
       3
       0
       1
       1
       0
       0
       0
       0
       1
       0
       0
       0
       2
       0
       2
       1
       1
       1
       1
       1
       2
       0
       0
       2
       1
       2
       0
       0
       0
       1
       2
       1
       0
       0
       1
       1
       0
       1
       0
       0
       0
       0
       0
       1
       0
       0
       0
       1
       1
       1
       1
       0
       0
       0
       0
       0
       0
       3
       1
       0
       2
       1
       0
       1
       1
       0
       1
       1
       0
       0
       0
       0
       0
       1
       0
       0
       0
       0
       1
       0
       1
       0
       0
       0
       0
       0
       0
       0
       0
       3
       2
       1
       0
       2
       1
       0
       0
       0
       0
       4
       0
       1
       1
       0
       3
       0
       0
       0
       0
       0
       0
       0
       2
       1
       1
       0
       1
       1
       0
       1
       0
       0
       1
       0
       0
       0
       1
       1
       2
       0
       1
       1
       1
       2
       1
       0
       0
       0
       0
       1
       1
       1
       1
       0
       1
       0
       0
       1
       0
       1
       0
       0
       0
       0
       0
       0
       1
       0
       0
       0
       0
       1
       0
       1
       1
       1
       1
       0
       1
       0
       0
       1
       0
       0
       1
       2
       2
       0
       0
       0
       2
       0
       0
       0
       3
       0
       0
       0
       2
       1
       0
       0
       0
       1
       1
       0
       0
       2
       0
       0
       0
       2
       0
       1
       1
       0
       2
       0
       0
       1
       1
       0
       2
       0
       0
       1
       0
       0
       1
       0
       0
       1
       0
       0
       1
       1
       0
       0
       2
       0
       0
       0
       3
       1
       0
       1
       0
       0
       1
       0
       3
       0
       0
       0
       0
       0
       1
       0
       0
       3
       1
       2
       1
       0
       0
       0
       1
       1
       1
       0
       1
       0
       0
       0
       0
       0
       0
       1
       0
       1
       1
       0
       1
       0
       0
       0
       0
       1
       0
       1
       0
       0
       0
       1
       1
       0
       1
       0
       0
       0
       0
       1
       0
       0
       0
       0
       0
       0
       0
       0
       2
       0
       0
       0
       0
       0
       0
       1
       1
       1
       0
       0
       0
       0
       0
       1
       0
       1
       0
       1
       0
       1
       0
       0
       0
       0
       1
       1
       1
       0
       1
       1
       1
       1
       0
       2
       0
       1
       0
       0
       0
       0
       0
       1
       0
       0
       0
       0
       0
       2
       0
       2
       2
       0
       1
       3
       1
       0
       0
       2
       1
       1
       1
       1
       0
       0
       0
       0
       1
       0
       0
       0
       0
       0
       0
       3
       0
       0
       0
       0
       0
       1
       0
       0
       1
       0
       0
       0
       0
       0
       1
       0
       0
       1
       1
       0
       1
       2
       0
       0
       0
       1
       2
       0
       2
       1
       0
       0
       1
       1
       0
       0
       0
       2
       1
       1
       0
       1
       1
       0
       0
       0
       0
       0
       3
       0
       0
       1
       1
       0
       1
       1
       0
       0
       0
       0
       1
       1
       0
       1
       0
       1
       0
       0
       0
       0
       0
       0
       0
       0
       0
       0
       0
       1
       1
       0
       0
       1
       0
       0
       0
       0
       0
       1
       0
       2
       1
       1
       0
       0
       1
       1
       0
       0
       0
       1
       1
       0
       2
       0
       1
       0
       1
       0
       1
       0
       0
       0
       0
       1
       0
       1
       0
       0
       1
       0
       0
       0
       0
       0
       1
       1
       0
       0
       2
       1
       2
       0
       0
       0
       0
       0
       0
       0
       0
       0
       0
       0
       0
       0
       2
       0
       0
       1
       0
       0
       0
       0
       0
       1
       0
       0
       0
       0
       1
       0
       0
       0
       0
       0
       1
       0
       0
       0
       1
       1
       1
       0
       0
       0
       0
       1
       2
       1
       1
       0
       0
       0
       0
       0
       0
       0
       0
       0
       0
       0
       1
       0
       1
       1
       0
       1
       2
       1
       0
       0
       1
       0
       0
       0
       2
       1
       0
       1
       0
       0
       0
       0
       0
       0
       0
       1
       1
       0
       0
       0
       1
       2
       0
       0
       0
       0
       0
       0
       0
       0
       0
       2
       0
       0
       1
       0
       0
       0
       0
       0
       0
       0
       0
       1
       0
       1
       1
       0
       0
       0
       0
       1
       0
       0
       0
       0
       0
       0
       0
       0
       0
       1
       0
       0
       0
       0
       1
       0
       0
       1
       0
       0
       0
       0
       3
       0
       0
       0
       0
       0
       0
       0
       0
       0
       0
       0
       1
       0
       0
       0
       0
       1
       0
       0
       0
       0
       0
       0
       0
       0
       0
       0
       0
       0
       0
       0
       0
       0
       1
       0
       0
       0
       0
       0
       0
       0
       0
       0
       0
       0
       0
       1
       0
       0
       0
       0
       0
       0
       0
       0
       0
       0
       0
       0
       0
       1
       1
       1
       0
       0
       0
       0
       0
       1
       1
       0
       0
       0
       0
       0
       0
       0
       0
       0
       0
       0
       0
       1
       0
       0
       0
       0
       0
       0
       1
       0
       0
       0
       0
       1
       0
       0
       1
       0
       0
       0
       0
       0
       0
       0
       0
       0
       0
       0
       0
       0
       0
       1
       0
       0
       0
       0
       0
       0
       0
       0
       1
       0
       0
       0
       1
       0
       0
       0
       0
       1
       0
       0
       0
       0
       0
       0
       0
       0
       1
       0
       0
       0
       0
       0
       0
       0
       0
       0
       1
       0
       0
       0
       1
       0
       0
       0
       0
       0
       0
       0
       0
       0
       0
       0
       0
       0
       0
       0
       0
       0
       0
       0
       2
       0
       0
       0
       0
       0
       0
       0
       0
       0
       0
       1
       0
       0
       0
       0
       0
       0
       0
       0
       0
       0
       0
       0
       0
       0
       0
       0
       0
       0
       1
       0
       0
       0
       0
       1
       0
       0
       0
       1
       0
       0
       0
       0
       0
       1
       0
       0
       0
       0
       0
       0
       1
       2
       0
       0
       0
       4
       1
       1
       2
       0
       0
       1
       0
       0
       0
       0
       0
       1
       0
       1
       1
       1
       0
       0
       0
       0
       0
       1
       0
       0
       0
       0
       0
       0
       0
       0
       2
       1
       0
       0
       0
       0
       0
       0
       0
       0
       0
       0
       0
       0
       2
       1
       0
       0
       0
       1
       0
       1
       0
       0
       0
       1
       0
       0
       0
       0
       1
       0
       0
       0
       0
       0
       0
       0
       0
       0
       0
       0
       0
       0
       1
       0
       1
       0
       0
       0
       0
       0
       0
       0
       0
       0
       0
       0
       0
       0
       0
       0
       0
       0
       0
       0
       0
       1
       0
       0
       0
       0
       1
       0
       0
       0
       0
       1
       0
       0
       0
       1
       1
       0
       0
       0
       0
       0
       0
       0
       0
       0
       1
       0
       0
       1
       0
       0
       0
       0
       0
       0
       0
       0
       0
       0
       1
       0
       0
       0
       0
       0
       0
       0
       0
       0
       0
       0
       0
       0
       0
       0
       0
       0
       0
       0
       0
       0
       0
       0
       1
       0
       0
       0
       1
       0
       0
       0
       0
       0
       0
       0
       0
       0
       0
       0
       0
       0
       0
       0
       1
       0
       0
       0
       0
       1
       1
       0
       0
       0
       0
       0
       0
       0
       0
       0
       0
       0
       0
       0
       0
       0
       0
       1
       0
       0
       0
       0
       0
       0
       1
       0
       1
       1
       2
       0
       0
       0
       0
       0
       0
       0
       0
       2
       0
       0
       0
       0
       1
       2
       0
       0
       0
       0
       0
       0
       0
       1
       0
       2
       1
       0
       0
       1
       1
       0
       1
       0
       0
       0
       0
       0
       0
       0
       0
       0
       0
       1
       0
       0
       1
       1
       0
       0
       1
       0
       0
       0
       0
       0
       0
       0
       0
       0
       0
       0
       1
       0
       0
       0
       0
       0
       0
       0
       0
       0
       0
       0
       0
       0
       0
       0
       0
       0
       0
       0
       0
       0
       0
       0
       0
       0
       0
       0
       0
       1
       0
       0
       0
       0
       0
       0
       0
       0
       0
       0
       0
       0
       1
       0
       0
       0
       0
       0
       0
       0
       0
       0
       0
       0
       0
       0
       0
       0
       0
       0
       0
       0
       0
       0
       0
       0
       0
       0
       0
       0
       0
       0
       0
       0
       0
       0
       0
       1
       0
       0
       0
       0
       0
       0
       0
       0
       0
       0
       2
       0
       0
       0
       0
       0
       0
       0
       0
       0
       0
       0
       0
       0
       0
       0
       0
       0
       0
       0
       0
       0
       0
       1
       0
       0
       1
       0
       0
       0
       0
       0
       0
       0
       0
       0
       0
       0
       0
       0
       0
       0
       0
       0
       0
       1
       0
       0
       1
       0
       0
       0
       0
       0
       0
       0
       1
       0
       0
       0
       0
       0
       0
       0
       1
       0
       1
       0
       0
       0
       0
       1
       0
       0
       0
       0
       0
       0
       0
       0
       0
       0
       0
       0
       0
       0
       0
       0
       0
       0
       1
       0
       0
       0
       0
       0
       0
       0
       0
       0
       0
       0
       0
       0
       0
       0
       0
       1
       0
       1
       0
       0
       0
       0
       0
       0
       0
       0
       0
       0
       1
       0
       0
       0
       1
       0
       0
       0
       0
       0
       0
       0
       0
       0
       0
       0
       2
       0
       0
       0
       0
       1
       0
       0
       0
       0
       0
       1
       0
       0
       0
       0
       0
       0
       0
       0
       1
       2
       0
       0
       0
       0
       0
       1
       0
       0
       0
       0
       0
       0
       0
       0
       0
       1
       0
       0
       0
       0
       0
       0
       0
       0
       0
       0
       0
       0
       0
       0
       0
       0
       0
       0
       0
       0
       0
       1
       0
       0
       0
       0
       0
       0
       0
       0
       0
       0
       0
       0
       0
       0
       0
       0
       0
       1
       0
       0
       1
       0
       0
       0
       0
       0
       0
       0
       0
       0
       0
       0
       1
       0
       0
       0
       0
       0
       0
       0
       0
       0
       0
       0
       0
       0
       0
       1
       0
       0
       0
       0
       0
       0
       0
       0
       0
       0
       0
       0
       0
       0
       0
       0
       0
       0
       0
       0
       0
       0
       0
       0
       0
       0
       0
       0
       0
       0
       0
       0
       0
       0
       0
       0
       0
       0
       1
       0
       0
       1
       0
       0
       0
       0
       0
       0
       0
       0
       0
       0
       0
       0
       0
       0
       1
       0
       0
       0
       1
       0
       0
       0
       1
       0
       0
       0
       0
       0
       0
       0
       0
       0
       0
       0
       0
       0
       0
       0
       1
       0
       0
       0
       2
       0
       0
       0
       0
       0
       1
       0
       0
       0
       0
       0
       0
       0
       0
       0
       1
       0
       0
       0
       1
       0
       0
       0
       0
       0
       0
       0
       0
       1
       0
       0
       0
       0
       0
       1
       0
       0
       0
       0
       0
       1
       0
       2
       1
       0
       0
       0
       0
       1
       0
       0
       0
       0
       0
       0
       0
       0
       0
       0
       0
       0
       0
       0
       1
       0
       0
       0
       0
       0
       0
       0
       0
       1
       0
       1
       0
       0
       0
       0
       0
       0
       0
       0
       0
       0
       1
       0
       0
       0
       0
       1
       0
       0
       0
       0
       1
       0
       0
       1
       0
       0
       0
       0
       0
       0
       0
       0
       0
       0
       0
       0
       0
       0
       0
       0
       0
       0
       0
       0
       0
       0
       0
       0
       0
       0
       0
       0
       0
       0
       0
       0
       1
       0
       0
       0
       0
       0
       0
       0
       0
       0
       0
       0
       0
       0
       0
       0
       0
       0
       0
       0
       0
       0
       0
       0
       1
       0
       0
       0
       0
       0
       0
       0
       1
       0
       0
       1
       0
       0
       0
       0
       0
       0
       0
       0
       0
       0
       1
       0
       0
       0
       0
       0
       0
       0
       0
       0
       0
       0
       0
       0
       0
       0
       0
       0
       0
       0
       0
       0
       0
       0
       0
       0
       0
       0
       0
       0
       1
       0
       0
       0
       0
       0
       0
       0
       0
       0
       0
       0
       0
       0
       1
       0
       0
       1
       0
       0
       0
       0
       0
       0
       0
       0
       0
       0
       0
       0
       0
       0
       0
       0
       0
       0
       0
       0
       0
       0
       0
       0
       0
       0
       0
       0
       0
       0
       0
       0
       0
       0
       0
       0
       0
       0
       0
       0
       0
       0
       0
       1
       0
       1
       0
       0
       0
       0
       1
       0
       0
       0
       0
       0
       0
       0
       0
       0
       0
       0
       1
       0
       1
       0
       1
       0
       0
       0
       0
       0
       0
       0
       0
       0
       0
       0
       0
       0
       0
       0
       1
       0
       0
       0
       0
       0
       0
       0
       0
       0
       1
       0
       1
       0
       0
       0
       0
       1
       0
       0
       0
       0
       0
       0
       0
       0
       0
       0
       0
       0
       0
       0
       0
       0
       1
       0
       0
       1
       0
       0
       0
       0
       0
       0
       0
       0
       0
       0
       0
       0
       0
       0
       0
       0
       0
       1
       0
       0
       1
       0
       0
       0
       0
       0
       0
       0
       0
       0
       0
       0
       0
       0
       0
       0
       0
       0
       0
       0
       0
       0
       0
       0
       0
       0
       0
       0
       0
       0
       0
       0
       0
       0
       0
       0
       0
       0
       0
       1
       0
       0
       0
       0
       0
       0
       0
       0
       0
       0
       0
       1
       0
       0
       0
       0
       0
       0
       0
       0
       0
       0
       0
       0
       0
       0
       0
       0
       0
       0
       0
       0
       0
       0
       0
       0
       0
       0
       0
       0
       0
       0
       0
       0
       0
       0
       0
       0
       0
       0
       0
       0
       1
       0
       0
       0
       0
       0
       0
       0
       0
       0
       0
       0
       0
       0
       0
       0
       0
       0
       0
       0
       0
       0
       0
       0
       0
       0
       0
       0
       0
       0
       1
       1
       0
       0
       0
       0
       0
       0
       0
       0
       0
       1
       0
       0
       0
       0
       0
       0
       0
       1
       0
       0
       0
       0
       0
       0
       0
       0
       0
       0
       0
       0
       0
       0
       1
       0
       0
       1
       0
       0
       0
       0
       0
       0
       0
       0
       0
       0
       0
       0
       0
       1
       0
       0
       0
       0
       0
       0
       0
       1
       0
       0
       0
       0
       1
       0
       0
       0
       0
       0
       0
       0
       0
       0
       0
       1
       0
       0
       0
       0
       0
       0
       0
       0
       0
       0
       0
       0
       0
       0
       0
       0
       0
       0
       0
       1
       0
       0
       1
       0
       0
       0
       0
       0
       0
       0
       0
       0
       0
       0
       0
       0
       0
       1
       0
       0
       0
       0
       0
       1
       0
       0
       0
       0
       0
       0
       0
       1
       0
       0
       0
       0
       0
       0
       0
       0
       0
       0
       0
       0
       0
       0
       0
       0
       0
       0
       0
       0
       0
       0
       0
       0
       0
       0
       0
       0
       0
       0
       0
       0
       0
       0
       0
       0
       0
       0
       0
       0
       0
       0
       0
       0
       0
       0
       0
       0
       0
       0
       0
       0
       0
       0
       0
       0
       0
       0
       0
       0
       0
       0
       0
       0
       0
       0
       0
       0
       0
       0
       0
       0
       0
       0
       0
       0
       0
       0
       0
       0
       0
       0
       0
       0
       0
       0
       0
       0
       0
       0
       0
       0
       0
       0
       0
       0
       0
       0
       0
       0
       0
       0
       0
       0
       0
       0
       0
       0
       0
       0
       0
       0
       0
       0
       0
       0
       0
       0
       0
       0
       0
       0
       0
       0
       0
       0
       0
       0
       0
       0
       0
       0
       0
       0
       0
       0
       0
       0
       0
       0
       0
       0
       0
       0
       0
       0
       0
       0
       0
       0
       0
       0
       0
       0
       0
       0
       0
       0
       0
       0
       0
$ROI:
0
$PRESETS:
None
0
0
$ENER_FIT:
0.000000 0.000000
$MCA_CAL:
3
0.000000E+000 0.000000E+000 0.000000E+000 
$SHAPE_CAL:
3
0.000000E+000 0.000000E+000 0.000000E+000
