$SPEC_ID:
No sample description was entered.
$SPEC_REM:
DET# 1
DETDESC# SCE-SOPA-00035 MCB 133
AP# Maestro Version 7.01
$DATE_MEA:
11/04/2019 15:17:35
$MEAS_TIM:
3682 3683
$DATA:
0 4095
       0
       0
       0
       0
       0
       0
       0
       0
       0
       0
       0
       0
       0
       0
       0
       0
       0
       0
       0
       0
       0
       0
       0
       0
       0
       0
       1
       5
       3
      11
      84
      79
      75
      85
      83
      82
      90
      92
      81
      77
      93
      94
      77
      82
      81
      96
      90
      83
     105
     102
      91
      85
      90
      93
      90
     103
      86
      94
      76
      71
      74
      66
      62
     104
     102
      91
      85
      88
      94
      75
     105
      96
      84
      84
      89
      84
     109
      87
      96
      79
      98
      87
      87
      97
      96
     116
      88
      93
      75
     106
      96
     106
     117
     143
     117
     104
     105
     105
      91
     100
     110
      84
     101
     114
      84
      92
      99
      99
     116
     112
     108
     100
     106
     135
     123
     104
     126
     100
     121
     102
     111
     109
     117
      86
     119
     112
     123
     135
     111
     128
     119
     127
     130
     131
     122
      99
     132
     120
     122
     114
     117
     115
      95
     145
     120
     126
     119
     106
     127
     112
     116
     111
     110
      96
     110
     109
     110
     123
      94
     114
     111
     118
     116
     118
     115
     101
     131
     117
     110
     131
     115
     118
     104
     128
     105
     108
     113
     113
     123
     110
     125
     129
     124
     107
     101
     110
     117
     113
     104
     115
     112
     112
     103
     105
     118
     109
      95
     113
     113
     103
     116
     117
     107
     100
      95
     106
      93
     137
     105
     114
     121
     113
     139
     134
     135
     118
     134
     134
     123
     129
     123
     152
     135
     130
     117
     119
     114
     134
     123
     136
     120
     107
     103
     105
     122
     109
     103
     102
     113
     112
     108
     105
     103
      94
     101
      85
      98
     112
      89
      88
      80
      85
      84
      68
      90
      90
      81
      87
      88
      84
      78
      88
      78
      86
      95
      78
      79
      71
      78
      60
      79
      77
      71
      84
      75
      78
      71
      86
      80
      88
      69
      92
      59
      67
      66
      66
      84
      52
      68
      70
      58
      59
      66
      78
      59
      66
      77
      63
      70
      70
      59
      68
      58
      82
      63
      61
      56
      71
      68
      45
      74
      68
      51
      55
      57
      68
      60
      69
      54
      43
      64
      53
      51
      38
      47
      68
      66
      47
      57
      71
      55
      56
      73
      53
      50
      45
      61
      61
      55
      68
      56
      59
      52
      44
      51
      61
      55
      40
      50
      55
      48
      55
      54
      48
      43
      46
      52
      62
      42
      51
      48
      58
      53
      40
      54
      53
      46
      49
      38
      42
      38
      49
      39
      45
      59
      49
      57
      57
      60
      46
      39
      45
      53
      44
      44
      47
      39
      51
      38
      45
      46
      43
      51
      65
      46
      59
      53
      46
      41
      35
      53
      55
      48
      36
      47
      41
      40
      46
      45
      33
      50
      50
      44
      52
      50
      37
      51
      31
      39
      42
      39
      43
      37
      35
      33
      41
      43
      48
      41
      50
      37
      39
      43
      40
      31
      44
      41
      44
      50
      42
      44
      33
      44
      36
      43
      45
      28
      36
      26
      39
      47
      37
      34
      33
      40
      42
      32
      27
      51
      50
      45
      39
      44
      38
      45
      47
      31
      40
      36
      35
      43
      37
      35
      42
      41
      39
      38
      42
      35
      46
      44
      43
      41
      45
      35
      46
      48
      56
      44
      36
      38
      41
      38
      35
      37
      40
      37
      37
      34
      47
      23
      39
      38
      29
      42
      30
      34
      37
      33
      40
      41
      41
      52
      49
      60
      55
      45
      29
      37
      40
      43
      37
      40
      35
      32
      40
      38
      30
      32
      35
      36
      52
      35
      35
      42
      44
      46
      32
      28
      42
      29
      33
      33
      45
      38
      37
      45
      34
      34
      36
      46
      45
      41
      24
      29
      42
      38
      40
      35
      33
      39
      50
      32
      39
      25
      38
      47
      40
      54
      34
      33
      36
      39
      37
      31
      36
      38
      46
      39
      49
      32
      31
      41
      28
      33
      28
      35
      26
      35
      38
      33
      39
      34
      31
      36
      32
      29
      28
      34
      37
      31
      37
      38
      41
      51
      36
      54
      29
      22
      40
      41
      51
      39
      35
      26
      34
      37
      36
      31
      33
      45
      34
      32
      31
      33
      28
      37
      35
      32
      31
      32
      35
      46
      32
      29
      38
      32
      32
      36
      32
      38
      37
      31
      26
      38
      34
      35
      35
      34
      46
      33
      37
      34
      42
      39
      31
      38
      35
      27
      39
      39
      32
      30
      38
      36
      35
      33
      34
      38
      34
      30
      33
      39
      46
      33
      43
      33
      25
      39
      33
      31
      39
      38
      31
      42
      37
      44
      29
      33
      25
      41
      35
      39
      38
      38
      33
      27
      45
      36
      39
      46
      38
      38
      35
      34
      30
      37
      35
      35
      31
      37
      34
      40
      37
      30
      32
      32
      50
      35
      34
      38
      43
      39
      41
      36
      29
      44
      26
      40
      37
      25
      27
      27
      41
      28
      27
      26
      35
      35
      40
      44
      35
      43
      29
      28
      34
      37
      35
      28
      29
      32
      44
      34
      29
      46
      33
      35
      30
      33
      29
      41
      53
      36
      38
      36
      29
      32
      33
      31
      50
      32
      38
      32
      32
      36
      47
      36
      32
      43
      35
      33
      35
      31
      34
      35
      38
      30
      34
      37
      47
      33
      38
      40
      33
      41
      40
      36
      47
      39
      41
      33
      33
      42
      42
      34
      44
      43
      54
      41
      48
      41
      38
      35
      39
      41
      32
      36
      54
      35
      48
      38
      32
      34
      45
      50
      52
      45
      40
      38
      43
      40
      36
      43
      34
      29
      35
      38
      33
      30
      44
      42
      47
      40
      35
      51
      40
      37
      49
      37
      44
      51
      40
      37
      41
      43
      36
      45
      47
      40
      31
      43
      54
      36
      34
      51
      50
      43
      41
      49
      45
      47
      43
      36
      36
      42
      47
      46
      45
      39
      40
      36
      29
      38
      37
      48
      43
      37
      33
      51
      47
      42
      39
      39
      46
      46
      52
      40
      47
      44
      59
      56
      52
      47
      40
      37
      44
      45
      54
      61
      38
      44
      45
      53
      45
      50
      61
      55
      42
      46
      52
      52
      58
      49
      40
      48
      42
      49
      58
      58
      40
      55
      52
      57
      49
      57
      51
      42
      45
      55
      45
      56
      44
      50
      47
      50
      44
      49
      44
      43
      49
      57
      50
      54
      47
      54
      60
      45
      46
      59
      58
      55
      55
      63
      38
      57
      47
      64
      38
      38
      43
      41
      39
      42
      45
      61
      53
      40
      52
      34
      46
      35
      36
      36
      48
      42
      56
      35
      36
      38
      36
      31
      54
      49
      35
      45
      35
      37
      30
      37
      45
      39
      41
      35
      41
      35
      41
      35
      39
      35
      29
      34
      37
      30
      27
      35
      42
      35
      40
      28
      41
      35
      35
      34
      43
      45
      38
      33
      43
      44
      33
      35
      38
      27
      39
      37
      29
      38
      33
      40
      40
      42
      32
      23
      37
      29
      27
      34
      48
      27
      34
      33
      34
      35
      37
      37
      33
      41
      25
      33
      40
      30
      37
      37
      32
      28
      25
      29
      30
      37
      34
      31
      32
      44
      38
      43
      41
      36
      39
      37
      36
      32
      39
      31
      33
      42
      35
      36
      45
      31
      36
      31
      37
      30
      43
      35
      41
      32
      31
      29
      34
      28
      28
      47
      41
      36
      44
      31
      29
      34
      41
      34
      36
      42
      45
      45
      41
      25
      36
      37
      33
      31
      29
      36
      44
      25
      24
      25
      22
      25
      27
      23
      27
      21
      22
      33
      18
      22
      19
      27
      18
      25
      23
      29
      17
      11
      20
      19
      25
      19
      18
      19
      17
      24
      22
      18
      24
      27
      29
      16
      26
      20
      22
      22
      24
      15
      24
      21
      17
      20
      25
      22
      20
      24
      30
      93
     308
     662
     962
     841
     440
     128
      25
      22
      17
      13
      11
      14
      10
      14
      19
       9
       8
      19
      17
      22
      14
      14
      17
      12
      13
      13
      17
      10
      10
      14
      17
      14
       9
      10
       9
      10
       7
      15
      10
       7
       9
       9
       7
      14
       9
       6
       4
      11
       7
      10
       7
       9
       8
      13
       4
       5
       5
       3
       3
       8
       9
      10
       6
       7
       8
       8
       4
       7
       7
       4
       7
       2
       5
       8
       4
       5
       7
       9
       5
       9
       8
       3
       6
       3
       9
       6
       8
       7
       5
       5
       5
       5
       3
       7
       2
       4
       2
       4
       3
       4
       3
       5
       6
      10
       6
       3
       2
       4
       3
       4
       4
       3
       4
       5
       9
       2
       4
       5
       7
       5
       4
       4
       6
       7
       5
       4
       6
       3
       8
       3
       7
       4
      10
       4
       5
       5
       3
       2
       6
       3
       5
       5
       2
       7
       5
       5
       6
       3
       5
       6
       5
       9
       4
       9
       7
       6
       6
      13
      38
     127
     333
     623
     799
     614
     310
      86
      17
       5
       3
       3
       0
       2
       4
       2
       1
       1
       0
       2
       3
       0
       3
       1
       0
       2
       1
       0
       4
       1
       4
       1
       2
       1
       2
       1
       3
       0
       0
       0
       0
       0
       2
       1
       0
       2
       3
       2
       0
       6
       2
       0
       4
       1
       1
       0
       3
       0
       2
       3
       3
       2
       1
       1
       3
       4
       0
       0
       2
       3
       1
       0
       0
       1
       4
       1
       1
       2
       2
       2
       3
       1
       2
       1
       1
       0
       3
       4
       4
       1
       0
       0
       4
       1
       0
       2
       1
       4
       0
       1
       3
       4
       2
       1
       1
       0
       3
       1
       0
       1
       2
       0
       1
       0
       3
       2
       0
       2
       1
       1
       2
       2
       0
       0
       0
       1
       3
       1
       1
       3
       0
       3
      13
      10
       4
       1
       0
       2
       1
       3
       1
       2
       1
       3
       1
       1
       0
       0
       1
       3
       0
       0
       1
       1
       0
       1
       1
       0
       0
       2
       1
       0
       2
       0
       2
       0
       2
       3
       0
       2
       1
       0
       0
       2
       0
       2
       2
       0
       0
       2
       2
       1
       4
       1
       2
       2
       0
       1
       0
       2
       0
       2
       0
       0
       1
       0
       2
       2
       2
       2
       0
       2
       0
       0
       2
       0
       2
       1
       1
       3
       2
       1
       1
       1
       1
       1
       1
       1
       0
       3
       3
       0
       0
       1
       0
       0
       0
       1
       2
       0
       1
       2
       2
       1
       2
       1
       0
       1
       2
       2
       0
       1
       1
       1
       2
       0
       0
       0
       0
       1
       0
       2
       2
       0
       1
       2
       0
       0
       1
       3
       0
       1
       1
       1
       1
       0
       2
       1
       0
       3
       1
       2
       0
       0
       1
       1
       2
       1
       0
       0
       1
       0
       0
       3
       0
       3
       2
       0
       2
       2
       0
       0
       1
       1
       0
       2
       1
       2
       1
       1
       2
       0
       2
       2
       1
       5
       3
       0
       1
       0
       2
       0
       0
       1
       0
       0
       2
       0
       1
       1
       1
       1
       0
       1
       2
       2
       0
       0
       1
       1
       0
       0
       2
       0
       0
       0
       1
       1
       0
       1
       3
       1
       0
       0
       1
       0
       0
       0
       1
       1
       0
       1
       2
       0
       2
       1
       2
       0
       1
       1
       0
       0
       0
       2
       0
       1
       1
       1
       0
       1
       0
       1
       0
       1
       2
       2
       1
       1
       2
       0
       0
       2
       1
       1
       1
       0
       0
       1
       1
       1
       0
       0
       0
       0
       0
       2
       0
       1
       0
       0
       1
       0
       3
       1
       1
       0
       0
       0
       0
       3
       0
       1
       1
       0
       0
       0
       1
       1
       0
       0
       1
       0
       0
       0
       0
       3
       0
       0
       0
       1
       1
       0
       0
       0
       1
       1
       0
       2
       0
       1
       0
       1
       0
       0
       0
       0
       2
       1
       0
       2
       1
       0
       2
       1
       0
       2
       0
       0
       1
       0
       1
       2
       3
       1
       0
       1
       1
       0
       0
       0
       2
       0
       0
       0
       0
       0
       1
       3
       1
       0
       2
       2
       0
       0
       0
       1
       0
       1
       2
       1
       2
       0
       1
       1
       1
       1
       1
       0
       0
       0
       1
       0
       1
       0
       0
       1
       0
       2
       1
       0
       1
       1
       0
       1
       2
       0
       3
       0
       0
       2
       0
       1
       2
       1
       0
       0
       0
       1
       0
       0
       0
       0
       0
       1
       2
       0
       1
       0
       0
       1
       0
       0
       2
       1
       2
       0
       0
       0
       1
       3
       1
       0
       2
       0
       0
       1
       1
       0
       1
       0
       0
       1
       0
       1
       1
       0
       0
       2
       1
       0
       1
       1
       0
       0
       2
       1
       0
       0
       0
       0
       1
       0
       0
       1
       0
       1
       0
       1
       0
       1
       0
       0
       1
       0
       0
       2
       3
       0
       1
       1
       0
       0
       0
       0
       0
       1
       0
       1
       0
       2
       0
       0
       0
       0
       1
       1
       2
       0
       2
       0
       1
       0
       1
       0
       2
       0
       1
       0
       0
       1
       2
       0
       1
       0
       1
       0
       0
       0
       0
       0
       0
       1
       0
       0
       2
       0
       1
       0
       1
       0
       0
       0
       0
       2
       0
       1
       2
       0
       0
       0
       0
       0
       0
       0
       0
       0
       0
       0
       3
       0
       1
       1
       0
       1
       0
       3
       0
       1
       1
       0
       1
       2
       0
       0
       1
       0
       0
       0
       2
       0
       1
       1
       1
       2
       1
       0
       0
       1
       0
       1
       0
       0
       0
       0
       1
       0
       0
       0
       1
       1
       1
       0
       0
       1
       1
       0
       0
       1
       1
       1
       0
       1
       0
       1
       0
       0
       0
       0
       0
       0
       0
       1
       0
       0
       0
       0
       1
       1
       0
       0
       0
       1
       1
       1
       1
       0
       0
       0
       1
       0
       1
       1
       0
       0
       0
       0
       0
       0
       0
       2
       0
       0
       0
       1
       1
       2
       1
       1
       0
       0
       0
       0
       0
       0
       1
       0
       0
       0
       2
       4
       1
       1
       2
       0
       0
       0
       0
       0
       1
       1
       0
       1
       0
       1
       0
       0
       0
       1
       0
       1
       0
       2
       1
       2
       1
       1
       0
       1
       0
       0
       1
       0
       0
       0
       1
       1
       2
       0
       0
       0
       0
       0
       1
       0
       0
       0
       0
       0
       0
       0
       1
       0
       1
       1
       0
       0
       1
       0
       0
       0
       0
       1
       0
       0
       0
       0
       0
       0
       0
       1
       0
       0
       1
       1
       1
       0
       3
       1
       0
       0
       1
       0
       0
       1
       2
       0
       1
       0
       0
       0
       0
       0
       0
       0
       1
       0
       1
       1
       1
       0
       0
       0
       0
       0
       0
       2
       0
       0
       2
       0
       1
       0
       0
       0
       1
       0
       0
       0
       0
       0
       1
       0
       2
       1
       1
       0
       0
       0
       1
       0
       1
       1
       0
       0
       0
       0
       1
       1
       0
       1
       1
       0
       0
       0
       0
       0
       0
       1
       0
       0
       3
       1
       0
       0
       1
       0
       1
       1
       1
       1
       0
       1
       0
       0
       2
       0
       3
       0
       0
       0
       0
       1
       1
       1
       0
       0
       0
       0
       1
       3
       0
       0
       0
       1
       0
       0
       1
       0
       1
       3
       1
       0
       1
       0
       0
       1
       0
       1
       0
       0
       1
       0
       2
       1
       0
       0
       1
       0
       1
       0
       0
       0
       0
       0
       1
       0
       0
       0
       1
       0
       0
       0
       1
       0
       0
       0
       0
       0
       1
       1
       1
       1
       0
       0
       1
       0
       0
       2
       1
       0
       3
       2
       0
       0
       0
       0
       1
       0
       0
       0
       1
       2
       0
       1
       0
       0
       0
       3
       0
       1
       0
       0
       0
       0
       0
       2
       0
       0
       0
       1
       0
       1
       0
       1
       0
       0
       1
       0
       0
       1
       2
       0
       0
       0
       0
       0
       0
       0
       2
       1
       0
       0
       0
       0
       0
       0
       0
       1
       0
       1
       0
       1
       0
       0
       0
       2
       1
       0
       0
       0
       0
       0
       0
       0
       0
       0
       0
       0
       0
       2
       0
       1
       0
       0
       0
       0
       0
       0
       0
       0
       0
       0
       0
       1
       1
       0
       0
       1
       0
       0
       0
       0
       0
       0
       0
       0
       0
       0
       0
       0
       0
       0
       0
       0
       0
       0
       2
       0
       0
       0
       1
       0
       0
       0
       1
       1
       1
       0
       0
       1
       1
       0
       1
       0
       2
       0
       0
       0
       0
       0
       0
       0
       0
       1
       0
       1
       0
       0
       0
       0
       0
       1
       0
       0
       1
       0
       1
       1
       2
       1
       4
       1
       1
       0
       2
       0
       1
       1
       0
       0
       0
       2
       1
       0
       0
       0
       0
       0
       0
       0
       0
       1
       0
       0
       0
       0
       0
       1
       0
       0
       0
       0
       1
       2
       0
       0
       0
       0
       2
       0
       0
       1
       0
       0
       0
       0
       0
       0
       0
       0
       0
       0
       1
       1
       0
       0
       0
       0
       0
       0
       0
       0
       0
       0
       0
       1
       1
       1
       0
       1
       0
       0
       1
       0
       0
       0
       0
       0
       0
       0
       1
       0
       0
       0
       0
       0
       0
       0
       1
       0
       1
       0
       0
       0
       0
       0
       0
       1
       0
       0
       0
       0
       0
       0
       0
       0
       1
       1
       2
       2
       3
       0
       2
       0
       0
       0
       0
       0
       1
       0
       0
       0
       0
       2
       0
       0
       0
       0
       0
       0
       0
       0
       0
       0
       0
       0
       0
       0
       0
       0
       1
       0
       0
       1
       0
       0
       0
       0
       0
       0
       1
       0
       0
       0
       0
       0
       0
       0
       1
       0
       1
       0
       0
       0
       0
       0
       0
       0
       0
       0
       0
       0
       1
       0
       0
       0
       0
       0
       0
       0
       0
       0
       0
       0
       0
       1
       0
       0
       0
       0
       0
       0
       0
       0
       0
       0
       0
       0
       1
       0
       0
       0
       0
       0
       0
       0
       1
       0
       0
       0
       0
       0
       1
       0
       0
       0
       0
       0
       0
       0
       0
       0
       1
       0
       0
       0
       0
       0
       0
       0
       0
       0
       0
       0
       0
       0
       1
       0
       0
       0
       0
       0
       0
       0
       0
       0
       1
       0
       0
       0
       1
       0
       0
       1
       0
       0
       0
       1
       0
       0
       1
       0
       1
       0
       1
       0
       0
       0
       1
       0
       0
       2
       0
       0
       0
       0
       0
       0
       0
       0
       0
       0
       2
       0
       1
       1
       0
       0
       0
       0
       0
       0
       0
       0
       0
       0
       0
       0
       0
       0
       0
       0
       1
       0
       0
       0
       1
       0
       0
       0
       0
       0
       0
       0
       0
       0
       0
       0
       0
       0
       0
       0
       0
       0
       0
       0
       0
       0
       0
       0
       0
       0
       0
       0
       0
       0
       0
       0
       0
       0
       0
       0
       0
       0
       0
       0
       0
       0
       0
       0
       0
       1
       0
       0
       0
       0
       0
       0
       1
       0
       0
       0
       1
       0
       0
       0
       0
       0
       0
       0
       0
       0
       0
       0
       0
       1
       0
       0
       0
       0
       0
       0
       0
       0
       0
       0
       0
       0
       0
       0
       0
       1
       0
       0
       0
       0
       0
       0
       0
       1
       0
       0
       0
       0
       0
       0
       0
       0
       0
       0
       1
       0
       0
       0
       0
       0
       0
       0
       0
       0
       0
       1
       0
       0
       1
       0
       0
       0
       0
       0
       0
       1
       0
       0
       0
       1
       0
       1
       0
       0
       0
       0
       0
       0
       0
       0
       0
       0
       0
       0
       0
       0
       0
       1
       1
       0
       0
       0
       0
       0
       0
       0
       0
       0
       0
       0
       0
       0
       1
       0
       0
       0
       0
       0
       0
       1
       0
       0
       0
       0
       1
       0
       0
       0
       0
       0
       0
       0
       0
       0
       0
       0
       0
       0
       0
       0
       0
       0
       0
       0
       0
       0
       0
       1
       0
       0
       0
       0
       0
       0
       0
       0
       0
       0
       0
       0
       0
       0
       0
       0
       0
       0
       0
       0
       0
       0
       0
       1
       0
       0
       0
       0
       0
       1
       0
       0
       0
       0
       0
       0
       1
       0
       0
       0
       0
       0
       1
       0
       0
       0
       0
       0
       0
       0
       0
       0
       0
       0
       0
       0
       0
       0
       0
       0
       0
       0
       0
       0
       2
       0
       1
       1
       0
       0
       0
       0
       0
       0
       0
       0
       0
       1
       0
       0
       0
       0
       0
       0
       0
       0
       0
       0
       1
       0
       0
       0
       0
       0
       1
       0
       0
       1
       0
       0
       0
       1
       0
       0
       0
       0
       0
       0
       0
       1
       0
       0
       0
       0
       0
       0
       0
       0
       0
       0
       0
       0
       0
       0
       0
       0
       0
       0
       0
       0
       1
       0
       0
       1
       0
       0
       0
       0
       0
       0
       0
       0
       0
       0
       0
       0
       0
       0
       0
       0
       0
       0
       0
       0
       0
       0
       1
       0
       0
       0
       0
       0
       0
       0
       0
       0
       0
       0
       0
       0
       1
       0
       0
       0
       0
       0
       0
       0
       0
       0
       0
       0
       0
       0
       0
       0
       0
       0
       0
       1
       0
       0
       0
       0
       0
       0
       0
       0
       1
       0
       1
       1
       0
       1
       1
       0
       0
       0
       0
       1
       0
       0
       0
       0
       1
       0
       0
       0
       1
       0
       0
       0
       0
       0
       0
       0
       0
       0
       0
       0
       0
       0
       0
       0
       0
       0
       0
       0
       0
       0
       1
       0
       0
       0
       0
       0
       0
       0
       0
       0
       0
       0
       0
       2
       0
       0
       1
       0
       0
       0
       0
       0
       0
       0
       0
       0
       0
       0
       2
       0
       0
       0
       0
       0
       0
       0
       0
       0
       0
       0
       0
       0
       0
       0
       0
       0
       0
       0
       0
       0
       1
       0
       0
       0
       0
       0
       0
       0
       0
       0
       0
       0
       0
       0
       0
       0
       0
       0
       0
       0
       0
       0
       0
       0
       0
       1
       0
       0
       0
       0
       0
       0
       0
       0
       0
       0
       0
       0
       0
       1
       0
       0
       0
       0
       0
       0
       0
       1
       0
       0
       0
       0
       0
       0
       0
       0
       0
       0
       0
       0
       0
       0
       0
       0
       0
       0
       0
       0
       0
       0
       0
       1
       0
       0
       0
       0
       0
       0
       0
       0
       0
       0
       1
       0
       0
       0
       0
       0
       0
       0
       1
       0
       0
       0
       0
       0
       0
       0
       0
       1
       0
       0
       0
       0
       0
       0
       0
       0
       0
       0
       0
       0
       0
       0
       0
       0
       0
       0
       0
       0
       1
       1
       0
       0
       0
       0
       0
       0
       0
       0
       0
       0
       0
       0
       0
       0
       0
       1
       0
       0
       0
       0
       0
       0
       0
       0
       0
       0
       0
       0
       0
       1
       0
       0
       0
       0
       0
       0
       0
       0
       0
       0
       0
       0
       0
       0
       0
       0
       0
       0
       0
       0
       0
       0
       0
       0
       0
       0
       0
       0
       0
       0
       0
       0
       0
       0
       0
       0
       0
       1
       0
       0
       0
       0
       1
       1
       1
       0
       0
       0
       0
       1
       0
       0
       0
       0
       0
       1
       0
       0
       2
       0
       0
       0
       0
       0
       0
       0
       0
       0
       1
       0
       0
       1
       0
       0
       0
       0
       0
       0
       0
       0
       0
       0
       1
       0
       0
       0
       0
       0
       0
       1
       0
       0
       0
       0
       0
       0
       1
       0
       0
       0
       1
       0
       0
       0
       0
       0
       0
       0
       0
       0
       0
       0
       0
       1
       0
       0
       0
       0
       0
       0
       0
       0
       0
       0
       0
       0
       0
       0
       1
       0
       0
       0
       0
       1
       0
       0
       0
       0
       1
       0
       0
       1
       0
       0
       0
       0
       0
       0
       0
       0
       0
       0
       0
       0
       0
       0
       0
       0
       0
       0
       0
       1
       0
       0
       0
       0
       0
       1
       0
       0
       0
       0
       0
       1
       0
       0
       0
       0
       1
       0
       0
       0
       0
       0
       0
       0
       0
       0
       0
       0
       0
       0
       0
       0
       0
       0
       0
       0
       0
       0
       0
       0
       0
       0
       0
       0
       0
       0
       0
       0
       0
       1
       0
       0
       0
       0
       0
       0
       1
       0
       0
       0
       1
       0
       0
       0
       0
       1
       0
       0
       0
       0
       0
       0
       0
       0
       0
       0
       0
       0
       0
       0
       0
       0
       0
       0
       0
       0
       0
       0
       0
       0
       0
       0
       0
       1
       0
       0
       0
       0
       0
       0
       0
       0
       0
       0
       0
       0
       0
       0
       0
       0
       0
       0
       0
       0
       0
       0
       0
       0
       0
       0
       1
       0
       0
       0
       0
       0
       0
       0
       0
       0
       0
       0
       0
       0
       0
       0
       0
       0
       0
       0
       0
       0
       1
       1
       0
       0
       0
       0
       0
       0
       0
       0
       0
       0
       0
       0
       0
       0
       1
       0
       0
       0
       0
       0
       1
       0
       0
       0
       0
       0
       0
       0
       0
       0
       0
       0
       0
       0
       0
       0
       0
       0
       0
       0
       0
       0
       0
       0
       0
       0
       0
       0
       0
       1
       0
       0
       0
       0
       0
       0
       0
       0
       0
       0
       0
       0
       0
       0
       1
       0
       0
       0
       0
       0
       1
       0
       1
       0
       0
       0
       0
       1
       0
       0
       0
       0
       0
       0
       0
       0
       0
       0
       0
       0
       0
       0
       0
       0
       0
       0
       0
       0
       0
       1
       0
       0
       0
       0
       0
       0
       0
       0
       0
       0
       0
       0
       0
       0
       0
       0
       0
       0
       0
       0
       0
       0
       0
       0
       0
       1
       0
       0
       0
       0
       0
       1
       0
       0
       0
       0
       0
       0
       1
       0
       0
       0
       0
       0
       0
       0
       1
       1
       0
       0
       0
       0
       0
       0
       0
       0
       0
       0
       0
       0
       0
       0
       0
       0
       1
       0
       0
       0
       0
       1
       0
       0
       0
       0
       1
       0
       0
       0
       0
       0
       0
       0
       0
       0
       0
       0
       0
       0
       0
       0
       0
       0
       0
       0
       0
       0
       0
       0
       0
       0
       0
       0
       0
       0
       0
       0
       0
       0
       0
       0
       0
       0
       0
       0
       0
       0
       0
       0
       0
       0
       0
       0
       0
       0
       0
       0
       0
       0
       0
       0
       0
       0
       0
       0
       0
       0
       0
       0
       0
       0
       0
       0
       0
       0
       0
       0
       0
       0
       0
       0
       0
       0
       0
       0
       0
       0
       0
       0
       0
       0
       0
       0
       0
       0
       0
       0
       0
       0
       0
       0
       0
       0
       0
       0
       0
       0
       0
       0
       0
       0
       0
       0
       0
       0
       0
       0
       0
       0
       0
       0
       0
       0
       0
       0
       0
       0
       0
       0
       0
       0
       0
       0
       0
       0
       0
       0
       0
       0
       0
       0
       0
       0
       0
       0
       0
       0
       0
       0
       0
       0
       0
       0
       0
       0
       0
       0
       0
       0
       0
       0
       0
$ROI:
0
$PRESETS:
None
0
0
$ENER_FIT:
0.000000 0.000000
$MCA_CAL:
3
0.000000E+000 0.000000E+000 0.000000E+000 
$SHAPE_CAL:
3
0.000000E+000 0.000000E+000 0.000000E+000
