$SPEC_ID:
No sample description was entered.
$SPEC_REM:
DET# 1
DETDESC# SCE-SOPA-00035 MCB 133
AP# Maestro Version 7.01
$DATE_MEA:
10/07/2019 14:41:55
$MEAS_TIM:
72328 72330
$DATA:
0 4095
       0
       0
       0
       0
       0
       0
       0
       0
       0
       0
       0
       0
       0
       0
       0
       0
       0
       0
       0
       0
       0
       0
       0
       0
       0
       0
      45
     155
      70
     121
     525
     583
     606
     614
     638
     604
     585
     643
     631
     600
     628
     662
     672
     652
     667
     730
     860
    1008
     776
     684
     670
     713
     770
     751
     723
     744
     764
     694
     729
     777
     767
     783
     902
    1086
    1132
     923
     790
     743
     797
     802
     829
     804
     783
     846
     880
     944
     949
     974
     895
     811
     826
     784
     745
     785
     813
     814
     801
     793
     813
     808
     807
     877
    1160
    1303
    1094
     912
     816
     801
     796
     751
     779
     779
     733
     745
     795
     768
     732
     788
     722
     758
     753
     730
     790
     784
     750
     776
     787
     721
     724
     688
     763
     763
     767
     722
     755
     691
     726
     742
     716
     773
     752
     691
     748
     711
     705
     725
     678
     728
     654
     726
     752
     696
     718
     686
     767
     711
     687
     710
     680
     702
     679
     661
     691
     685
     603
     683
     655
     619
     649
     656
     632
     672
     644
     609
     586
     632
     641
     587
     639
     645
     627
     573
     589
     638
     588
     579
     608
     587
     585
     564
     553
     546
     582
     560
     568
     654
     784
     739
     641
     547
     549
     549
     508
     459
     484
     511
     508
     511
     535
     572
     495
     505
     481
     492
     517
     525
     507
     519
     492
     463
     475
     480
     493
     514
     478
     466
     444
     461
     480
     488
     508
     509
     450
     508
     482
     475
     480
     426
     443
     466
     487
     437
     443
     401
     414
     450
     426
     434
     496
     544
     560
     473
     461
     501
     432
     411
     399
     389
     421
     381
     395
     379
     369
     341
     356
     363
     355
     376
     356
     365
     344
     352
     371
     353
     384
     325
     342
     315
     356
     318
     291
     335
     387
     339
     326
     344
     315
     318
     351
     337
     312
     303
     317
     309
     282
     271
     349
     321
     316
     293
     304
     263
     286
     282
     308
     335
     391
     384
     318
     302
     290
     304
     297
     277
     255
     293
     260
     280
     262
     264
     282
     248
     236
     287
     241
     254
     248
     262
     261
     255
     219
     252
     257
     248
     225
     269
     243
     264
     251
     252
     246
     256
     252
     242
     207
     221
     224
     230
     260
     249
     244
     258
     272
     226
     197
     218
     239
     233
     218
     234
     235
     251
     372
     401
     315
     244
     226
     234
     218
     237
     212
     222
     212
     198
     207
     237
     218
     197
     218
     215
     191
     184
     185
     191
     205
     208
     203
     191
     199
     198
     209
     214
     186
     194
     180
     203
     168
     202
     197
     213
     176
     183
     179
     184
     196
     202
     185
     162
     145
     176
     189
     159
     185
     198
     180
     183
     182
     192
     172
     183
     186
     187
     162
     182
     154
     180
     171
     159
     186
     167
     176
     168
     143
     167
     193
     169
     167
     145
     167
     175
     143
     164
     168
     167
     171
     167
     144
     154
     187
     180
     186
     180
     188
     150
     154
     163
     166
     177
     156
     141
     153
     188
     136
     147
     158
     164
     149
     155
     147
     159
     154
     146
     187
     152
     156
     152
     153
     148
     143
     140
     152
     152
     146
     150
     133
     165
     157
     142
     154
     152
     145
     156
     144
     153
     125
     137
     157
     135
     134
     131
     143
     136
     129
     154
     138
     163
     148
     130
     130
     142
     125
     132
     139
     124
     129
     139
     130
     148
     165
     174
     247
     334
     402
     331
     270
     169
     174
     116
     141
     127
     141
     129
     117
     117
     135
     124
     113
     113
     130
     125
     147
     128
     134
     121
     127
     121
     139
     131
     111
     128
     104
     125
     152
     109
     117
     142
     128
     113
     153
     119
     122
     106
     107
     109
     115
     120
     124
     121
     117
     112
     138
     103
     111
     132
     127
     118
     141
     103
     124
     119
     119
     104
     111
     132
     143
     139
     132
     110
     121
     124
     130
     115
     135
     112
     160
     144
     140
     121
      94
     127
     113
     126
     111
     122
     124
     109
     140
     105
     117
     133
     123
     119
     121
     109
     129
     135
     127
     127
     142
     206
     256
     246
     191
     142
     109
     125
     127
     115
     115
     100
      90
     121
     125
     112
     114
      98
     110
     109
     126
     119
     114
      98
     130
     117
     122
     106
     126
     112
     107
      97
     119
     120
     107
     117
     100
     112
      93
     108
      98
      99
     118
     108
     108
     105
     111
     119
      92
     132
      80
     106
     125
     106
     118
     136
     117
     128
     116
     109
     127
     102
     115
     109
     100
     100
      90
     110
      90
     105
      85
      98
     102
      99
     101
      87
     122
     104
     112
      91
     111
      96
     102
     100
      97
      95
     112
     114
      98
     110
     105
     126
     115
     104
     104
     100
     119
     115
      85
     104
     115
      90
      89
     129
     105
     117
     114
     102
     102
      93
      86
     106
      95
     101
      91
     108
      97
      76
      99
     104
     103
     107
     106
     100
     109
      99
     115
      84
      94
      97
     105
     109
     109
      95
     127
     101
     102
      82
      94
      89
      81
     103
      95
     118
     114
     100
      89
     114
     105
      81
      79
      89
     100
      95
      94
     103
      91
      89
      97
     105
     100
     127
     108
     100
     104
      69
      86
      77
      83
      96
      94
      88
     105
      89
      75
      77
      88
     120
      99
      98
      92
     103
      85
      98
      94
      97
      85
      98
      99
      88
      81
      77
      98
      88
      83
      82
      95
      84
      95
      96
      95
      88
     100
      97
      95
      96
      94
      82
      84
      98
      92
      92
      87
      95
      65
      89
      84
      89
      90
      80
      90
      91
      77
      89
      71
      80
      84
      83
      82
      88
      82
      93
      93
      78
     101
      78
      86
      81
      84
      89
      79
      76
      84
      84
      85
      79
      86
      86
      88
      70
      86
      82
      90
      74
      96
     109
      85
      82
      85
      82
      82
      85
      93
      83
      91
      83
      95
      98
      79
      78
      84
      88
      74
     107
      69
     102
      76
      74
      81
      80
      74
      75
      78
      92
      72
      81
      90
      86
      90
      88
      85
      87
      82
      93
      91
      85
      76
      79
      83
      94
      77
      77
      89
     101
     111
     100
      90
      85
      86
      77
      83
      84
      81
      97
      76
      84
      87
      86
      84
      85
      62
      71
      79
      76
      87
      79
      91
     108
      85
      89
      93
      74
     101
      80
      74
     113
      75
      82
      94
      89
      85
     106
      82
     115
      89
      86
      80
      59
      71
      81
      74
      88
      80
      96
     105
      96
      83
      95
      97
      98
      71
     100
      97
      98
      92
      92
      96
      76
      81
      76
      67
      69
      65
     104
      68
      81
      86
      82
      72
      87
      78
      88
      98
      77
      82
      82
      84
      87
      76
      70
      70
      83
      79
      77
      89
      98
      84
      87
      71
      91
      63
      79
      71
      68
      71
      78
      93
      89
      75
      91
      70
      81
      83
      77
      87
      91
      70
      93
      80
      84
      81
      84
      79
      92
      83
      81
      81
     102
      82
      90
      84
      78
      89
      82
      80
      86
      83
      86
      91
      83
      75
      84
      97
      82
      71
      72
      79
      77
      85
      72
      99
      73
      82
      91
      84
      81
      75
      99
      93
      87
      77
      74
      79
      77
      92
      85
      81
      80
      80
      66
      94
      87
      79
      73
      87
      67
      84
      69
      72
      91
      81
      99
      84
      98
      91
      94
      83
      94
      71
     101
      98
      80
      98
      88
      82
      95
      79
      81
      96
      98
      99
      97
     102
      99
      90
      85
      95
      93
      81
     105
      99
     102
      96
     112
     119
     113
      98
     106
      93
      99
      91
      96
      74
     105
      81
      65
      94
      83
      99
      87
      84
      74
      86
      89
      89
     109
      76
      91
      90
      81
     103
      84
      84
      85
     107
      99
      93
     100
      95
      85
      79
     100
      90
      93
      98
     101
      88
      91
      65
     100
      89
     108
     121
      89
      88
      92
      87
      83
     100
     102
     105
     125
      91
      85
     107
     101
      98
      99
      95
     101
     111
      90
      95
      98
     113
      94
     112
     109
     116
      99
      98
      88
     131
     102
     110
     102
      92
     103
      95
      98
      92
      99
     106
     100
     105
      92
     105
     105
     106
     111
     107
     110
     115
     105
     112
     114
     114
     117
     111
     117
     107
     104
      99
     108
     116
     109
     105
     105
     107
      94
     112
     124
     106
     102
      94
     100
     100
      87
      87
     110
      86
      71
      81
      81
      79
      84
      83
      87
      74
      66
      64
      74
      76
      64
      64
      67
      71
      50
      72
      62
      60
      68
      62
      71
      81
      68
      76
      60
      95
      62
      60
      66
      78
      65
      63
      55
      69
      61
      78
      65
      68
      64
      41
      57
      59
      61
      52
      59
      60
      52
      57
      46
      68
      64
      58
      55
      47
      56
      54
      46
      59
      56
      63
      63
      56
      55
      50
      65
      54
      46
      53
      61
      51
      54
      37
      50
      46
      49
      45
      53
      54
      43
      47
      43
      48
      56
      46
      48
      36
      48
      43
      37
      49
      45
      40
      45
      47
      38
      41
      45
      41
      44
      44
      33
      47
      36
      33
      24
      41
      42
      41
      25
      27
      47
      27
      34
      36
      26
      30
      38
      36
      32
      37
      33
      22
      28
      34
      25
      38
      28
      43
      41
      36
      40
      41
      30
      17
      39
      22
      36
      26
      33
      23
      26
      23
      30
      46
      25
      31
      23
      29
      33
      25
      24
      32
      36
      34
      19
      27
      21
      32
      25
      42
      44
      33
      21
      39
      23
      23
      35
      26
      20
      36
      28
      26
      38
      31
      29
      29
      21
      26
      31
      21
      20
      25
      29
      24
      26
      27
      22
      26
      27
      15
      21
      28
      14
      31
      33
      18
      31
      32
      25
      25
      32
      32
      31
      28
      26
      24
      42
      94
     192
     568
    1207
    1869
    2179
    1492
     663
     167
      49
      20
      21
      15
      15
      16
      14
      15
      16
      18
       9
      13
      14
      14
      18
      12
      15
      15
      23
       8
      21
      15
      17
      15
      18
      17
      11
       7
      24
      18
      11
      12
      19
      10
      11
      14
      22
      14
      15
      16
      21
      16
      13
      20
      30
      14
      13
      15
      17
      14
      17
      20
      12
      18
       7
      11
      20
      16
      17
      18
      20
      12
      11
      14
      13
      11
      15
      18
      17
      13
      11
       8
      13
      17
      24
      13
      17
      13
      10
      16
      11
      15
      12
      22
      11
      15
       9
      15
      11
      14
      14
      19
      16
      13
      12
      11
       7
      18
       5
      14
      19
      11
      13
       8
      16
      10
      16
      12
       7
      20
      15
      19
      14
      10
      12
      11
      19
      12
       9
      17
      15
      16
      17
      17
      19
      19
       8
      22
      19
      17
      20
      12
      13
      17
      10
      12
      17
       9
      16
       8
      12
       9
      12
      13
       9
       7
      16
      18
       8
      10
       8
       7
      12
       5
      14
      14
      14
      15
      12
      13
      15
      10
      14
      10
       5
      12
      12
      13
      14
      19
      14
      14
       7
       8
      11
      14
       7
      16
      10
      10
       5
      14
       8
      14
      13
      10
      20
      10
       9
       5
       9
      14
      10
      16
       6
      13
      10
      17
      11
       7
      12
      20
      10
      11
       6
      11
       8
      13
       9
      16
       9
       5
       9
       7
       8
      13
      19
       9
       5
      13
      17
      20
       8
      16
      14
      10
      13
      12
       8
      17
       8
       5
      12
      15
       7
       9
       8
       6
      11
       8
       6
      13
       6
      14
      10
       9
      10
      12
       6
      16
      14
      10
       5
      13
       6
      10
       9
      12
      10
       7
       7
      13
       7
      15
      14
      13
      15
      11
       7
      13
      10
      12
      10
      11
      11
      11
       9
      11
       6
      11
      11
      10
       7
      15
       9
       8
      15
       7
      10
      10
       7
      11
      11
       9
      12
      11
      10
      18
      21
      34
      28
      26
      20
       6
       9
       7
       9
       4
       8
       6
      10
       7
      11
       9
       9
       6
      11
       9
       5
       7
      10
      12
      11
       7
       9
      13
      13
       5
       8
       5
      11
       5
      10
       8
       7
      10
      10
       4
      14
       9
      13
       9
       8
       5
       7
      13
       9
      11
       8
       6
       4
       8
       2
      18
      11
       7
      10
       2
      10
       5
      11
      10
      10
       6
      16
       5
      13
       7
       5
      11
       9
       9
      10
      10
       9
      16
       9
       4
       8
       5
       5
       8
      16
      11
       9
      12
      11
       9
       9
      10
       5
       9
      10
      10
       5
       9
       8
      10
      10
       7
       9
      12
       5
       6
       7
       8
      14
       9
       6
       4
       5
       8
       9
       3
       7
       4
       6
       5
       8
       8
       5
       9
      10
       4
       5
       9
       7
       3
       7
       7
       8
       4
       8
       4
       7
       2
       5
       8
       8
      10
       8
      11
       5
       4
       4
       6
       8
       6
      11
       6
       8
      10
      11
       6
       4
       4
       4
       5
      11
       5
      18
       4
       6
      11
       7
       8
      11
       8
       3
       8
       5
       4
       5
       9
       1
       7
       8
       5
       4
       6
       9
      13
       7
       4
      10
       6
      10
       7
       6
       4
       8
       4
       8
       8
       9
      10
      10
       3
       8
      10
       8
       8
       8
       5
       5
       4
       2
       9
       7
       7
      11
      15
       6
      11
      10
       5
       3
      10
       7
       6
       2
       6
       9
       7
       5
       8
       5
      10
       8
       5
       8
       7
       6
       8
       6
       5
       3
      11
       4
       4
       5
       7
       9
       7
       7
       7
       5
       8
       3
       1
       4
       8
       8
       5
       9
       5
       8
       3
       9
       9
       4
      10
       7
       5
       8
      10
       9
      11
       5
       8
       3
       7
       5
       6
       9
       8
       5
       4
      11
       6
      11
       7
      11
       5
       5
       5
       7
       7
       3
       1
       3
       7
       3
       7
       8
       3
       5
       4
       8
       8
      14
       5
       7
       8
       9
      10
       4
       6
       5
       4
       3
       7
       9
       7
       5
       8
       8
       5
       8
       7
       9
       6
       5
       6
       6
       9
       7
       3
       8
       5
       4
       6
       4
       8
       3
       6
       8
      10
      12
      14
      11
       3
       9
       9
       3
       7
       6
       6
       4
       4
       4
       6
      12
       5
       7
       5
      14
       5
       2
       3
       8
       5
      11
       5
       8
       7
       8
       7
       4
       4
       2
       6
       7
       3
       8
       5
       8
       5
       3
       8
       7
       7
       5
       8
       0
       6
       4
       9
       9
       4
       3
       6
      10
      14
       9
       5
       3
       4
       7
       9
       5
       6
       9
       4
       4
       7
      11
      12
       4
       9
       4
       9
       2
       4
       8
       4
       4
       8
       2
       4
       9
       5
       3
       9
       6
       4
       5
       3
       4
       4
       3
       4
       6
       6
       7
       6
       7
       8
       8
      15
      12
      10
       9
       5
       9
       5
       7
       5
       6
       5
       5
       7
       7
       5
       5
       6
       2
       6
       2
       3
       3
       4
       6
       7
       5
       4
       3
       6
       5
       4
       4
       4
       7
      10
       3
       2
       9
       6
       8
       1
       6
       5
      10
       4
       4
       4
       8
       5
       8
       6
       7
       9
       6
       5
       5
       4
       7
       7
       2
       6
       3
       6
       6
       4
      10
       6
       2
       2
       6
       9
       5
       3
       4
       3
       5
       4
       7
       8
       5
       3
       3
       7
       8
      10
       5
       2
       5
      10
       5
       7
       1
       8
       3
       4
       6
       6
       4
       3
       8
       9
       7
       7
       7
       5
       3
       2
      10
       9
       6
       3
       2
       4
       6
       4
       8
       9
       5
       4
       5
       6
       8
       1
       4
       7
       3
       8
       4
       5
       3
       6
       7
       6
       6
       6
       5
       5
       3
       4
       7
       5
       4
       6
       2
       8
       4
       4
       7
       5
       7
       9
       1
       4
       6
       3
       3
       5
       2
       3
       4
       5
       3
       4
       6
       5
       4
       5
       8
       4
       5
       2
       8
       7
       4
       3
       6
       7
       7
       8
       6
       3
       2
       2
       7
       0
       6
       6
       3
       3
       8
       5
       4
       2
       3
       6
       4
       9
       5
       3
       5
       7
       5
       3
       6
       5
       4
       7
       3
       7
       6
       4
       5
       3
       4
       4
       3
       6
       3
       6
       3
       5
       5
       8
       6
       7
       6
       7
       2
       7
       4
       3
       7
       2
       6
       5
       5
       4
       2
       1
       2
       4
       3
       5
       5
       7
       6
       3
      11
       2
       4
       8
       5
       1
       5
       7
       7
       1
       4
       6
       4
       6
       0
       2
       3
       3
       7
       5
       5
       6
       5
       4
       3
       1
       3
       1
       2
       5
       3
       6
       3
       4
       3
       2
       2
       7
       5
       2
       0
       4
       0
       4
       6
       7
       5
       5
       3
       3
       2
       3
       1
       4
       1
       3
       7
       5
       6
       5
       3
       4
       4
       4
       2
       2
       6
       3
       4
       2
       6
       3
       2
       6
       2
       7
       8
       2
       5
       5
       4
       1
       5
       4
       4
       4
       2
       6
       1
      10
       5
       1
       6
       3
       1
       2
       2
       5
       5
       0
       4
       2
       3
       1
       3
       3
       7
       2
       3
       5
       5
       6
       4
       4
       6
       0
       1
       4
       6
       4
       2
       2
       9
       3
       0
       2
       6
       3
       2
       2
       6
       2
       3
       2
       2
       5
       2
       4
       5
       6
       3
       2
       4
       0
       5
       1
       3
       2
       5
       6
       2
       2
       3
       2
       5
       7
       7
       3
       7
       5
       6
      11
      15
      31
      36
      38
      22
      18
      10
       3
       2
       6
       3
       3
       3
       3
       2
       3
       6
       2
       2
       1
       7
       3
       2
       2
       3
       4
       3
       1
       6
       3
       6
       2
       2
       3
       3
       2
       2
       2
       5
       3
       4
       5
       2
       1
       5
       5
       2
       4
       3
       4
       2
       1
       2
       3
       5
       2
       1
       2
       2
       4
       2
       3
       3
       1
       3
       1
       3
       5
       1
       1
       3
       6
       2
       5
       5
       2
       2
       1
       3
       5
       5
       1
       4
       4
       2
       2
       0
       2
       2
       4
       1
       2
       8
       4
       5
       2
       5
       1
       6
       2
       5
       3
       0
       2
       4
       1
       3
       3
       3
       6
       4
       2
       6
       4
       5
       3
       2
       4
       4
       0
       2
       9
       1
       2
       4
       5
       3
       2
       0
       4
       7
       4
       3
       3
       1
       6
       1
       3
       2
       3
       5
       8
       6
       2
       7
       2
       3
       2
       3
       5
       3
       3
       2
       3
       5
       1
       1
       1
       7
       2
       2
       1
       1
       3
       2
       3
       4
       4
       4
       2
       3
       4
       2
       1
       3
       2
       3
       5
       2
       6
       0
       0
       3
       1
       1
       3
       1
       2
       3
       1
       3
       2
       4
       3
       2
       3
       3
       1
       6
       2
       3
       4
       4
       2
       1
       4
       2
       1
       4
       1
       4
       3
       2
       2
       1
       3
       2
       3
       3
       3
       0
       1
       3
       1
       4
       2
       5
       1
       2
       4
       3
       3
       2
       2
       2
       2
       4
       4
       2
       2
       0
       2
       3
       2
       3
       2
       3
       5
       0
       3
       3
       4
       1
       2
       1
       3
       1
       8
       3
       3
       3
       3
       2
       3
       3
       2
       2
       4
       2
       4
       1
       7
       2
       6
       4
       1
       3
       0
       4
       2
       3
       2
       1
       6
       3
       1
       4
       1
       2
       1
       2
       3
       5
       3
       2
       4
       5
       2
       1
       1
       2
       6
       5
       2
       1
       3
       3
       3
       3
       3
       2
       1
       3
       2
       0
       2
       1
       1
       3
       1
       5
       3
       1
       2
       2
       3
       4
       2
       1
       4
       4
       1
       1
       2
       1
       4
       6
       3
       3
       2
       0
       5
       0
       4
       4
       4
       1
       2
       9
       5
       3
       1
       2
       5
       4
       2
       2
       2
       2
       3
       2
       1
       0
       1
       1
       2
       2
       2
       3
       4
       1
       2
       3
       2
       1
       2
       0
       2
       0
       3
       1
       2
       1
       4
       4
       1
       7
       2
       4
       1
       1
       4
       1
       4
       4
       5
       1
       7
       6
       1
       2
       1
       4
       4
       7
       4
       2
       2
       3
       6
       3
       0
       1
       3
       3
       2
       2
       3
       3
       3
       3
       5
       2
       3
       3
       3
       2
       4
       2
       0
       0
       1
       6
       3
       2
       3
       2
       3
       2
       2
       1
       5
       4
       2
       1
       3
       7
       1
       5
       2
       3
       1
       3
       3
       4
       3
       1
       5
       3
       3
       3
       1
       2
       1
       2
       2
       2
       5
       0
       0
       2
       3
       2
       2
       2
       1
       0
       3
       1
       1
       1
       4
       4
       2
       5
       2
       2
       3
       2
       1
       3
       2
       4
       1
       3
       1
       4
       3
       2
       3
       2
       2
       3
       1
       4
       4
       0
       2
       0
       0
       3
       1
       4
       4
       2
       4
       1
       2
       1
       4
       4
       2
       2
       2
       2
       1
       1
       1
       6
       5
       4
       2
       2
       0
       3
       6
       3
       2
       4
       3
       1
       4
       1
       4
       1
       2
       3
       2
       5
       4
       4
       3
       0
       3
       2
       0
       3
       3
       3
       1
       3
       0
       0
       1
       3
       4
       2
       3
       1
       4
       1
       5
       2
       2
       2
       4
       2
       3
       2
       3
       0
       3
       3
       6
       4
       3
       2
       1
       1
       5
       0
       1
       1
       1
       3
       1
       2
       0
       3
       2
       5
       4
       1
       4
       1
       0
       0
       9
       0
       4
       1
       0
       1
       3
       2
       1
       2
       0
       2
       2
       2
       1
       3
       2
       3
       2
       3
       1
       2
       1
       3
       1
       2
       1
       0
       2
       1
       0
       2
       1
       0
       1
       1
       1
       1
       5
       3
       4
       2
       1
       2
       2
       5
       3
       2
       2
       1
       2
       0
       2
       4
       1
       3
       6
       1
       3
       3
       0
       4
       0
       0
       3
       1
       2
       2
       2
       2
       2
       5
       2
       5
       1
       1
       0
       3
       7
       4
       5
       2
       0
       0
       4
       1
       1
       2
       2
       1
       4
       1
       4
       2
       2
       3
       3
       2
       2
       0
       7
       1
       1
       1
       1
       1
       2
       0
       3
       3
       5
       0
       2
       4
       3
       3
       0
       1
       3
       2
       2
       0
       1
       4
       1
       1
       3
       1
       2
       4
       4
       2
       1
       2
       2
       2
       3
       2
       0
       6
       3
       4
       2
       0
       5
       4
       2
       2
       3
       0
       5
       2
       4
       5
       2
       1
       1
       2
       6
       4
       2
       2
       3
       1
       1
       1
       2
       3
       1
       0
       2
       1
       1
       2
       5
       3
       2
       3
       3
       1
       4
       3
       1
       1
       2
       3
       2
       5
       0
       1
       1
       2
       0
       2
       4
       1
       2
       3
       1
       0
       1
       4
       2
       3
       3
       2
       0
       2
       2
       4
       2
       4
       1
       0
       1
       2
       1
       2
       2
       4
       3
       1
       2
       3
       1
       3
       2
       1
       0
       2
       4
       2
       2
       2
       0
       4
       2
       4
       0
       0
       2
       2
       2
       3
       1
       3
       3
       0
       3
       2
       5
       1
       2
       6
       4
       3
       1
       1
       3
       2
       1
       2
       2
       2
       2
       3
       3
       2
       3
       2
       3
       2
       1
       1
       2
       1
       3
       2
       0
       1
       1
       1
       1
       4
       1
       1
       2
       2
       4
       1
       2
       2
       1
       1
       3
       0
       4
       3
       0
       0
       1
       3
       2
       1
       2
       4
       3
       3
       1
       1
       0
       1
       0
       2
       2
       5
       4
       2
       1
       3
       1
       2
       1
       0
       0
       1
       3
       2
       2
       2
       2
       1
       2
       1
       2
       5
       1
       2
       6
       1
       5
       1
       2
       1
       1
       1
       1
       4
       0
       4
       2
       2
       3
       1
       3
       3
       2
       4
       1
       1
       2
       5
       4
       2
       3
       3
       1
       3
       2
       2
       2
       2
       1
       2
       1
       2
       4
       2
       1
       0
       1
       2
       2
       4
       2
       1
       0
       1
       2
       4
       4
       3
       1
       2
       4
       2
       1
       2
       3
       3
       1
       4
       1
       0
       0
       5
       2
       3
       2
       3
       1
       1
       2
       3
       2
       2
       2
       0
       2
       4
       6
       2
       2
       2
       1
       1
       2
       2
       1
       3
       2
       0
       2
       0
       2
       2
       3
       2
       1
       1
       1
       1
       5
       1
       1
       1
       1
       2
       3
       3
       3
       0
       1
       2
       1
       1
       1
       1
       4
       1
       0
       2
       0
       4
       1
       1
       1
       2
       2
       1
       3
       2
       2
       6
       1
       1
       2
       1
       1
       1
       3
       0
       3
       3
       3
       3
       2
       2
       3
       2
       1
       1
       2
       1
       2
       2
       2
       1
       1
       1
       2
       1
       3
       3
       2
       2
       2
       0
       0
       1
       2
       1
       0
       2
       4
       0
       1
       5
       2
       1
       2
       1
       1
       2
       1
       0
       2
       1
       4
       0
       2
       3
       1
       1
       2
       0
       1
       1
       1
       3
       1
       1
       0
       1
       3
       2
       0
       3
       0
       2
       0
       1
       0
       1
       3
       1
       2
       2
       2
       3
       0
       0
       3
       2
       2
       0
       3
       1
       2
       2
       2
       2
       2
       2
       1
       0
       1
       3
       4
       1
       2
       1
       2
       2
       1
       2
       1
       1
       4
       4
       1
       2
       1
       2
       0
       2
       5
       2
       1
       2
       0
       1
       1
       3
       1
       2
       3
       1
       2
       3
       2
       3
       1
       1
       1
       0
       1
       1
       4
       4
       4
       2
       2
       3
       0
       0
       0
       2
       4
       1
       2
       3
       1
       2
       2
       0
       0
       3
       0
       1
       1
       2
       1
       1
       2
       1
       2
       2
       2
       3
       1
       2
       0
       3
       0
       2
       0
       1
       1
       2
       0
       0
       1
       3
       3
       1
       3
       0
       2
       5
       3
       1
       2
       1
       2
       3
       3
       0
       1
       0
       2
       1
       3
       2
       3
       1
       3
       2
       6
       4
       1
       1
       2
       1
       0
       4
       4
       0
       0
       2
       1
       2
       2
       0
       5
       1
       3
       2
       2
       1
       1
       2
       1
       1
       0
       1
       1
       2
       3
       2
       0
       0
       0
       0
       0
       0
       0
       0
       0
       0
       0
       0
       0
       0
       0
       0
       0
       0
       0
       0
       0
       0
       0
       0
       0
       0
       0
       0
       0
       0
       0
       0
       0
       0
       0
       0
       0
       0
       0
       0
       0
       0
       0
       0
       0
       0
       0
       0
       0
       0
       0
       0
       0
       0
       0
       0
       0
       0
       0
       0
       0
       0
       0
       0
       0
       0
       0
       0
       0
       0
       0
       0
       0
       0
       0
       0
       0
       0
       0
       0
       0
       0
       0
       0
       0
       0
       0
       0
       0
       0
       0
       0
       0
       0
       0
       0
       0
       0
       0
       0
       0
       0
       0
       0
       0
       0
       0
       0
       0
       0
       0
       0
       0
       0
       0
       0
       0
       0
       0
       0
       0
       0
       0
       0
       0
       0
       0
       0
       0
       0
       0
       0
       0
       0
       0
       0
       0
       0
       0
       0
       0
       0
       0
       0
       0
       0
       0
       0
       0
       0
       0
       0
       0
       0
$ROI:
0
$PRESETS:
None
0
0
$ENER_FIT:
0.000000 0.000000
$MCA_CAL:
3
0.000000E+000 0.000000E+000 0.000000E+000 
$SHAPE_CAL:
3
0.000000E+000 0.000000E+000 0.000000E+000
