$SPEC_ID:
No sample description was entered.
$SPEC_REM:
DET# 1
DETDESC# SCE-SOPA-00035 MCB 133
AP# Maestro Version 7.01
$DATE_MEA:
11/18/2019 14:39:45
$MEAS_TIM:
3642 3643
$DATA:
0 4095
       0
       0
       0
       0
       0
       0
       0
       0
       0
       0
       0
       0
       0
       0
       0
       0
       0
       0
       0
       0
       0
       0
       0
       0
       0
       0
       3
      14
       4
      12
      82
     110
     106
      89
      91
     108
     111
      87
     107
     107
      91
     102
     102
     100
      87
     111
     111
     102
     119
     107
      90
     105
     102
      99
     104
     104
     126
     117
      99
      85
     101
      87
     111
     119
     122
      96
     103
      86
     103
     101
      92
     108
      92
      98
     105
      87
      95
      94
      96
     100
     111
     102
     113
     121
     105
     118
     101
     132
      98
     112
     112
      90
     130
     120
     121
     133
     113
     118
     103
     106
     109
     114
     127
     122
     117
     103
     128
     143
     105
     110
     119
     125
     125
     112
     117
     114
     129
     121
     147
     142
     125
     116
     128
     117
     137
     131
     125
     128
     136
     133
     122
     148
     123
     130
     135
     128
     140
     133
     135
     136
     121
     126
     135
     140
     127
     128
     150
     141
     152
     134
     153
     138
     144
     131
     134
     129
     170
     146
     126
     130
     130
     147
     119
     119
     146
     128
     124
     139
     118
     124
     139
     132
     122
     110
     131
     123
     127
     136
     131
     103
     128
     131
     113
     132
     129
     115
     134
     150
     127
     110
     108
     136
     113
     119
     124
     131
     134
     118
     104
     133
     138
     120
     116
     128
     121
     121
     114
     137
     121
     141
     132
     135
     164
     164
     143
     161
     155
     151
     162
     117
     162
     177
     153
     174
     130
     141
     135
     129
     137
     137
     110
     123
     130
     128
     140
     132
     120
     140
     120
     126
     139
     120
     109
     116
     101
     124
      78
     112
     121
     120
     110
     121
     108
      96
      95
      96
     105
      98
     100
     101
      89
      88
      98
      94
      97
      93
     100
      92
     106
      91
      86
      80
      85
      72
      81
      93
      92
      74
      78
      83
      97
      93
      93
      86
      77
      72
      75
      80
      82
      78
      56
      87
      86
      75
      75
      83
      73
      81
      74
      83
      80
      83
      84
      82
      65
      80
      80
      76
      74
      56
      62
      66
      70
      47
      66
      67
      71
      65
      45
      60
      58
      61
      75
      68
      64
      69
      74
      54
      81
      66
      72
      73
      71
      73
      69
      58
      67
      70
      72
      68
      63
      50
      65
      63
      59
      52
      72
      59
      54
      74
      56
      49
      62
      64
      68
      50
      62
      70
      47
      68
      46
      59
      51
      64
      58
      54
      56
      45
      60
      53
      52
      61
      66
      54
      51
      50
      63
      64
      64
      65
      45
      56
      54
      67
      59
      52
      60
      57
      60
      49
      49
      48
      47
      44
      58
      55
      56
      57
      53
      46
      49
      52
      57
      54
      51
      51
      52
      56
      62
      50
      55
      51
      59
      53
      56
      59
      50
      49
      42
      57
      51
      46
      56
      58
      52
      54
      46
      53
      43
      49
      63
      47
      48
      49
      55
      45
      44
      41
      56
      58
      53
      47
      48
      53
      42
      53
      50
      35
      38
      47
      46
      55
      45
      42
      50
      42
      53
      47
      47
      55
      37
      44
      52
      43
      56
      32
      50
      51
      49
      50
      48
      42
      37
      45
      50
      48
      64
      33
      41
      58
      41
      54
      49
      51
      50
      56
      46
      51
      52
      55
      44
      33
      34
      38
      58
      57
      42
      55
      49
      50
      60
      49
      36
      53
      43
      41
      56
      56
      52
      44
      52
      44
      51
      54
      59
      73
      39
      38
      44
      43
      58
      41
      44
      48
      43
      46
      43
      41
      51
      44
      52
      44
      41
      50
      48
      41
      38
      60
      49
      56
      61
      44
      49
      42
      46
      52
      42
      41
      45
      39
      43
      38
      55
      41
      47
      49
      38
      44
      40
      32
      37
      42
      40
      49
      45
      34
      39
      34
      45
      39
      42
      52
      44
      45
      53
      40
      43
      39
      43
      40
      52
      37
      54
      55
      42
      34
      44
      36
      46
      50
      49
      46
      36
      46
      41
      49
      48
      57
      45
      46
      47
      28
      60
      48
      44
      42
      38
      44
      37
      40
      36
      33
      45
      50
      36
      50
      45
      47
      31
      43
      37
      33
      41
      44
      39
      39
      38
      55
      34
      32
      42
      41
      34
      44
      35
      42
      46
      46
      49
      41
      40
      36
      51
      37
      41
      47
      52
      34
      38
      53
      53
      41
      43
      33
      43
      50
      38
      42
      45
      44
      40
      45
      52
      42
      38
      40
      34
      47
      40
      41
      42
      47
      50
      36
      40
      59
      45
      48
      50
      42
      51
      51
      50
      40
      40
      33
      39
      27
      37
      49
      38
      44
      47
      35
      48
      39
      42
      62
      43
      50
      51
      40
      37
      46
      43
      41
      36
      45
      52
      37
      46
      45
      45
      45
      36
      44
      46
      49
      40
      37
      49
      40
      48
      34
      31
      42
      27
      41
      51
      43
      48
      46
      46
      51
      47
      51
      40
      45
      55
      40
      38
      38
      45
      37
      42
      42
      43
      49
      52
      48
      34
      38
      40
      34
      46
      47
      49
      46
      40
      42
      38
      47
      44
      39
      55
      51
      51
      45
      51
      45
      54
      45
      51
      48
      49
      48
      42
      40
      42
      31
      47
      41
      44
      53
      52
      45
      43
      35
      44
      40
      53
      40
      38
      40
      47
      40
      65
      38
      46
      45
      38
      39
      45
      51
      34
      56
      45
      42
      33
      40
      52
      53
      51
      56
      61
      41
      42
      42
      49
      55
      49
      38
      44
      52
      47
      61
      50
      50
      66
      51
      50
      57
      56
      52
      49
      50
      58
      52
      43
      56
      58
      54
      58
      49
      62
      49
      55
      50
      53
      47
      52
      56
      54
      45
      42
      50
      45
      56
      46
      54
      50
      53
      68
      59
      62
      56
      55
      58
      50
      46
      50
      59
      51
      64
      48
      52
      38
      49
      52
      36
      43
      65
      54
      56
      41
      46
      42
      51
      55
      55
      54
      63
      43
      58
      49
      59
      49
      56
      48
      62
      60
      63
      58
      63
      54
      53
      61
      61
      62
      60
      51
      54
      49
      59
      59
      60
      58
      78
      59
      57
      65
      70
      58
      62
      49
      58
      67
      59
      70
      69
      67
      64
      71
      60
      63
      68
      66
      52
      68
      66
      59
      65
      56
      80
      55
      43
      66
      57
      65
      63
      69
      61
      72
      73
      64
      69
      66
      58
      75
      48
      69
      61
      68
      66
      59
      56
      63
      66
      69
      61
      65
      52
      49
      50
      53
      48
      57
      49
      50
      47
      41
      49
      48
      53
      57
      52
      49
      55
      49
      43
      48
      55
      47
      50
      51
      46
      42
      56
      39
      54
      63
      52
      58
      58
      61
      51
      47
      42
      38
      41
      46
      42
      36
      64
      47
      46
      48
      46
      51
      40
      52
      38
      40
      43
      44
      53
      37
      33
      44
      49
      43
      52
      40
      50
      34
      48
      46
      42
      42
      46
      58
      47
      42
      45
      28
      48
      39
      53
      48
      47
      37
      36
      40
      39
      45
      37
      45
      50
      52
      37
      49
      35
      35
      37
      38
      53
      61
      34
      54
      42
      42
      38
      33
      30
      40
      37
      29
      39
      43
      49
      40
      38
      37
      57
      29
      48
      46
      37
      52
      32
      39
      48
      33
      55
      41
      39
      58
      38
      35
      47
      41
      39
      63
      48
      38
      32
      36
      44
      54
      55
      40
      52
      57
      49
      43
      51
      36
      49
      39
      31
      48
      31
      41
      33
      26
      28
      32
      37
      40
      22
      29
      28
      24
      28
      20
      39
      26
      19
      19
      25
      22
      22
      22
      29
      20
      21
      21
      28
      18
      27
      19
      30
      25
      22
      22
      27
      18
      26
      24
      30
      23
      29
      22
      27
      20
      18
      19
      23
      27
      20
      33
      25
      26
      24
      33
      75
     179
     484
     890
    1090
     825
     401
     107
      24
      16
      18
      22
      14
      14
      18
      12
      17
      20
      15
      15
      11
      19
       5
      16
      16
      21
      18
      18
      11
      15
      19
      18
      18
      10
      14
      11
       9
      17
       9
       7
      10
      16
       8
      11
       6
       8
       8
      16
       6
       9
      11
       8
      15
      11
       9
      11
       8
       8
      17
      11
       8
       9
      16
      12
       4
      13
       8
       5
       3
       9
       7
       5
       2
      10
       5
       2
       8
       5
       8
       5
       7
       7
      11
       1
       5
       4
       1
       3
       3
       6
       4
       4
       4
       1
       7
       8
       8
       5
       4
       6
       8
       5
       3
       7
       9
       6
       4
       4
      10
       6
       8
       6
       8
       7
      10
      12
       1
      12
       5
       5
       8
       6
       4
       7
       5
       5
       6
      10
       5
       5
       7
       6
       3
       8
       6
       6
       5
       3
       5
       4
       6
       5
       6
       7
       5
       8
       4
       4
       8
       5
       9
       9
       9
       6
       9
      12
       9
       6
       9
      16
      49
     176
     449
     793
    1002
     689
     360
     102
      19
       4
       2
       1
       4
       1
       3
       2
       1
       2
       5
       3
       6
       0
       0
       1
       0
       1
       0
       1
       2
       0
       1
       2
       3
       1
       1
       1
       3
       3
       0
       2
       0
       1
       3
       0
       0
       1
       4
       1
       3
       4
       2
       4
       1
       4
       2
       2
       1
       2
       2
       1
       1
       4
       4
       1
       2
       2
       1
       2
       2
       3
       1
       0
       2
       2
       0
       1
       4
       1
       1
       0
       2
       4
       1
       1
       4
       3
       1
       2
       1
       3
       1
       2
       1
       0
       0
       1
       0
       1
       0
       1
       3
       2
       4
       2
       1
       1
       0
       2
       2
       1
       2
       2
       0
       1
       3
       1
       3
       1
       0
       0
       1
       3
       3
       0
       1
       3
       1
       2
       1
       4
       3
       0
       3
      11
       2
       3
       3
       1
       2
       3
       2
       3
       1
       1
       1
       0
       0
       1
       2
       3
       1
       4
       0
       3
       2
       4
       1
       1
       2
       2
       0
       1
       1
       1
       3
       1
       4
       2
       0
       0
       1
       2
       4
       1
       0
       2
       3
       1
       1
       1
       1
       2
       3
       1
       2
       1
       2
       1
       2
       1
       4
       2
       2
       2
       0
       2
       4
       0
       1
       1
       0
       0
       1
       0
       1
       1
       0
       4
       0
       1
       1
       0
       1
       2
       0
       0
       1
       2
       4
       2
       3
       2
       2
       1
       1
       3
       3
       0
       4
       1
       1
       1
       2
       5
       2
       1
       2
       0
       0
       0
       1
       4
       3
       1
       0
       0
       1
       0
       1
       0
       2
       2
       4
       1
       2
       0
       3
       1
       1
       0
       2
       0
       1
       1
       1
       1
       0
       0
       0
       2
       0
       0
       2
       3
       0
       1
       0
       1
       1
       2
       2
       1
       2
       0
       1
       1
       1
       2
       0
       1
       3
       2
       1
       2
       1
       1
       1
       3
       4
       0
       1
       3
       1
       0
       0
       0
       2
       1
       2
       0
       0
       3
       0
       0
       0
       4
       1
       0
       1
       1
       0
       1
       0
       2
       1
       1
       2
       1
       1
       0
       2
       0
       2
       2
       1
       1
       1
       2
       2
       2
       0
       1
       1
       3
       0
       3
       2
       2
       0
       2
       1
       0
       1
       2
       1
       1
       4
       1
       1
       2
       0
       0
       2
       0
       1
       1
       4
       0
       0
       0
       0
       0
       0
       0
       1
       0
       0
       0
       0
       1
       1
       0
       1
       3
       2
       2
       0
       1
       0
       1
       3
       0
       1
       1
       2
       0
       0
       0
       3
       0
       1
       2
       1
       0
       0
       0
       0
       0
       2
       1
       0
       1
       2
       0
       2
       0
       2
       2
       2
       1
       1
       0
       2
       0
       1
       0
       0
       2
       3
       0
       0
       2
       0
       1
       1
       1
       2
       2
       0
       2
       0
       1
       0
       2
       2
       3
       1
       2
       0
       1
       1
       1
       1
       0
       0
       3
       0
       1
       1
       1
       1
       0
       2
       0
       0
       1
       0
       0
       2
       0
       1
       1
       1
       0
       1
       3
       0
       1
       0
       0
       0
       0
       0
       0
       1
       1
       0
       2
       1
       1
       0
       1
       1
       0
       0
       0
       2
       1
       0
       2
       1
       1
       1
       0
       1
       0
       1
       0
       1
       2
       1
       2
       4
       0
       1
       3
       0
       1
       1
       1
       1
       1
       1
       2
       1
       0
       0
       2
       0
       0
       0
       4
       0
       1
       0
       0
       1
       1
       0
       1
       3
       0
       1
       0
       1
       0
       1
       1
       1
       1
       2
       1
       2
       1
       1
       0
       1
       0
       0
       0
       2
       2
       0
       0
       0
       0
       2
       2
       0
       1
       0
       1
       2
       1
       1
       0
       1
       0
       0
       2
       0
       2
       0
       1
       1
       1
       0
       0
       1
       3
       2
       0
       2
       0
       0
       0
       3
       2
       1
       1
       1
       3
       1
       2
       0
       2
       1
       0
       1
       2
       1
       1
       1
       1
       0
       2
       2
       0
       1
       0
       0
       1
       1
       2
       1
       1
       1
       1
       0
       1
       1
       1
       0
       2
       1
       0
       0
       0
       0
       0
       1
       1
       1
       0
       1
       1
       1
       1
       1
       2
       2
       0
       1
       1
       1
       0
       0
       1
       2
       0
       1
       0
       1
       2
       0
       0
       1
       0
       0
       0
       0
       0
       1
       1
       1
       0
       1
       1
       1
       2
       0
       0
       0
       0
       0
       0
       0
       2
       1
       0
       1
       4
       1
       1
       0
       0
       0
       0
       2
       0
       0
       0
       0
       0
       0
       2
       3
       2
       1
       0
       0
       0
       0
       0
       0
       0
       0
       1
       1
       0
       2
       0
       1
       0
       3
       1
       0
       0
       1
       0
       2
       3
       0
       0
       0
       1
       0
       2
       0
       0
       1
       0
       0
       0
       1
       0
       0
       1
       0
       0
       1
       0
       0
       0
       4
       1
       0
       1
       1
       0
       0
       2
       0
       1
       0
       1
       2
       2
       0
       1
       0
       1
       0
       1
       1
       0
       0
       2
       1
       1
       1
       2
       1
       0
       2
       0
       1
       0
       1
       2
       1
       1
       2
       1
       3
       0
       1
       1
       1
       1
       0
       0
       1
       0
       0
       0
       0
       1
       0
       2
       0
       0
       1
       0
       0
       0
       0
       0
       0
       0
       0
       0
       0
       1
       0
       1
       0
       0
       0
       0
       2
       0
       0
       0
       0
       0
       0
       1
       0
       0
       0
       0
       0
       0
       0
       0
       0
       0
       0
       0
       0
       0
       0
       0
       1
       0
       1
       0
       1
       0
       1
       0
       0
       0
       0
       1
       1
       1
       0
       0
       0
       0
       0
       3
       0
       1
       0
       1
       2
       1
       1
       1
       1
       1
       0
       2
       0
       0
       0
       2
       0
       0
       0
       3
       1
       1
       0
       0
       0
       1
       2
       2
       0
       0
       0
       0
       0
       0
       0
       0
       3
       1
       2
       1
       0
       0
       1
       0
       1
       3
       0
       0
       1
       2
       0
       1
       0
       0
       2
       0
       0
       0
       0
       1
       0
       1
       1
       0
       0
       0
       3
       0
       1
       0
       0
       2
       0
       0
       0
       1
       0
       0
       0
       0
       0
       0
       2
       1
       0
       1
       0
       0
       2
       1
       0
       2
       1
       0
       1
       1
       0
       1
       0
       1
       0
       1
       0
       1
       0
       0
       0
       0
       0
       0
       0
       0
       0
       0
       0
       0
       0
       0
       0
       0
       0
       1
       0
       1
       0
       0
       0
       1
       0
       0
       0
       0
       0
       0
       1
       0
       0
       0
       0
       1
       1
       1
       0
       0
       1
       2
       1
       2
       1
       1
       1
       1
       1
       0
       0
       0
       0
       0
       0
       0
       0
       0
       2
       0
       1
       0
       0
       0
       1
       2
       0
       0
       0
       0
       1
       0
       0
       1
       1
       1
       0
       0
       0
       0
       0
       0
       0
       0
       1
       0
       0
       0
       1
       1
       0
       2
       0
       0
       0
       0
       0
       0
       1
       0
       0
       0
       2
       1
       1
       0
       0
       0
       0
       0
       0
       0
       0
       0
       1
       1
       0
       0
       0
       0
       0
       1
       0
       0
       0
       0
       1
       0
       0
       0
       0
       0
       0
       1
       0
       0
       0
       1
       0
       0
       0
       0
       0
       1
       0
       0
       0
       0
       0
       0
       1
       0
       1
       0
       0
       2
       0
       0
       0
       1
       2
       0
       0
       0
       0
       1
       1
       1
       0
       1
       0
       1
       0
       3
       0
       0
       0
       1
       0
       0
       0
       0
       0
       0
       0
       0
       0
       0
       0
       1
       1
       1
       0
       0
       0
       0
       0
       2
       0
       1
       0
       2
       3
       2
       3
       3
       4
       0
       0
       0
       0
       1
       0
       0
       0
       0
       0
       1
       0
       0
       0
       1
       0
       0
       0
       0
       1
       0
       0
       0
       0
       0
       0
       0
       0
       1
       0
       1
       0
       0
       0
       1
       1
       0
       0
       0
       0
       0
       0
       0
       0
       0
       0
       0
       0
       0
       0
       0
       0
       0
       0
       0
       0
       0
       1
       0
       0
       0
       0
       1
       0
       0
       0
       1
       0
       0
       1
       0
       0
       0
       0
       0
       0
       0
       0
       0
       0
       0
       0
       0
       0
       0
       0
       0
       1
       0
       1
       1
       0
       1
       0
       0
       0
       0
       0
       0
       0
       0
       0
       0
       0
       0
       2
       1
       1
       0
       1
       1
       0
       0
       0
       0
       0
       0
       0
       0
       0
       0
       0
       0
       0
       0
       0
       0
       0
       0
       0
       0
       2
       0
       1
       0
       0
       0
       0
       0
       0
       0
       1
       0
       0
       0
       0
       0
       0
       0
       0
       2
       0
       0
       0
       0
       0
       1
       0
       3
       0
       0
       0
       0
       0
       0
       0
       0
       0
       1
       0
       0
       0
       0
       0
       1
       0
       0
       0
       0
       0
       0
       0
       0
       0
       0
       0
       1
       0
       0
       0
       2
       1
       0
       0
       1
       0
       0
       0
       0
       0
       0
       0
       0
       0
       0
       1
       0
       0
       0
       0
       1
       1
       0
       0
       0
       1
       1
       0
       1
       1
       0
       0
       0
       0
       0
       0
       0
       0
       0
       0
       0
       0
       0
       0
       0
       1
       0
       0
       0
       1
       0
       0
       0
       0
       1
       0
       0
       0
       3
       2
       0
       0
       0
       0
       0
       0
       0
       0
       0
       0
       0
       0
       1
       0
       0
       0
       0
       0
       0
       0
       0
       0
       0
       0
       0
       0
       0
       1
       0
       0
       0
       0
       0
       0
       0
       0
       0
       0
       0
       0
       0
       0
       0
       0
       0
       0
       0
       0
       0
       0
       0
       0
       0
       0
       0
       0
       0
       0
       0
       0
       0
       1
       0
       1
       1
       0
       0
       0
       0
       0
       0
       0
       0
       1
       0
       0
       0
       1
       0
       0
       0
       0
       0
       0
       0
       0
       1
       0
       0
       0
       0
       0
       0
       1
       0
       0
       0
       0
       0
       1
       0
       0
       0
       0
       0
       0
       0
       0
       2
       0
       0
       1
       0
       0
       0
       0
       0
       0
       0
       1
       0
       0
       0
       0
       0
       0
       0
       0
       0
       0
       0
       1
       0
       1
       1
       0
       0
       0
       0
       0
       0
       0
       0
       1
       0
       0
       0
       0
       1
       0
       0
       0
       1
       0
       0
       0
       0
       0
       0
       0
       0
       0
       0
       1
       0
       0
       1
       0
       0
       0
       0
       0
       0
       0
       1
       1
       0
       0
       0
       0
       0
       0
       0
       0
       0
       0
       0
       0
       0
       0
       0
       0
       1
       0
       0
       0
       0
       0
       0
       0
       0
       0
       0
       0
       0
       0
       0
       0
       0
       0
       0
       0
       0
       0
       0
       1
       0
       0
       0
       0
       0
       0
       0
       0
       0
       0
       0
       0
       0
       0
       0
       0
       0
       0
       0
       0
       0
       0
       0
       1
       0
       0
       0
       1
       0
       0
       0
       0
       0
       0
       0
       0
       0
       0
       0
       0
       0
       0
       0
       0
       0
       0
       0
       0
       0
       0
       0
       1
       0
       0
       0
       0
       0
       0
       0
       0
       0
       0
       0
       1
       0
       0
       0
       0
       0
       1
       1
       0
       0
       0
       0
       0
       0
       0
       0
       1
       0
       0
       0
       0
       0
       0
       0
       0
       0
       0
       0
       0
       0
       0
       1
       1
       1
       0
       0
       0
       0
       2
       0
       0
       0
       0
       0
       0
       0
       0
       1
       0
       0
       1
       0
       0
       0
       0
       0
       0
       2
       0
       0
       0
       0
       0
       0
       0
       0
       0
       0
       0
       0
       0
       0
       0
       0
       0
       0
       0
       0
       0
       1
       0
       0
       0
       0
       0
       0
       0
       0
       1
       0
       0
       0
       0
       0
       0
       0
       1
       0
       0
       1
       0
       0
       0
       0
       0
       0
       0
       0
       0
       0
       0
       0
       0
       0
       1
       0
       0
       0
       0
       1
       0
       0
       0
       0
       0
       0
       1
       0
       0
       0
       0
       0
       0
       0
       0
       0
       0
       0
       0
       0
       0
       1
       0
       0
       0
       0
       0
       0
       0
       0
       0
       0
       0
       1
       0
       0
       1
       0
       0
       0
       0
       0
       0
       0
       0
       0
       0
       0
       0
       0
       1
       0
       0
       0
       0
       0
       0
       0
       0
       0
       0
       0
       0
       1
       0
       0
       0
       0
       0
       0
       0
       0
       0
       0
       0
       0
       0
       0
       0
       0
       0
       0
       0
       0
       0
       0
       0
       0
       0
       0
       0
       0
       0
       0
       0
       0
       0
       0
       0
       0
       0
       0
       0
       0
       0
       0
       0
       0
       0
       0
       0
       0
       0
       0
       0
       0
       0
       0
       0
       0
       0
       0
       0
       0
       0
       0
       0
       0
       0
       0
       0
       0
       0
       0
       0
       0
       0
       1
       0
       0
       0
       0
       0
       0
       0
       0
       0
       1
       0
       0
       0
       0
       0
       0
       1
       0
       0
       0
       0
       0
       0
       0
       0
       0
       0
       0
       0
       0
       0
       0
       1
       0
       0
       0
       0
       1
       1
       0
       0
       0
       0
       0
       0
       0
       0
       0
       1
       0
       0
       1
       0
       0
       0
       0
       0
       0
       1
       0
       0
       0
       0
       0
       0
       0
       0
       0
       1
       0
       0
       0
       0
       0
       0
       0
       1
       0
       0
       0
       0
       0
       0
       0
       0
       0
       0
       0
       0
       1
       0
       0
       1
       0
       0
       0
       0
       0
       0
       0
       0
       1
       0
       0
       0
       0
       0
       0
       0
       0
       0
       0
       0
       0
       0
       0
       0
       0
       0
       0
       0
       0
       0
       0
       0
       0
       0
       1
       1
       0
       0
       0
       0
       0
       0
       0
       0
       0
       0
       0
       0
       0
       0
       0
       0
       0
       0
       0
       0
       0
       0
       0
       0
       0
       0
       0
       0
       0
       0
       0
       0
       0
       0
       0
       0
       0
       0
       0
       0
       0
       0
       0
       0
       0
       0
       0
       0
       0
       0
       0
       0
       0
       0
       0
       0
       0
       0
       0
       0
       0
       0
       1
       0
       1
       0
       1
       0
       0
       0
       0
       0
       1
       1
       0
       0
       0
       0
       0
       1
       0
       0
       0
       0
       0
       0
       0
       0
       1
       0
       0
       0
       0
       0
       0
       0
       0
       0
       0
       0
       0
       0
       0
       0
       0
       0
       0
       0
       0
       0
       1
       0
       0
       0
       0
       0
       0
       0
       0
       0
       0
       0
       0
       0
       0
       0
       1
       1
       0
       0
       0
       0
       0
       0
       0
       0
       0
       0
       0
       0
       0
       0
       0
       0
       0
       0
       0
       0
       0
       0
       0
       0
       2
       0
       0
       1
       0
       1
       1
       0
       0
       0
       0
       0
       0
       0
       0
       0
       0
       1
       0
       0
       0
       0
       0
       0
       0
       1
       0
       0
       0
       0
       0
       0
       0
       0
       0
       0
       0
       0
       1
       0
       0
       0
       0
       0
       0
       0
       0
       0
       0
       0
       0
       0
       0
       0
       0
       0
       0
       0
       1
       0
       0
       0
       0
       0
       0
       0
       0
       0
       0
       0
       0
       0
       0
       0
       0
       0
       1
       0
       0
       0
       0
       0
       0
       0
       0
       1
       0
       0
       0
       0
       0
       0
       0
       0
       0
       0
       0
       0
       1
       0
       1
       0
       0
       0
       0
       0
       0
       0
       0
       0
       0
       0
       0
       0
       0
       0
       0
       0
       0
       0
       0
       0
       1
       1
       0
       0
       0
       0
       1
       0
       0
       0
       1
       1
       1
       0
       0
       0
       0
       0
       0
       0
       0
       0
       0
       0
       0
       0
       0
       0
       0
       0
       0
       0
       0
       0
       0
       0
       0
       0
       0
       0
       0
       0
       0
       0
       0
       0
       2
       0
       0
       0
       0
       0
       0
       0
       0
       0
       0
       0
       0
       0
       0
       0
       0
       0
       0
       1
       0
       0
       0
       0
       0
       0
       0
       0
       0
       0
       0
       0
       0
       0
       0
       0
       0
       2
       0
       0
       0
       0
       0
       1
       0
       0
       0
       0
       0
       1
       0
       0
       0
       0
       0
       0
       0
       0
       0
       0
       0
       0
       0
       0
       0
       0
       0
       0
       0
       0
       1
       0
       0
       0
       0
       0
       0
       0
       0
       1
       0
       1
       0
       0
       0
       0
       0
       0
       0
       0
       0
       0
       0
       0
       0
       0
       0
       0
       0
       0
       0
       0
       0
       0
       0
       0
       0
       0
       0
       0
       0
       0
       0
       1
       1
       0
       0
       0
       0
       0
       0
       0
       1
       1
       0
       0
       1
       0
       0
       0
       0
       0
       0
       0
       0
       0
       0
       0
       0
       1
       0
       1
       0
       0
       0
       0
       1
       0
       0
       0
       0
       0
       0
       0
       0
       0
       0
       0
       0
       0
       0
       0
       1
       0
       0
       0
       0
       0
       0
       1
       0
       0
       0
       0
       1
       0
       0
       1
       0
       0
       0
       0
       0
       0
       0
       0
       0
       0
       0
       0
       0
       0
       0
       0
       0
       0
       0
       0
       0
       0
       0
       0
       0
       0
       0
       0
       0
       0
       0
       0
       0
       0
       0
       0
       0
       0
       0
       0
       0
       0
       0
       0
       0
       0
       0
       0
       0
       0
       0
       0
       0
       0
       0
       0
       0
       0
       0
       0
       0
       0
       0
       0
       0
       0
       0
       0
       0
       0
       0
       0
       0
       0
       0
       0
       0
       0
       0
       0
       0
       0
       0
       0
       0
       0
       0
       0
       0
       0
       0
       0
       0
       0
       0
       0
       0
       0
       0
       0
       0
       0
       0
       0
       0
       0
       0
       0
       0
       0
       0
       0
       0
       0
       0
       0
       0
       0
       0
       0
       0
       0
       0
       0
       0
       0
       0
       0
       0
       0
       0
       0
       0
       0
       0
       0
       0
       0
       0
       0
       0
       0
       0
       0
       0
       0
       0
       0
       0
       0
       0
       0
       0
       0
       0
       0
       0
       0
       0
       0
       0
       0
$ROI:
0
$PRESETS:
None
0
0
$ENER_FIT:
0.000000 0.000000
$MCA_CAL:
3
0.000000E+000 0.000000E+000 0.000000E+000 
$SHAPE_CAL:
3
0.000000E+000 0.000000E+000 0.000000E+000
