$SPEC_ID:
No sample description was entered.
$SPEC_REM:
DET# 1
DETDESC# SCE-SOPA-00035 MCB 133
AP# Maestro Version 7.01
$DATE_MEA:
11/13/2019 12:58:08
$MEAS_TIM:
3523 3524
$DATA:
0 4095
       0
       0
       0
       0
       0
       0
       0
       0
       0
       0
       0
       0
       0
       0
       0
       0
       0
       0
       0
       0
       0
       0
       0
       0
       0
       0
       4
      12
       9
      15
     104
     136
     118
     114
     123
     104
     130
     133
     123
     130
     125
     132
     121
     106
     109
     105
     134
     150
     145
     122
     102
     109
     132
     126
     141
     130
     110
      96
     112
     139
     143
     120
     110
     143
     128
     121
     127
     158
     128
     121
     142
     101
     132
     128
     133
     142
     134
     112
     113
     125
     146
     126
     153
     145
     148
     154
     139
     124
     130
     131
     150
     153
     148
     145
     182
     141
     157
     139
     150
     125
     120
     122
     159
     176
     161
     145
     144
     143
     158
     150
     140
     137
     177
     126
     158
     153
     140
     159
     166
     169
     162
     170
     156
     144
     140
     169
     161
     160
     162
     171
     136
     205
     173
     161
     168
     167
     171
     163
     158
     146
     151
     161
     187
     160
     163
     171
     178
     187
     154
     172
     176
     150
     158
     169
     152
     161
     193
     162
     140
     175
     150
     161
     153
     160
     159
     148
     151
     146
     164
     171
     178
     144
     144
     138
     143
     154
     130
     151
     157
     155
     170
     164
     153
     142
     154
     149
     186
     165
     159
     144
     123
     142
     156
     147
     153
     126
     149
     158
     139
     147
     168
     147
     157
     148
     138
     163
     133
     156
     154
     164
     164
     196
     166
     192
     183
     172
     189
     176
     192
     220
     173
     182
     193
     203
     200
     172
     163
     187
     161
     174
     182
     185
     145
     155
     152
     137
     145
     144
     160
     123
     148
     157
     138
     138
     163
     150
     132
     118
     129
     134
     134
     130
     138
     135
     134
     130
     136
     122
     129
     125
     120
     111
     128
     115
     113
     130
     122
     124
     120
      98
     120
     109
     114
     113
      97
     116
     106
     101
     128
     116
     118
     111
     102
      81
     120
      97
      90
     106
     100
      88
     105
      99
      84
     103
     106
     116
     109
     117
      96
     103
      95
      90
      87
      90
      89
      79
     125
      88
      83
      97
      81
      96
      99
     117
      87
      97
     100
      93
      84
      89
     117
      88
      85
      87
      91
      83
     101
      77
     104
      92
      86
      88
      84
      80
      93
     111
      74
      78
      80
      69
      76
      73
      75
      93
      80
      73
      97
      88
      77
      58
      75
      83
     104
      81
      67
      75
      81
      77
      78
      75
      74
      83
      84
      80
      95
      80
      89
      80
      80
      79
      80
      81
      66
      66
      63
      77
      88
      71
      70
      95
      79
      81
      73
      71
      80
      69
      67
      61
      77
      73
      68
      84
      88
      71
      70
      67
      68
      65
      71
      79
      75
      86
      69
      66
      72
      85
      86
      61
      75
      74
      80
      59
      72
      70
      72
      73
      66
      74
      69
      60
      63
      73
      75
      56
      76
      76
      69
      67
      64
      78
      86
      69
      81
      57
      80
      57
      74
      59
      71
      82
      78
      70
      71
      80
      68
      68
      86
      51
      53
      63
      73
      80
      76
      49
      73
      63
      71
      72
      64
      47
      56
      63
      70
      66
      67
      57
      83
      65
      74
      69
      61
      70
      63
      56
      61
      66
      55
      59
      72
      57
      58
      63
      56
      68
      76
      68
      68
      55
      70
      63
      48
      63
      63
      67
      52
      52
      58
      67
      56
      73
      57
      70
      62
      59
      68
      52
      45
      61
      67
      59
      62
      70
      74
      84
      75
      67
      72
      68
      65
      59
      66
      58
      66
      63
      78
      56
      71
      59
      69
      52
      56
      58
      56
      58
      73
      57
      52
      58
      74
      64
      56
      65
      77
      80
      59
      60
      56
      60
      59
      56
      55
      62
      53
      67
      66
      58
      51
      56
      66
      54
      63
      62
      53
      78
      81
      70
      60
      54
      67
      59
      73
      62
      49
      61
      60
      62
      64
      50
      63
      55
      67
      61
      52
      74
      66
      61
      68
      64
      71
      51
      56
      45
      56
      73
      61
      59
      68
      62
      57
      64
      64
      51
      61
      47
      64
      70
      65
      68
      53
      61
      63
      48
      71
      51
      56
      58
      53
      47
      61
      43
      58
      57
      65
      60
      66
      55
      72
      60
      64
      73
      47
      63
      52
      51
      71
      66
      53
      56
      67
      48
      50
      66
      58
      61
      68
      56
      48
      58
      65
      80
      53
      60
      53
      53
      55
      64
      52
      69
      54
      57
      61
      53
      51
      58
      72
      76
      58
      58
      59
      71
      47
      62
      63
      60
      49
      55
      64
      67
      51
      75
      53
      56
      62
      38
      53
      57
      45
      57
      57
      59
      57
      57
      66
      55
      61
      69
      59
      59
      63
      56
      73
      59
      52
      60
      75
      54
      55
      70
      65
      57
      62
      59
      56
      50
      64
      56
      61
      51
      52
      61
      59
      63
      63
      69
      50
      55
      57
      55
      55
      58
      58
      65
      55
      41
      61
      57
      60
      54
      66
      56
      47
      60
      66
      67
      54
      51
      63
      57
      51
      68
      55
      69
      53
      56
      63
      61
      66
      48
      63
      58
      75
      54
      55
      54
      69
      48
      57
      67
      67
      66
      58
      62
      61
      66
      54
      49
      61
      74
      60
      76
      59
      58
      57
      58
      78
      68
      78
      61
      64
      63
      72
      60
      64
      57
      81
      52
      52
      63
      59
      54
      66
      56
      79
      63
      54
      74
      56
      76
      76
      67
      72
      49
      65
      74
      60
      73
      67
      61
      80
      65
      73
      66
      66
      72
      66
      73
      66
      65
      62
      62
      63
      56
      44
      70
      69
      63
      70
      62
      69
      74
      64
      75
      74
      68
      72
      78
      56
      76
      79
      61
      74
      62
      82
      82
      71
      59
      77
      80
      50
      61
      55
      86
      85
      80
      87
      79
      73
      83
      77
      71
      68
      62
      75
      60
      78
      66
      73
      56
      94
      55
      81
      74
      82
      73
      78
      88
      83
      69
      57
      74
      92
      71
      65
      76
      64
      77
      83
      72
      80
      79
      79
      84
      79
      64
      89
      71
      84
      97
      75
      93
      94
      90
      76
      69
      87
      79
      80
      93
      65
      80
      80
      91
      78
      87
      72
      79
      97
      90
      94
      74
      95
      72
      71
      76
      89
      90
      87
      92
      87
      92
      75
      91
      88
      88
     104
      88
      93
      92
      89
      91
     104
     107
      75
      92
      86
      96
      90
      77
      96
      97
      91
      87
     107
      96
      94
      95
      79
      86
      81
      77
      78
      69
      62
      77
      74
      84
      71
      74
      77
      74
      71
      66
      73
      65
      80
      78
      56
      67
      76
      63
      71
      60
      73
      69
      89
      63
      80
      61
      65
      64
      56
      70
      74
      54
      60
      69
      65
      79
      49
      69
      60
      50
      67
      51
      66
      70
      63
      59
      58
      66
      61
      52
      65
      59
      54
      58
      70
      78
      71
      62
      53
      56
      70
      57
      50
      62
      66
      65
      54
      64
      67
      63
      67
      67
      69
      49
      56
      67
      63
      54
      67
      72
      55
      53
      56
      50
      52
      52
      67
      55
      74
      53
      50
      49
      56
      44
      80
      53
      58
      47
      55
      69
      67
      45
      46
      54
      44
      81
      62
      52
      56
      73
      54
      51
      47
      51
      54
      77
      61
      63
      55
      63
      50
      72
      53
      55
      59
      65
      58
      52
      69
      69
      62
      59
      59
      56
      60
      58
      48
      46
      58
      71
      62
      61
      71
      62
      61
      63
      71
      53
      54
      51
      44
      55
      53
      48
      39
      48
      43
      42
      41
      32
      32
      45
      41
      31
      32
      34
      35
      34
      46
      46
      38
      46
      46
      33
      30
      34
      41
      41
      32
      27
      29
      41
      29
      29
      35
      37
      31
      38
      29
      35
      37
      36
      35
      40
      41
      28
      28
      24
      39
      36
      36
      41
      67
     211
     572
    1227
    1533
    1201
     603
     179
      67
      31
      38
      29
      22
      24
      27
      23
      23
      22
      27
      23
      15
      19
      18
      22
      22
      18
      20
      20
      12
      22
      17
      29
      24
      23
      16
      18
      13
      13
      22
      18
      20
      23
      16
      10
      17
      15
       7
      15
      14
      17
       8
      14
      18
      14
      15
      16
      14
       9
      11
       9
       9
      10
       5
       7
      15
      10
       6
      15
      21
       8
       8
      12
      12
       8
      10
      10
      15
      12
       6
       7
      20
       9
      10
       6
       5
      10
       9
       9
      11
      13
       5
      13
       8
       9
       8
      12
      10
      11
       9
      10
      11
      10
      12
       6
      13
       6
      10
      10
       8
       7
      10
       9
       7
      12
       8
       7
       7
       8
       9
      12
       7
      10
       5
      10
      11
      10
      12
       9
       7
       6
       7
       6
       5
       8
       8
       7
       4
       3
       9
       8
      10
       6
      12
       9
       8
      13
      10
       9
       6
       8
       7
      14
      13
      13
      12
       7
      12
       7
      16
      32
      65
     230
     594
    1066
    1330
    1017
     501
     158
      24
      10
       5
       3
       2
       1
       3
       4
       2
       5
       1
       3
       2
       3
       1
       5
       2
       4
       4
       3
       1
       3
       4
       4
       2
       2
       2
       3
       2
       3
       4
       6
       5
       1
       2
       1
       3
       3
       1
       2
       6
       2
       1
       3
       2
       2
       3
       5
       0
       3
       3
       2
       3
       1
       2
       4
       6
       5
       3
       2
       4
       4
       3
       3
       5
       4
       1
       1
       2
       0
       1
       5
       3
       4
       2
       3
       4
       1
       2
       2
       5
       0
       2
       1
       1
       1
       1
       0
       2
       2
       2
       2
       5
       2
       2
       1
       2
       3
       2
       3
       1
       4
       2
       5
       1
       4
       4
       5
       3
       0
       3
       3
       2
       3
       4
       3
       1
       4
       0
       5
       3
       0
       1
       2
       3
       4
       5
       5
       1
       2
       1
       3
       4
       5
       1
       3
       3
       1
       3
       1
       3
       3
       1
       2
       2
       1
       4
       2
       1
       2
       1
       2
       2
       1
       2
       0
       4
       0
       2
       2
       2
       0
       0
       4
       5
       0
       2
       1
       1
       1
       5
       3
       1
       3
       1
       1
       1
       5
       1
       0
       2
       2
       3
       3
       2
       1
       0
       4
       3
       2
       3
       2
       2
       2
       4
       3
       4
       4
       3
       3
       2
       3
       4
       3
       0
       1
       5
       3
       1
       1
       5
       3
       3
       0
       0
       3
       1
       1
       1
       2
       1
       2
       1
       0
       0
       2
       2
       1
       1
       0
       2
       3
       0
       2
       3
       3
       4
       1
       1
       3
       3
       0
       4
       1
       3
       1
       1
       1
       2
       0
       0
       0
       1
       0
       1
       2
       3
       2
       2
       0
       3
       4
       2
       1
       3
       2
       1
       3
       2
       1
       0
       1
       1
       3
       4
       3
       2
       2
       1
       1
       1
       3
       1
       1
       2
       1
       3
       1
       1
       2
       1
       0
       2
       1
       2
       0
       1
       2
       2
       3
       2
       0
       1
       2
       1
       4
       2
       1
       1
       0
       1
       1
       2
       2
       0
       2
       1
       2
       2
       2
       2
       0
       0
       2
       1
       1
       1
       0
       0
       2
       4
       0
       1
       2
       4
       0
       2
       1
       3
       3
       3
       2
       1
       0
       4
       2
       1
       2
       2
       1
       0
       6
       0
       1
       1
       0
       0
       1
       0
       1
       0
       1
       1
       2
       3
       1
       0
       2
       2
       0
       1
       1
       4
       1
       2
       0
       0
       1
       1
       1
       0
       0
       1
       2
       0
       3
       2
       2
       1
       2
       1
       0
       3
       3
       1
       2
       2
       2
       2
       0
       2
       0
       3
       3
       3
       0
       0
       0
       0
       1
       2
       1
       1
       1
       0
       4
       0
       0
       4
       2
       1
       1
       2
       0
       2
       1
       2
       2
       1
       0
       2
       1
       2
       4
       3
       1
       0
       2
       3
       0
       0
       1
       1
       3
       0
       0
       0
       0
       1
       1
       2
       0
       0
       3
       1
       2
       2
       3
       2
       0
       1
       2
       2
       0
       3
       0
       2
       2
       1
       3
       3
       1
       2
       1
       0
       1
       1
       3
       1
       1
       1
       0
       1
       2
       0
       0
       1
       2
       1
       3
       2
       3
       1
       2
       2
       3
       0
       0
       3
       0
       2
       2
       0
       1
       2
       2
       3
       0
       0
       0
       1
       0
       1
       1
       0
       1
       2
       0
       1
       1
       1
       1
       1
       2
       1
       0
       0
       2
       0
       1
       0
       1
       0
       1
       1
       2
       1
       2
       1
       2
       2
       1
       4
       3
       1
       1
       0
       0
       2
       5
       1
       1
       3
       0
       1
       1
       0
       0
       0
       1
       2
       1
       2
       0
       0
       3
       3
       0
       1
       1
       1
       1
       1
       2
       0
       2
       0
       0
       2
       1
       1
       1
       1
       0
       1
       0
       1
       2
       0
       1
       1
       0
       0
       0
       1
       2
       1
       1
       2
       1
       0
       1
       1
       2
       0
       0
       2
       2
       2
       0
       0
       0
       0
       1
       0
       0
       1
       0
       3
       0
       2
       0
       2
       2
       0
       1
       0
       2
       3
       3
       3
       1
       1
       3
       2
       1
       1
       3
       0
       1
       0
       1
       0
       2
       2
       0
       1
       1
       0
       1
       2
       2
       2
       2
       1
       0
       2
       2
       0
       0
       1
       3
       2
       0
       0
       1
       0
       0
       1
       0
       1
       1
       2
       0
       1
       0
       1
       2
       0
       1
       2
       2
       0
       2
       0
       1
       1
       1
       1
       1
       2
       2
       0
       0
       0
       1
       1
       2
       0
       2
       0
       2
       1
       1
       3
       2
       2
       3
       0
       0
       1
       1
       0
       0
       0
       1
       1
       1
       1
       0
       0
       0
       1
       0
       1
       0
       1
       1
       0
       1
       0
       2
       0
       1
       1
       0
       1
       1
       2
       0
       1
       0
       1
       2
       1
       0
       3
       2
       0
       1
       3
       1
       1
       2
       0
       1
       2
       0
       2
       0
       0
       0
       1
       1
       2
       0
       0
       3
       1
       2
       2
       0
       2
       1
       0
       1
       1
       1
       1
       1
       0
       3
       1
       0
       2
       0
       0
       1
       3
       2
       1
       4
       0
       2
       0
       0
       0
       2
       1
       0
       2
       0
       1
       0
       0
       3
       2
       0
       2
       2
       1
       2
       1
       3
       0
       0
       0
       2
       2
       1
       0
       0
       2
       0
       0
       2
       0
       1
       1
       3
       0
       3
       0
       0
       1
       1
       0
       0
       1
       3
       1
       1
       0
       0
       0
       1
       1
       1
       1
       0
       3
       0
       0
       0
       1
       1
       2
       1
       0
       1
       0
       0
       1
       1
       1
       2
       0
       2
       1
       1
       0
       1
       0
       1
       3
       0
       0
       2
       0
       0
       0
       0
       2
       1
       0
       1
       1
       0
       2
       0
       3
       0
       0
       2
       0
       0
       2
       1
       2
       1
       0
       1
       1
       1
       0
       0
       0
       0
       2
       0
       0
       1
       1
       1
       0
       0
       0
       2
       2
       0
       1
       2
       1
       0
       0
       1
       0
       0
       1
       0
       2
       0
       0
       0
       1
       1
       0
       2
       1
       0
       2
       1
       1
       0
       0
       0
       0
       1
       2
       0
       0
       0
       1
       1
       1
       0
       0
       1
       0
       2
       0
       0
       0
       0
       3
       0
       0
       0
       0
       1
       0
       0
       0
       0
       1
       1
       0
       0
       2
       2
       1
       2
       1
       2
       0
       0
       0
       0
       2
       0
       0
       2
       0
       0
       0
       2
       0
       0
       0
       2
       0
       3
       1
       0
       0
       0
       1
       2
       0
       0
       0
       0
       0
       1
       2
       1
       1
       0
       0
       2
       1
       0
       1
       0
       0
       0
       1
       0
       0
       0
       3
       1
       0
       1
       1
       0
       1
       0
       2
       1
       0
       0
       0
       1
       1
       0
       0
       0
       2
       0
       1
       0
       0
       0
       1
       0
       1
       0
       1
       0
       0
       1
       0
       0
       0
       0
       1
       1
       0
       1
       0
       1
       0
       0
       0
       0
       0
       0
       0
       1
       0
       0
       1
       1
       1
       0
       1
       0
       0
       0
       0
       0
       0
       0
       1
       0
       2
       0
       0
       1
       0
       0
       0
       0
       0
       0
       0
       0
       0
       0
       0
       0
       0
       0
       0
       0
       0
       0
       0
       0
       0
       0
       0
       0
       0
       0
       0
       0
       1
       0
       1
       0
       0
       2
       0
       0
       0
       1
       0
       0
       0
       0
       0
       1
       0
       0
       1
       0
       1
       0
       1
       0
       1
       0
       0
       0
       0
       0
       0
       0
       0
       0
       0
       1
       0
       0
       1
       1
       2
       1
       1
       1
       7
      10
       3
       2
       0
       0
       0
       0
       0
       0
       0
       1
       0
       0
       0
       0
       0
       0
       0
       0
       0
       0
       0
       0
       0
       0
       1
       0
       0
       0
       0
       0
       0
       0
       0
       0
       0
       0
       0
       0
       0
       0
       0
       0
       0
       0
       2
       0
       0
       0
       0
       0
       0
       0
       0
       0
       0
       1
       0
       0
       0
       0
       0
       1
       0
       0
       0
       0
       0
       0
       0
       0
       0
       0
       0
       1
       0
       0
       0
       0
       1
       0
       0
       0
       0
       0
       0
       0
       0
       0
       0
       0
       0
       1
       0
       0
       1
       0
       0
       0
       0
       0
       0
       0
       0
       1
       0
       0
       1
       2
       1
       1
       0
       1
       1
       0
       0
       0
       0
       0
       0
       0
       0
       0
       0
       0
       0
       0
       1
       0
       1
       0
       1
       0
       0
       0
       1
       2
       0
       0
       0
       0
       1
       0
       0
       1
       0
       0
       0
       0
       0
       0
       0
       0
       0
       0
       0
       0
       0
       1
       0
       0
       0
       0
       0
       0
       0
       0
       0
       1
       0
       1
       0
       0
       0
       0
       0
       0
       0
       1
       0
       0
       0
       0
       0
       0
       0
       0
       1
       0
       0
       0
       0
       0
       0
       0
       0
       2
       0
       0
       0
       0
       0
       1
       0
       0
       0
       0
       1
       0
       0
       0
       0
       0
       1
       0
       0
       0
       0
       1
       0
       0
       0
       0
       0
       0
       0
       0
       0
       0
       0
       0
       0
       1
       0
       0
       0
       0
       0
       0
       0
       0
       0
       0
       0
       0
       0
       0
       0
       0
       0
       0
       0
       0
       1
       0
       0
       0
       0
       0
       1
       1
       0
       0
       0
       0
       0
       0
       0
       0
       0
       0
       0
       0
       0
       0
       0
       0
       0
       0
       0
       0
       0
       0
       0
       0
       0
       0
       1
       0
       0
       0
       0
       0
       0
       0
       0
       1
       0
       0
       0
       0
       0
       0
       0
       0
       1
       0
       0
       0
       0
       0
       0
       0
       0
       0
       0
       0
       0
       0
       0
       0
       0
       0
       0
       1
       0
       0
       0
       0
       0
       0
       0
       0
       0
       0
       0
       2
       0
       0
       1
       0
       0
       0
       0
       1
       1
       1
       0
       0
       0
       0
       0
       0
       0
       0
       0
       0
       0
       0
       0
       0
       0
       1
       0
       0
       0
       2
       0
       0
       0
       0
       0
       0
       0
       0
       1
       0
       0
       1
       0
       0
       0
       0
       0
       0
       0
       0
       1
       0
       0
       0
       0
       0
       0
       0
       0
       0
       0
       0
       0
       0
       0
       0
       0
       0
       0
       0
       0
       0
       0
       0
       0
       0
       1
       0
       0
       0
       0
       0
       0
       0
       0
       0
       1
       0
       0
       0
       0
       0
       0
       0
       0
       2
       0
       0
       0
       0
       0
       0
       0
       1
       0
       0
       0
       0
       0
       0
       0
       0
       0
       0
       0
       0
       0
       0
       0
       0
       1
       0
       0
       0
       0
       1
       0
       0
       0
       0
       0
       0
       1
       0
       0
       0
       0
       0
       0
       0
       0
       0
       1
       0
       0
       0
       0
       1
       1
       1
       0
       0
       0
       0
       0
       0
       0
       1
       0
       0
       0
       0
       0
       0
       0
       0
       0
       0
       0
       0
       0
       0
       0
       0
       0
       0
       0
       0
       0
       0
       0
       0
       0
       0
       0
       0
       0
       0
       0
       0
       0
       0
       0
       0
       0
       0
       0
       0
       0
       1
       0
       0
       1
       0
       0
       0
       0
       0
       0
       0
       0
       1
       0
       0
       0
       0
       0
       0
       0
       0
       0
       0
       0
       0
       0
       0
       0
       0
       0
       1
       0
       0
       0
       0
       0
       0
       0
       0
       0
       0
       1
       1
       0
       0
       1
       0
       0
       0
       0
       0
       1
       0
       1
       1
       1
       0
       0
       0
       0
       0
       1
       1
       0
       0
       0
       0
       1
       0
       1
       0
       0
       0
       0
       0
       0
       0
       1
       0
       0
       0
       0
       0
       0
       0
       0
       0
       0
       0
       0
       0
       0
       0
       0
       0
       0
       0
       0
       0
       0
       0
       1
       0
       0
       0
       0
       0
       0
       0
       0
       1
       0
       1
       0
       0
       0
       0
       0
       0
       0
       0
       0
       0
       0
       0
       1
       0
       0
       0
       0
       0
       0
       0
       0
       0
       0
       0
       0
       0
       0
       0
       0
       0
       0
       0
       0
       0
       0
       2
       0
       0
       1
       0
       0
       0
       0
       0
       0
       0
       0
       0
       1
       2
       0
       0
       1
       1
       0
       0
       0
       0
       0
       0
       0
       0
       1
       0
       0
       0
       0
       0
       0
       0
       1
       0
       0
       0
       0
       0
       0
       0
       0
       0
       0
       0
       0
       0
       1
       0
       0
       0
       0
       1
       0
       0
       0
       0
       0
       0
       0
       1
       0
       0
       0
       0
       0
       0
       0
       0
       0
       0
       0
       0
       0
       0
       0
       0
       1
       0
       0
       0
       0
       0
       0
       0
       0
       0
       0
       0
       0
       0
       0
       0
       0
       0
       0
       0
       0
       0
       0
       0
       1
       0
       1
       0
       0
       0
       0
       0
       0
       0
       0
       0
       0
       0
       0
       0
       1
       0
       0
       0
       0
       0
       0
       0
       0
       0
       0
       0
       0
       0
       0
       0
       0
       0
       0
       0
       1
       0
       0
       0
       0
       0
       0
       0
       0
       0
       0
       0
       1
       0
       0
       0
       0
       0
       0
       0
       0
       0
       0
       1
       0
       0
       0
       0
       0
       0
       0
       0
       0
       0
       0
       0
       0
       0
       0
       0
       0
       0
       0
       0
       0
       0
       0
       0
       0
       0
       0
       0
       0
       0
       0
       0
       0
       0
       0
       1
       0
       0
       0
       0
       0
       0
       0
       1
       0
       0
       0
       0
       0
       0
       0
       0
       0
       0
       0
       0
       0
       0
       0
       0
       1
       0
       0
       1
       0
       0
       0
       0
       0
       0
       0
       0
       0
       0
       0
       0
       0
       0
       0
       0
       1
       0
       0
       0
       0
       0
       0
       0
       0
       0
       0
       0
       0
       0
       0
       0
       0
       0
       0
       0
       0
       0
       0
       0
       0
       0
       0
       0
       0
       0
       0
       0
       0
       0
       0
       0
       0
       0
       0
       0
       0
       0
       0
       0
       0
       0
       0
       0
       0
       1
       0
       1
       0
       0
       0
       0
       0
       0
       0
       0
       0
       0
       0
       0
       0
       0
       0
       0
       0
       0
       1
       0
       0
       0
       0
       0
       0
       0
       0
       0
       0
       0
       0
       0
       0
       0
       0
       1
       0
       0
       0
       0
       0
       0
       0
       0
       0
       0
       0
       0
       1
       1
       1
       0
       0
       0
       0
       0
       0
       0
       0
       0
       0
       0
       0
       0
       0
       0
       0
       0
       0
       0
       0
       1
       0
       0
       0
       0
       0
       0
       0
       0
       0
       0
       0
       0
       0
       0
       1
       0
       0
       0
       0
       0
       1
       0
       0
       0
       0
       0
       1
       0
       1
       0
       0
       0
       0
       0
       0
       0
       0
       1
       1
       0
       0
       0
       0
       1
       0
       0
       0
       0
       0
       0
       0
       0
       0
       0
       0
       0
       0
       0
       0
       1
       0
       0
       0
       0
       0
       0
       0
       0
       0
       0
       0
       0
       0
       0
       0
       0
       0
       1
       0
       0
       0
       0
       0
       0
       0
       0
       0
       0
       0
       0
       0
       0
       0
       0
       0
       0
       0
       0
       0
       0
       0
       0
       0
       1
       0
       0
       0
       0
       1
       0
       0
       0
       0
       0
       0
       0
       0
       0
       0
       0
       0
       0
       0
       0
       0
       0
       1
       0
       0
       0
       0
       0
       0
       0
       0
       0
       0
       0
       0
       0
       0
       0
       0
       0
       0
       0
       0
       0
       0
       0
       0
       0
       0
       0
       0
       0
       0
       0
       0
       0
       1
       0
       0
       0
       0
       0
       0
       1
       0
       0
       0
       0
       0
       0
       0
       0
       0
       0
       0
       0
       0
       0
       0
       0
       0
       0
       0
       0
       1
       0
       0
       1
       0
       0
       0
       0
       0
       0
       0
       0
       0
       0
       0
       0
       1
       0
       0
       0
       0
       0
       0
       0
       0
       0
       0
       0
       0
       0
       1
       0
       0
       0
       0
       0
       0
       0
       0
       0
       0
       0
       0
       0
       0
       0
       0
       0
       1
       0
       1
       0
       0
       0
       0
       0
       0
       0
       0
       0
       0
       0
       0
       0
       1
       0
       0
       0
       0
       0
       0
       0
       0
       0
       0
       0
       0
       0
       0
       0
       0
       0
       1
       0
       0
       0
       0
       0
       0
       0
       0
       0
       0
       0
       0
       0
       0
       0
       0
       0
       0
       0
       0
       0
       0
       0
       0
       0
       0
       0
       0
       0
       0
       0
       0
       0
       0
       0
       0
       0
       0
       0
       0
       0
       0
       0
       0
       0
       0
       0
       0
       0
       0
       0
       0
       0
       0
       0
       0
       0
       0
       0
       0
       0
       0
       0
       0
       1
       0
       0
       0
       0
       0
       0
       0
       0
       0
       0
       1
       0
       1
       0
       0
       0
       0
       0
       0
       0
       0
       1
       0
       0
       0
       0
       0
       0
       0
       0
       1
       0
       0
       0
       0
       0
       1
       0
       0
       0
       0
       0
       0
       0
       0
       0
       0
       0
       0
       0
       0
       0
       0
       0
       0
       0
       0
       0
       0
       0
       0
       0
       0
       0
       0
       0
       0
       0
       0
       0
       0
       0
       0
       0
       0
       0
       0
       0
       0
       0
       0
       0
       0
       0
       0
       0
       0
       0
       0
       0
       0
       0
       0
       0
       0
       0
       0
       0
       0
       0
       0
       0
       0
       0
       0
       0
       0
       0
       0
       0
       0
       0
       0
       0
       0
       0
       0
       0
       0
       0
       0
       0
       0
       0
       0
       0
       0
       0
       0
       0
       0
       0
       0
       0
       0
       0
       0
       0
       0
       0
       0
       0
       0
       0
       0
       0
       0
       0
       0
       0
       0
       0
       0
       0
       0
       0
       0
       0
       0
       0
       0
       0
       0
       0
       0
       0
       0
       0
       0
       0
       0
       0
       0
       0
       0
       0
       0
       0
       0
       0
       0
       0
       0
       0
       0
       0
       0
       0
       0
       0
       0
       0
       0
       0
$ROI:
0
$PRESETS:
None
0
0
$ENER_FIT:
0.000000 0.000000
$MCA_CAL:
3
0.000000E+000 0.000000E+000 0.000000E+000 
$SHAPE_CAL:
3
0.000000E+000 0.000000E+000 0.000000E+000
