$SPEC_ID:
No sample description was entered.
$SPEC_REM:
DET# 1
DETDESC# SCE-SOPA-00035 MCB 133
AP# Maestro Version 7.01
$DATE_MEA:
11/14/2019 10:05:11
$MEAS_TIM:
3436 3437
$DATA:
0 4095
       0
       0
       0
       0
       0
       0
       0
       0
       0
       0
       0
       0
       0
       0
       0
       0
       1
       0
       0
       1
       0
       0
       0
       1
       0
       1
       3
       3
       6
      19
      81
      93
      84
      82
      72
     101
      94
      74
      81
      76
      88
      86
      90
      98
      80
      71
      68
      98
      99
      74
      79
      54
      72
      74
      76
      66
      72
      65
      79
      89
      70
      73
      81
      74
      88
      84
      94
      79
      55
      65
      68
      72
      82
      81
      80
      88
      60
      81
      75
      65
      76
      83
      90
      74
      71
      87
      79
      81
      86
      72
     124
      80
      97
     112
     110
      87
      82
      96
      86
     103
      92
      90
      96
      73
      80
      86
      83
      82
      76
      83
      79
      94
      88
      91
      87
      89
      92
      85
     103
     103
     111
     109
     112
     101
      93
      98
     101
     102
     106
     102
      92
     113
      84
     104
     103
     102
     104
     117
     106
      96
      96
     109
      99
     100
      98
     114
     104
     100
     109
     105
     103
     103
      84
      92
      92
     105
      90
     106
     109
      92
     100
     104
      93
      74
      96
      98
     116
      93
      82
      75
      88
     101
      93
     110
      88
     105
      83
      85
     107
     100
      93
     105
      95
      88
      93
      77
      96
     112
      92
      84
      96
      77
      84
      84
      95
     103
      85
      79
     101
      91
      95
      82
      85
      95
      80
      97
      79
      79
      93
     109
      92
     112
     108
     128
     111
      99
     111
     105
     102
     104
     112
     109
     101
     118
     123
     104
     123
     101
      99
      90
      98
      97
      83
      98
     115
      78
      88
      76
      91
      87
      73
      92
      77
      77
      81
      81
      76
      92
      72
      80
      91
      75
      74
      85
      73
      68
      59
      65
      77
      78
      69
      65
      59
      67
      67
      77
      67
      68
      62
      58
      68
      59
      63
      52
      70
      57
      68
      47
      61
      65
      66
      75
      52
      63
      49
      56
      51
      70
      55
      47
      58
      50
      70
      49
      46
      59
      46
      50
      53
      62
      54
      60
      49
      38
      64
      60
      56
      53
      44
      41
      58
      58
      44
      52
      41
      54
      40
      54
      51
      56
      50
      41
      45
      48
      39
      58
      53
      48
      60
      40
      40
      49
      53
      40
      33
      45
      43
      51
      38
      40
      58
      54
      46
      30
      37
      38
      53
      46
      42
      47
      49
      52
      36
      49
      44
      35
      58
      29
      28
      39
      44
      36
      44
      50
      40
      37
      32
      40
      34
      31
      52
      36
      49
      34
      34
      41
      40
      33
      46
      40
      35
      34
      43
      35
      30
      31
      40
      41
      36
      37
      46
      33
      33
      27
      34
      32
      40
      31
      44
      39
      42
      49
      32
      41
      52
      37
      34
      47
      39
      31
      35
      34
      26
      47
      31
      34
      32
      43
      38
      32
      34
      22
      38
      56
      30
      30
      37
      26
      34
      36
      41
      33
      43
      32
      24
      31
      22
      35
      37
      36
      39
      27
      30
      34
      37
      27
      42
      27
      39
      23
      32
      32
      30
      35
      42
      21
      37
      32
      30
      26
      35
      26
      39
      30
      33
      26
      32
      36
      34
      34
      31
      24
      46
      37
      38
      31
      17
      30
      35
      36
      36
      27
      31
      35
      31
      36
      36
      34
      31
      36
      34
      19
      34
      40
      38
      31
      29
      33
      26
      27
      34
      34
      20
      25
      32
      44
      33
      36
      27
      27
      41
      29
      42
      40
      33
      48
      42
      25
      26
      25
      20
      23
      26
      35
      23
      30
      27
      34
      23
      23
      25
      27
      32
      29
      33
      32
      21
      31
      26
      24
      21
      40
      21
      29
      40
      28
      29
      24
      29
      20
      34
      31
      28
      32
      36
      25
      40
      34
      32
      25
      25
      29
      23
      21
      25
      30
      30
      31
      28
      29
      26
      18
      34
      32
      32
      22
      32
      22
      20
      28
      34
      33
      24
      34
      26
      35
      29
      40
      33
      20
      36
      31
      23
      25
      32
      48
      29
      31
      25
      16
      29
      23
      36
      28
      20
      31
      19
      34
      26
      28
      30
      35
      23
      32
      26
      26
      23
      24
      22
      23
      20
      22
      29
      27
      27
      32
      30
      24
      21
      26
      26
      24
      25
      31
      29
      24
      18
      30
      20
      31
      24
      28
      26
      37
      27
      27
      27
      27
      24
      32
      24
      23
      24
      37
      32
      22
      23
      26
      27
      30
      22
      25
      21
      28
      24
      30
      32
      37
      24
      39
      33
      19
      24
      24
      39
      34
      33
      24
      32
      42
      31
      34
      24
      26
      38
      27
      25
      26
      35
      29
      16
      32
      26
      32
      19
      30
      34
      24
      29
      31
      25
      28
      17
      20
      27
      21
      32
      33
      30
      33
      29
      31
      29
      45
      26
      20
      25
      27
      32
      23
      29
      26
      26
      28
      21
      16
      36
      16
      24
      29
      24
      27
      29
      28
      21
      24
      25
      23
      23
      38
      22
      25
      21
      25
      27
      27
      29
      28
      28
      35
      31
      36
      26
      35
      38
      26
      29
      31
      31
      22
      25
      33
      23
      23
      28
      24
      33
      29
      22
      35
      43
      32
      31
      34
      25
      28
      29
      16
      22
      31
      30
      29
      28
      31
      30
      23
      38
      30
      28
      39
      36
      28
      22
      25
      34
      32
      25
      29
      35
      32
      28
      38
      24
      25
      30
      29
      33
      28
      46
      34
      35
      29
      30
      31
      37
      27
      30
      23
      24
      25
      34
      31
      35
      26
      26
      28
      33
      37
      28
      30
      34
      43
      37
      33
      34
      25
      35
      40
      28
      26
      27
      35
      36
      29
      30
      42
      32
      21
      29
      37
      39
      30
      30
      34
      22
      31
      27
      39
      41
      40
      26
      42
      33
      36
      29
      31
      33
      32
      31
      37
      31
      26
      28
      31
      28
      34
      38
      41
      33
      50
      36
      29
      33
      35
      38
      31
      31
      42
      36
      36
      22
      36
      25
      41
      32
      37
      40
      25
      32
      38
      36
      26
      38
      26
      34
      32
      37
      39
      30
      37
      34
      45
      43
      23
      34
      34
      39
      32
      28
      41
      31
      48
      39
      32
      31
      42
      43
      49
      47
      33
      36
      42
      33
      43
      40
      48
      49
      38
      35
      45
      40
      42
      33
      52
      43
      37
      42
      46
      39
      38
      51
      43
      40
      33
      46
      45
      47
      46
      50
      38
      51
      35
      37
      46
      37
      53
      42
      41
      41
      32
      35
      36
      27
      47
      24
      27
      44
      27
      30
      37
      28
      28
      33
      24
      35
      38
      30
      31
      32
      38
      32
      36
      36
      21
      29
      21
      31
      25
      28
      36
      32
      29
      31
      28
      37
      36
      26
      31
      30
      21
      24
      23
      30
      41
      30
      27
      29
      30
      26
      23
      31
      37
      29
      21
      25
      38
      26
      22
      27
      20
      20
      30
      24
      28
      28
      29
      27
      33
      23
      25
      23
      25
      36
      26
      31
      26
      37
      34
      37
      27
      24
      35
      29
      31
      27
      28
      26
      35
      23
      33
      20
      20
      22
      22
      27
      26
      30
      33
      30
      26
      27
      29
      32
      27
      25
      29
      33
      31
      23
      32
      25
      21
      32
      31
      23
      25
      38
      27
      31
      31
      27
      33
      22
      30
      26
      34
      25
      27
      22
      32
      27
      21
      25
      28
      32
      28
      25
      18
      27
      21
      25
      23
      22
      28
      28
      25
      26
      29
      41
      23
      34
      22
      22
      29
      23
      29
      12
      21
      22
      20
      21
      18
      18
      24
      19
      20
      22
       9
      16
      17
      14
      14
      15
      15
      20
      11
      12
      19
      14
      22
      19
      22
      22
      17
      17
      15
      23
      11
      12
      29
      16
      16
      13
      19
      17
      15
      10
      16
      16
      13
      11
      13
       7
      13
      30
      77
     198
     440
     683
     651
     336
     124
      33
      24
      13
      11
      10
      11
      15
      10
      15
       5
       9
      13
      11
      11
       5
       9
       9
       6
       7
       7
      11
       9
       8
      12
       9
       7
       8
      11
      10
       6
      10
       4
      10
       9
       6
       7
       6
       5
       4
       7
       7
       8
       6
       4
       4
      11
       2
       3
       6
       2
       9
       5
       2
       7
       5
       6
       5
       7
       5
       2
       3
       7
       3
       6
       8
       5
       3
       4
       1
       6
       2
       5
       2
       2
       5
       4
       5
       5
       6
       0
       2
       5
       6
       2
       8
       4
       4
       5
       5
       3
       5
       4
       2
       3
       4
       4
       4
       4
       1
       3
       3
       1
       5
       9
       4
       5
       6
       4
       3
       4
       8
       6
       5
       5
       6
       7
       9
       7
       4
       3
       4
       3
       9
       3
       1
       4
       4
       4
       5
       1
       4
       6
       5
       4
       1
       4
       6
       6
       4
       7
       3
       5
       8
       6
       3
       5
       2
       4
       2
       6
       6
       8
      28
      70
     203
     446
     603
     533
     269
      94
      21
       5
       3
       1
       3
       1
       3
       4
       1
       4
       1
       1
       2
       0
       0
       1
       1
       1
       1
       1
       1
       1
       1
       0
       1
       1
       6
       0
       1
       2
       0
       2
       1
       2
       3
       0
       2
       1
       1
       0
       1
       2
       1
       0
       0
       0
       0
       1
       0
       0
       1
       0
       0
       1
       1
       1
       1
       1
       2
       0
       2
       0
       2
       0
       0
       1
       1
       2
       0
       2
       2
       1
       1
       0
       0
       0
       2
       2
       0
       1
       1
       0
       1
       1
       3
       3
       0
       3
       2
       0
       4
       0
       5
       1
       0
       1
       1
       2
       0
       1
       1
       2
       2
       1
       1
       1
       2
       0
       1
       0
       1
       1
       2
       1
       1
       0
       1
       2
       1
       2
       0
       2
       1
       2
       8
       7
       4
       2
       0
       2
       1
       1
       1
       3
       3
       1
       1
       1
       4
       1
       1
       3
       0
       1
       1
       0
       2
       1
       1
       0
       0
       1
       0
       2
       0
       0
       0
       0
       1
       1
       1
       2
       0
       0
       0
       2
       1
       0
       1
       2
       1
       4
       2
       5
       3
       1
       0
       2
       0
       2
       2
       1
       0
       2
       2
       1
       1
       2
       6
       0
       2
       3
       0
       1
       0
       1
       1
       0
       0
       0
       2
       0
       0
       0
       1
       0
       0
       0
       1
       2
       0
       1
       2
       3
       1
       0
       1
       0
       1
       0
       0
       0
       2
       2
       2
       0
       2
       0
       1
       2
       0
       1
       1
       0
       0
       1
       1
       1
       1
       2
       0
       0
       0
       0
       1
       0
       2
       2
       0
       0
       0
       0
       0
       1
       0
       1
       0
       0
       0
       1
       0
       1
       1
       1
       0
       0
       0
       3
       1
       1
       1
       0
       2
       0
       1
       0
       0
       1
       0
       0
       1
       2
       0
       1
       2
       2
       5
       3
       0
       1
       0
       1
       1
       0
       0
       2
       0
       1
       0
       2
       0
       0
       0
       1
       2
       1
       0
       2
       1
       0
       0
       3
       0
       1
       0
       0
       2
       3
       1
       0
       1
       0
       0
       1
       0
       1
       0
       0
       0
       1
       0
       0
       1
       1
       1
       0
       0
       1
       1
       1
       0
       0
       0
       0
       0
       1
       1
       0
       1
       0
       1
       2
       1
       2
       1
       0
       0
       0
       0
       1
       1
       0
       0
       0
       0
       1
       0
       1
       2
       0
       0
       0
       4
       1
       0
       0
       0
       2
       2
       0
       2
       0
       1
       0
       2
       1
       0
       0
       0
       0
       2
       0
       0
       1
       2
       1
       1
       2
       1
       0
       2
       1
       2
       0
       0
       0
       0
       0
       0
       2
       0
       1
       0
       1
       1
       1
       0
       1
       0
       1
       0
       1
       1
       0
       0
       1
       0
       0
       0
       1
       1
       0
       2
       1
       1
       1
       0
       0
       3
       0
       0
       0
       0
       2
       2
       0
       1
       1
       1
       0
       0
       0
       0
       0
       0
       0
       0
       0
       3
       0
       0
       1
       1
       1
       0
       1
       0
       0
       0
       3
       0
       0
       1
       1
       0
       0
       0
       1
       1
       1
       1
       0
       1
       1
       0
       0
       1
       0
       1
       0
       0
       2
       2
       0
       0
       1
       0
       0
       1
       1
       0
       0
       0
       0
       1
       1
       0
       0
       0
       0
       0
       1
       0
       1
       1
       0
       0
       0
       1
       1
       2
       0
       0
       0
       0
       0
       0
       0
       0
       0
       0
       0
       0
       1
       0
       2
       0
       0
       1
       0
       0
       3
       1
       0
       0
       1
       0
       0
       1
       0
       1
       0
       0
       0
       1
       2
       0
       1
       0
       0
       1
       0
       2
       1
       0
       0
       0
       2
       0
       0
       1
       1
       1
       0
       0
       1
       0
       0
       0
       1
       0
       0
       0
       0
       0
       0
       0
       0
       0
       1
       1
       0
       1
       1
       1
       2
       1
       0
       1
       0
       1
       1
       0
       1
       0
       0
       1
       0
       0
       3
       1
       0
       0
       0
       1
       0
       0
       0
       0
       0
       0
       2
       0
       1
       0
       0
       0
       0
       1
       0
       1
       1
       1
       1
       0
       0
       1
       0
       0
       0
       2
       2
       1
       1
       1
       0
       1
       0
       0
       0
       1
       0
       1
       0
       1
       0
       1
       1
       0
       0
       0
       0
       1
       0
       0
       0
       1
       2
       1
       1
       2
       0
       0
       0
       1
       0
       0
       0
       0
       0
       1
       0
       0
       0
       0
       1
       0
       0
       2
       0
       2
       1
       1
       1
       1
       1
       0
       0
       0
       1
       1
       0
       3
       0
       0
       1
       1
       1
       0
       0
       0
       0
       0
       0
       0
       1
       0
       1
       0
       0
       0
       0
       1
       0
       1
       0
       0
       1
       0
       0
       1
       0
       0
       0
       0
       0
       0
       0
       0
       0
       0
       0
       0
       1
       2
       0
       0
       0
       0
       0
       0
       1
       1
       0
       1
       0
       0
       1
       0
       0
       0
       1
       0
       1
       1
       1
       0
       0
       0
       1
       0
       1
       0
       0
       0
       0
       0
       1
       1
       0
       1
       0
       0
       1
       0
       1
       1
       0
       0
       1
       0
       0
       1
       0
       0
       0
       1
       1
       0
       1
       0
       0
       0
       0
       0
       1
       0
       1
       0
       0
       0
       0
       0
       1
       0
       0
       1
       0
       0
       0
       0
       0
       1
       0
       0
       1
       1
       0
       2
       0
       0
       0
       0
       0
       0
       1
       0
       0
       0
       0
       1
       2
       0
       1
       0
       0
       0
       0
       0
       2
       0
       0
       0
       1
       0
       0
       1
       0
       1
       1
       0
       0
       0
       0
       0
       2
       0
       1
       0
       1
       0
       0
       0
       0
       0
       0
       1
       3
       0
       1
       0
       0
       0
       0
       1
       0
       0
       0
       0
       0
       1
       0
       0
       0
       0
       0
       1
       0
       1
       0
       2
       0
       0
       1
       0
       0
       0
       1
       0
       0
       1
       0
       0
       4
       0
       1
       0
       0
       0
       0
       0
       1
       0
       0
       0
       1
       1
       0
       1
       0
       0
       2
       0
       0
       0
       1
       1
       0
       2
       0
       0
       0
       1
       0
       0
       1
       0
       1
       0
       0
       0
       0
       2
       0
       0
       0
       2
       2
       0
       1
       1
       0
       2
       0
       0
       0
       0
       0
       0
       0
       1
       0
       3
       0
       0
       0
       1
       1
       1
       0
       1
       0
       0
       0
       0
       1
       0
       1
       0
       0
       0
       0
       1
       1
       0
       1
       0
       1
       0
       0
       0
       0
       2
       0
       1
       0
       0
       0
       0
       0
       0
       0
       0
       0
       0
       0
       0
       0
       0
       0
       0
       0
       0
       0
       1
       0
       2
       0
       0
       2
       0
       0
       0
       0
       2
       0
       0
       1
       0
       0
       0
       1
       1
       0
       0
       0
       0
       0
       0
       0
       0
       1
       0
       0
       0
       0
       0
       0
       0
       1
       0
       0
       0
       0
       0
       0
       0
       0
       1
       0
       0
       0
       0
       0
       0
       0
       0
       0
       0
       1
       0
       1
       0
       0
       1
       0
       0
       0
       1
       0
       0
       0
       0
       0
       0
       0
       0
       0
       2
       0
       0
       0
       1
       0
       0
       0
       1
       0
       0
       0
       0
       1
       1
       0
       1
       0
       0
       0
       0
       0
       0
       0
       0
       0
       0
       0
       0
       0
       1
       0
       0
       0
       0
       1
       0
       0
       0
       1
       0
       1
       0
       0
       0
       0
       0
       0
       0
       1
       0
       0
       0
       0
       0
       0
       0
       0
       1
       0
       1
       0
       0
       0
       0
       1
       0
       0
       0
       1
       0
       1
       0
       2
       2
       3
       2
       0
       1
       0
       0
       0
       0
       0
       0
       0
       0
       0
       1
       0
       0
       0
       0
       0
       0
       0
       0
       0
       0
       0
       0
       1
       0
       0
       0
       0
       0
       0
       0
       0
       0
       0
       1
       1
       0
       0
       0
       1
       1
       1
       0
       0
       1
       0
       0
       0
       0
       0
       0
       0
       0
       0
       0
       1
       1
       0
       0
       0
       0
       0
       0
       2
       0
       0
       0
       0
       0
       0
       0
       0
       0
       0
       0
       0
       0
       0
       0
       0
       0
       0
       0
       0
       0
       0
       0
       0
       0
       0
       0
       0
       0
       0
       0
       0
       0
       0
       0
       0
       0
       0
       1
       0
       0
       1
       4
       1
       2
       2
       0
       0
       1
       0
       0
       0
       0
       0
       0
       0
       0
       0
       0
       0
       0
       0
       1
       0
       1
       0
       0
       0
       0
       0
       0
       0
       0
       0
       0
       0
       0
       0
       0
       0
       0
       0
       0
       1
       0
       0
       0
       0
       0
       0
       0
       0
       0
       0
       0
       0
       0
       0
       0
       0
       1
       0
       0
       1
       0
       0
       1
       0
       0
       0
       0
       0
       0
       1
       0
       1
       0
       0
       0
       0
       0
       1
       0
       0
       0
       1
       0
       0
       0
       0
       0
       0
       0
       1
       0
       0
       0
       0
       0
       1
       0
       0
       0
       0
       0
       0
       0
       0
       0
       1
       0
       0
       0
       0
       0
       0
       0
       0
       0
       0
       0
       0
       0
       0
       0
       0
       0
       0
       0
       0
       0
       0
       0
       0
       0
       0
       0
       0
       1
       0
       0
       0
       0
       0
       1
       0
       0
       0
       1
       0
       1
       0
       0
       0
       0
       1
       0
       0
       0
       0
       0
       0
       0
       0
       0
       0
       0
       1
       0
       1
       1
       1
       0
       0
       0
       0
       0
       0
       0
       1
       0
       0
       1
       0
       0
       0
       0
       0
       0
       0
       0
       0
       0
       0
       0
       0
       1
       0
       0
       0
       0
       0
       0
       0
       0
       0
       0
       0
       1
       0
       0
       0
       0
       0
       0
       0
       0
       1
       0
       0
       0
       0
       0
       0
       0
       0
       0
       0
       0
       0
       0
       0
       0
       0
       0
       0
       0
       0
       0
       0
       1
       0
       0
       0
       0
       0
       0
       0
       0
       0
       0
       0
       0
       0
       1
       0
       0
       0
       0
       0
       1
       0
       1
       0
       0
       0
       0
       0
       0
       0
       0
       0
       0
       0
       0
       0
       0
       0
       0
       0
       1
       1
       0
       0
       0
       0
       0
       1
       0
       0
       0
       0
       0
       0
       1
       0
       0
       0
       0
       0
       0
       0
       0
       0
       0
       0
       0
       0
       0
       0
       0
       0
       1
       0
       0
       0
       0
       1
       1
       0
       0
       0
       0
       0
       0
       0
       0
       0
       0
       0
       0
       0
       0
       0
       0
       0
       0
       0
       0
       0
       0
       0
       0
       0
       0
       0
       1
       0
       0
       0
       0
       0
       0
       1
       0
       0
       1
       0
       0
       0
       1
       0
       0
       1
       0
       0
       0
       0
       0
       0
       0
       0
       0
       0
       0
       0
       0
       0
       0
       0
       0
       0
       0
       0
       0
       0
       0
       1
       0
       1
       0
       0
       0
       0
       0
       0
       0
       0
       0
       0
       0
       0
       0
       0
       0
       0
       0
       1
       0
       0
       0
       0
       0
       0
       0
       0
       0
       0
       0
       0
       0
       0
       0
       0
       0
       0
       1
       0
       0
       0
       0
       0
       0
       0
       0
       0
       0
       0
       0
       0
       0
       1
       0
       0
       0
       1
       0
       0
       0
       0
       0
       0
       1
       0
       1
       0
       0
       0
       0
       0
       0
       0
       1
       0
       0
       0
       0
       0
       1
       0
       0
       0
       0
       0
       0
       0
       0
       0
       1
       0
       0
       0
       0
       0
       0
       0
       0
       0
       0
       0
       0
       0
       0
       0
       1
       0
       0
       0
       0
       0
       0
       1
       0
       0
       0
       0
       1
       0
       0
       0
       1
       0
       0
       0
       0
       0
       0
       0
       0
       0
       0
       0
       1
       0
       0
       0
       0
       0
       0
       0
       0
       0
       0
       0
       0
       0
       0
       0
       0
       0
       0
       0
       0
       0
       0
       0
       0
       0
       0
       0
       0
       1
       0
       0
       0
       0
       2
       1
       0
       1
       0
       0
       0
       1
       0
       0
       0
       0
       0
       0
       0
       0
       1
       0
       0
       0
       0
       0
       0
       1
       0
       0
       0
       0
       0
       0
       0
       1
       0
       0
       0
       0
       0
       0
       0
       1
       0
       0
       1
       0
       0
       0
       0
       0
       0
       2
       0
       0
       0
       0
       0
       0
       0
       0
       1
       1
       0
       0
       0
       0
       0
       0
       0
       0
       0
       0
       0
       0
       0
       0
       0
       0
       0
       0
       1
       0
       0
       0
       1
       0
       0
       1
       0
       0
       0
       0
       0
       1
       0
       0
       0
       0
       0
       0
       0
       0
       0
       1
       0
       0
       0
       0
       0
       0
       0
       1
       0
       0
       0
       2
       0
       0
       0
       0
       0
       0
       0
       0
       0
       0
       0
       0
       0
       0
       0
       0
       0
       0
       0
       0
       0
       0
       0
       0
       0
       0
       0
       0
       0
       0
       0
       0
       0
       0
       0
       0
       1
       2
       0
       0
       0
       0
       0
       0
       0
       0
       0
       0
       1
       0
       0
       0
       0
       0
       0
       0
       0
       0
       0
       0
       0
       0
       0
       0
       0
       1
       0
       0
       0
       0
       0
       0
       0
       1
       0
       0
       0
       0
       0
       0
       0
       0
       0
       1
       0
       0
       0
       0
       0
       0
       0
       0
       0
       0
       0
       0
       0
       0
       1
       0
       0
       0
       0
       0
       0
       0
       0
       0
       0
       0
       0
       0
       1
       0
       0
       0
       0
       0
       0
       0
       0
       0
       0
       0
       0
       0
       1
       0
       1
       0
       1
       0
       0
       0
       0
       0
       0
       1
       0
       0
       0
       0
       1
       0
       0
       0
       0
       0
       0
       0
       0
       0
       0
       0
       0
       0
       0
       0
       0
       0
       0
       0
       0
       0
       0
       0
       0
       0
       0
       1
       0
       0
       0
       0
       0
       0
       0
       0
       0
       0
       0
       0
       0
       0
       0
       0
       0
       0
       0
       0
       0
       0
       0
       0
       0
       0
       0
       0
       0
       0
       0
       0
       0
       1
       0
       0
       1
       0
       0
       0
       0
       0
       0
       0
       1
       0
       0
       0
       0
       0
       0
       0
       0
       1
       1
       0
       0
       1
       0
       0
       0
       0
       0
       0
       0
       0
       0
       0
       0
       0
       0
       0
       0
       0
       0
       0
       0
       0
       0
       0
       0
       0
       0
       0
       0
       0
       0
       1
       0
       0
       0
       0
       0
       0
       0
       0
       0
       0
       0
       0
       0
       0
       0
       0
       0
       1
       0
       0
       0
       0
       0
       0
       0
       1
       0
       0
       0
       0
       0
       0
       1
       0
       0
       0
       1
       0
       0
       0
       0
       0
       0
       0
       0
       1
       0
       0
       0
       0
       0
       0
       0
       1
       0
       0
       0
       0
       0
       0
       0
       0
       0
       1
       0
       0
       1
       0
       0
       0
       0
       0
       0
       0
       0
       0
       0
       0
       0
       0
       0
       0
       0
       0
       1
       0
       0
       0
       0
       0
       0
       0
       0
       0
       0
       0
       0
       1
       0
       0
       0
       0
       1
       0
       0
       0
       0
       1
       0
       0
       0
       0
       0
       0
       0
       0
       0
       0
       0
       0
       0
       0
       0
       0
       1
       0
       0
       0
       0
       1
       0
       1
       0
       0
       0
       0
       1
       0
       0
       0
       0
       0
       0
       0
       0
       0
       0
       0
       0
       0
       0
       0
       0
       0
       0
       0
       0
       0
       0
       0
       0
       0
       0
       0
       0
       0
       0
       0
       0
       0
       0
       0
       0
       0
       0
       0
       0
       0
       0
       0
       0
       0
       0
       0
       0
       0
       0
       0
       0
       0
       0
       0
       0
       0
       0
       0
       0
       1
       0
       0
       0
       0
       0
       0
       0
       0
       0
       0
       0
       0
       0
       0
       0
       0
       0
       0
       0
       0
       0
       0
       0
       0
       0
       0
       0
       0
       0
       0
       0
       0
       0
       0
       1
       0
       0
       0
       0
       1
       0
       0
       1
       0
       0
       0
       0
       0
       0
       0
       0
       0
       0
       0
       1
       0
       1
       0
       0
       1
       0
       0
       1
       0
       0
       0
       0
       0
       0
       1
       0
       0
       0
       0
       0
       0
       0
       1
       1
       0
       0
       0
       1
       0
       0
       0
       0
       0
       1
       0
       0
       0
       0
       0
       2
       0
       0
       0
       0
       0
       0
       0
       1
       0
       1
       1
       0
       1
       0
       0
       0
       0
       0
       0
       0
       0
       0
       0
       0
       0
       0
       0
       0
       0
       0
       0
       0
       0
       0
       0
       0
       0
       0
       0
       0
       0
       1
       0
       0
       0
       0
       0
       0
       0
       0
       1
       0
       1
       1
       0
       0
       0
       0
       0
       1
       0
       0
       0
       1
       0
       0
       0
       0
       0
       0
       0
       0
       0
       0
       0
       1
       0
       0
       0
       0
       0
       0
       0
       0
       0
       0
       0
       0
       0
       0
       0
       0
       0
       0
       0
       0
       0
       0
       0
       0
       0
       0
       0
       0
       0
       0
       0
       0
       0
       0
       0
       0
       0
       0
       0
       0
       0
       0
       0
       0
       0
       0
       0
       0
       0
       0
       0
       0
       0
       0
       0
       0
       0
       0
       0
       0
       0
       0
       0
       0
       0
       0
       0
       0
       0
       0
       0
       0
       0
       0
       0
       0
       0
       0
       0
       0
       0
       0
       0
       0
       0
       0
       0
       0
       0
       0
       0
       0
       0
       0
       0
       0
       0
       0
       0
       0
       0
       0
       0
       0
       0
       0
       0
       0
       0
       0
       0
       0
       0
       0
       0
       0
       0
       0
       0
       0
       0
       0
       0
       0
       0
       0
       0
       0
       0
       0
       0
       0
       0
       0
       0
       0
       0
       0
       0
       0
       0
       0
       0
       0
       0
       0
       0
       0
       0
       0
       0
       0
       0
       0
       0
       0
       0
       0
       0
       0
       0
       0
       0
       0
       0
       0
       0
       0
       0
       0
       0
       0
       0
       0
       0
       0
       0
$ROI:
0
$PRESETS:
None
0
0
$ENER_FIT:
0.000000 0.000000
$MCA_CAL:
3
0.000000E+000 0.000000E+000 0.000000E+000 
$SHAPE_CAL:
3
0.000000E+000 0.000000E+000 0.000000E+000
