$SPEC_ID:
No sample description was entered.
$SPEC_REM:
DET# 1
DETDESC# SCE-SOPA-00035 MCB 133
AP# Maestro Version 7.01
$DATE_MEA:
11/05/2019 14:53:20
$MEAS_TIM:
3427 3428
$DATA:
0 4095
       0
       0
       0
       0
       0
       0
       0
       0
       0
       0
       0
       0
       0
       0
       0
       0
       0
       0
       0
       0
       0
       0
       0
       0
       0
       0
       2
       7
       4
      15
     113
     120
     111
     118
     122
     104
     114
     112
     125
     126
     115
      95
     119
     130
     102
     104
     142
     124
     119
     109
     110
     114
     104
     112
     113
     113
     100
     112
     119
     115
     119
     108
     133
     131
     124
     123
     111
      99
     115
     126
      89
     121
     106
     127
     130
     113
     120
     116
     115
     135
     108
     118
     104
     117
     107
     138
     120
     116
     115
     108
     117
     121
     153
     146
     137
     117
     130
     120
     124
     125
     129
     143
     133
     112
     120
     154
     136
     137
     121
     146
     145
     137
     129
     152
     120
     138
     155
     150
     152
     173
     148
     153
     145
     147
     123
     150
     133
     155
     151
     125
     150
     143
     159
     165
     154
     167
     139
     155
     164
     161
     148
     138
     158
     150
     150
     162
     162
     142
     159
     145
     156
     165
     144
     173
     164
     148
     178
     153
     141
     154
     150
     163
     141
     147
     161
     143
     145
     135
     142
     159
     121
     136
     134
     147
     132
     138
     156
     155
     143
     135
     125
     134
     148
     132
     142
     150
     141
     183
     146
     142
     132
     124
     139
     138
     133
     133
     136
     141
     161
     133
     157
     149
     139
     135
     138
     149
     147
     146
     144
     154
     151
     176
     179
     159
     151
     182
     189
     150
     176
     163
     191
     179
     158
     178
     172
     175
     174
     163
     153
     142
     145
     149
     125
     137
     157
     146
     126
     148
     161
     127
     144
     139
     120
     128
     106
     144
     133
     150
     121
     128
     119
     123
     133
     122
     106
     113
     107
     116
     106
     120
     115
     106
     107
     122
     126
      95
     102
     131
     110
     102
     122
     115
      92
     103
      99
     111
      97
     109
     129
     119
     104
      96
      77
     116
      93
      96
     102
      91
      88
      78
      99
     104
     107
      82
      99
      76
      96
      82
      80
      86
     110
      71
      89
      92
      70
      79
      86
      85
     103
      79
      78
     106
      94
     108
      80
      71
     101
      91
      86
      86
      70
      87
      96
     102
      83
      70
      89
      85
      77
      82
      79
      71
      92
      81
      77
      76
      77
      79
      76
      88
      77
      72
      74
      76
      83
      78
      67
      83
      62
      87
      79
      71
      68
      88
      75
      71
      74
      74
      65
      78
      68
      79
      84
      62
      73
      64
      71
      73
      65
      76
      83
      76
      48
      85
      67
      63
      69
      76
      70
      59
      70
      69
      73
      57
      71
      68
      74
      76
      62
      62
      68
      57
      67
      63
      66
      65
      75
      72
      53
      59
      53
      65
      64
      60
      54
      76
      68
      75
      72
      60
      70
      62
      67
      62
      65
      78
      57
      44
      66
      70
      63
      63
      63
      63
      58
      61
      64
      49
      53
      65
      62
      61
      54
      74
      76
      65
      66
      54
      66
      62
      59
      48
      62
      72
      60
      51
      75
      56
      76
      43
      65
      58
      68
      73
      64
      65
      66
      68
      60
      51
      51
      61
      73
      55
      65
      53
      53
      68
      80
      62
      69
      72
      66
      48
      47
      74
      59
      61
      47
      49
      49
      68
      49
      53
      49
      57
      51
      53
      65
      63
      62
      49
      57
      49
      60
      54
      54
      53
      58
      61
      56
      52
      61
      57
      58
      48
      53
      62
      68
      58
      50
      71
      74
      77
      70
      55
      56
      50
      58
      64
      72
      49
      44
      51
      60
      41
      56
      64
      44
      58
      61
      57
      43
      52
      54
      55
      47
      46
      64
      54
      54
      70
      51
      52
      51
      60
      61
      59
      50
      50
      51
      68
      56
      60
      49
      63
      56
      45
      63
      52
      60
      62
      57
      51
      44
      78
      60
      40
      60
      56
      48
      60
      57
      55
      63
      58
      63
      47
      52
      53
      57
      61
      50
      65
      62
      56
      64
      54
      65
      43
      56
      56
      68
      59
      56
      47
      54
      44
      56
      61
      46
      53
      62
      63
      48
      50
      52
      58
      37
      49
      55
      59
      66
      62
      60
      57
      58
      61
      52
      58
      48
      57
      69
      40
      59
      58
      62
      43
      44
      63
      60
      52
      51
      43
      54
      41
      46
      50
      53
      52
      58
      48
      49
      50
      40
      51
      49
      58
      65
      55
      42
      53
      65
      46
      53
      40
      63
      52
      57
      67
      59
      54
      54
      43
      54
      47
      51
      49
      64
      52
      45
      48
      48
      51
      43
      48
      56
      56
      56
      58
      44
      55
      55
      53
      54
      67
      44
      56
      54
      55
      49
      54
      44
      55
      47
      47
      53
      46
      54
      51
      52
      52
      50
      69
      71
      50
      57
      59
      44
      45
      52
      68
      56
      54
      54
      49
      66
      47
      44
      60
      54
      56
      57
      47
      55
      46
      48
      56
      54
      41
      37
      40
      43
      62
      41
      56
      51
      41
      65
      62
      56
      43
      56
      59
      43
      54
      51
      76
      67
      55
      45
      59
      57
      60
      46
      59
      51
      59
      44
      59
      50
      35
      47
      69
      53
      46
      56
      64
      60
      48
      53
      53
      65
      46
      52
      58
      48
      58
      65
      52
      56
      41
      45
      53
      70
      49
      57
      45
      55
      55
      61
      58
      51
      58
      64
      62
      61
      60
      63
      59
      54
      52
      58
      51
      63
      59
      54
      60
      62
      42
      60
      64
      58
      53
      55
      67
      57
      74
      63
      62
      71
      69
      61
      59
      65
      61
      56
      57
      48
      61
      68
      56
      48
      51
      63
      62
      70
      65
      45
      51
      47
      51
      61
      62
      69
      66
      64
      70
      68
      75
      59
      70
      61
      71
      57
      59
      69
      72
      57
      57
      50
      71
      68
      60
      66
      54
      63
      62
      72
      56
      75
      71
      71
      63
      63
      74
      73
      63
      65
      63
      57
      67
      53
      61
      70
      54
      89
      65
      64
      75
      63
      63
      71
      66
      64
      60
      77
      68
      59
      80
      82
      86
      70
      71
      84
      79
      58
      68
      76
      62
      69
      68
      69
      88
      83
      76
      70
      70
      74
      75
      73
      62
      91
      74
      71
      55
      67
      69
      70
      84
      90
      70
      59
      83
      91
      82
      59
      69
      68
      85
      96
      80
      79
      78
      93
      89
      80
      88
      76
      67
      68
      85
      78
      75
      83
      77
      89
      80
      95
      76
      77
      95
      83
      92
      76
      69
      87
      78
      80
      83
      74
      70
      71
      62
      69
      80
      61
      57
      68
      63
      62
      62
      62
      67
      68
      51
      54
      63
      59
      58
      54
      58
      58
      65
      55
      53
      64
      64
      67
      64
      50
      70
      62
      62
      59
      60
      45
      68
      46
      64
      57
      57
      57
      64
      52
      58
      49
      63
      53
      53
      42
      67
      56
      63
      41
      53
      54
      49
      62
      59
      51
      49
      62
      58
      72
      54
      55
      60
      52
      48
      62
      60
      67
      59
      68
      36
      61
      51
      56
      54
      48
      45
      62
      62
      50
      59
      63
      52
      51
      53
      56
      48
      61
      38
      52
      51
      54
      57
      49
      57
      59
      52
      54
      54
      54
      57
      51
      64
      56
      50
      54
      57
      51
      49
      50
      54
      68
      54
      48
      52
      49
      63
      48
      50
      48
      44
      51
      55
      59
      50
      51
      61
      56
      52
      59
      59
      56
      51
      43
      49
      53
      50
      49
      50
      46
      70
      51
      56
      46
      58
      60
      52
      51
      46
      55
      47
      47
      42
      49
      31
      35
      27
      38
      42
      34
      23
      41
      41
      37
      36
      32
      28
      28
      25
      29
      36
      37
      39
      35
      23
      30
      29
      28
      34
      38
      33
      28
      34
      24
      26
      27
      28
      30
      31
      35
      30
      32
      20
      30
      39
      26
      34
      34
      54
     108
     308
     801
    1293
    1353
     808
     316
      94
      33
      30
      21
      28
      19
      14
      23
      27
      11
      20
      22
      17
      17
      20
      24
      20
      18
      17
      21
      17
      16
      27
      19
      19
      20
      16
      15
      14
      14
      16
      22
      19
      14
      12
      12
      12
      10
      19
      13
       5
      12
       5
      11
      10
      20
      16
      12
       9
      14
      13
      13
      10
       9
      11
      11
      16
      17
      17
       8
       7
       9
      13
       7
      10
       9
      10
       6
       4
      15
       3
       4
       8
       7
       9
       9
      10
      11
       8
       6
       9
       8
      10
       9
      11
       6
      12
       5
      11
       3
       7
       6
       6
      12
       9
       5
       5
      14
       4
       7
       8
       7
       8
       6
       2
       3
      11
       7
       5
       7
       7
       7
       6
       8
       8
       5
      10
       6
       8
       5
      11
      10
       8
       8
       9
       6
       6
       9
       6
       5
      11
       9
       8
       5
      10
       6
       4
       6
       6
       7
       9
       8
       6
       6
       6
       9
       7
       6
      11
      14
       9
      13
      34
     123
     378
     810
    1156
    1129
     645
     239
      53
      13
       2
       5
       3
       2
       2
       4
       3
       1
       1
       0
       5
       2
       0
       3
       3
       1
       2
       3
       2
       3
       2
       2
       1
       2
       2
       1
       3
       1
       2
       4
       1
       1
       3
       2
       2
       7
       2
       2
       1
       4
       4
       0
       2
       1
       3
       2
       6
       2
       2
       1
       4
       2
       3
       3
       3
       2
       5
       4
       2
       2
       2
       3
       3
       4
       2
       3
       6
       4
       3
       6
       3
       3
       5
       1
       2
       1
       1
       0
       1
       0
       2
       5
       2
       4
       1
       2
       1
       3
       4
       1
       6
       4
       1
       2
       3
       2
       0
       1
       2
       3
       2
       4
       1
       1
       2
       1
       3
       3
       2
       3
       1
       1
       1
       2
       1
       0
       1
       2
       1
       5
       2
       3
      10
       5
       3
       3
       2
       2
       3
       2
       4
       2
       1
       1
       2
       2
       1
       2
       1
       4
       3
       3
       1
       3
       3
       2
       2
       2
       2
       2
       0
       1
       0
       3
       4
       1
       2
       2
       4
       2
       1
       2
       0
       3
       2
       3
       3
       3
       1
       0
       2
       3
       3
       0
       1
       1
       0
       0
       1
       4
       2
       2
       1
       1
       2
       2
       1
       1
       0
       3
       2
       1
       2
       2
       0
       4
       0
       1
       1
       3
       3
       2
       0
       2
       1
       2
       1
       1
       1
       2
       3
       2
       0
       1
       3
       0
       2
       2
       2
       1
       1
       0
       0
       2
       3
       1
       2
       2
       2
       2
       0
       3
       2
       0
       2
       2
       3
       2
       1
       2
       1
       1
       0
       2
       2
       1
       1
       0
       1
       1
       3
       2
       2
       5
       2
       2
       1
       2
       2
       1
       4
       2
       3
       2
       1
       0
       4
       1
       1
       1
       2
       3
       0
       3
       2
       0
       1
       1
       2
       1
       0
       1
       2
       4
       3
       4
       0
       2
       1
       1
       2
       0
       4
       1
       1
       1
       1
       2
       1
       3
       2
       1
       1
       0
       0
       1
       0
       2
       1
       1
       1
       0
       2
       0
       1
       0
       1
       0
       2
       0
       1
       0
       3
       1
       0
       5
       3
       2
       1
       1
       0
       0
       2
       0
       1
       1
       1
       2
       2
       1
       1
       3
       4
       1
       1
       1
       1
       1
       5
       0
       1
       1
       0
       3
       0
       1
       0
       3
       2
       3
       3
       0
       0
       1
       0
       0
       2
       1
       1
       0
       2
       1
       2
       0
       2
       0
       1
       2
       0
       0
       0
       1
       0
       1
       0
       0
       1
       1
       2
       1
       2
       0
       2
       1
       1
       0
       2
       4
       2
       1
       2
       1
       0
       1
       2
       1
       2
       1
       1
       4
       0
       0
       3
       0
       1
       2
       1
       0
       1
       0
       4
       0
       0
       0
       3
       1
       0
       4
       2
       0
       4
       0
       1
       2
       1
       1
       1
       2
       1
       0
       0
       0
       1
       1
       0
       0
       2
       2
       1
       1
       2
       0
       1
       2
       2
       1
       0
       2
       1
       0
       0
       1
       2
       1
       0
       0
       4
       1
       1
       1
       0
       1
       0
       1
       0
       2
       0
       3
       0
       5
       0
       1
       1
       4
       0
       1
       0
       2
       1
       0
       1
       1
       1
       2
       1
       0
       1
       0
       1
       0
       1
       5
       2
       2
       1
       2
       1
       0
       5
       1
       0
       1
       0
       0
       0
       4
       0
       0
       0
       2
       0
       1
       1
       2
       0
       1
       1
       1
       0
       3
       0
       1
       0
       1
       2
       0
       0
       1
       0
       0
       1
       1
       0
       1
       0
       0
       0
       3
       1
       0
       0
       1
       0
       3
       1
       1
       1
       1
       1
       1
       0
       2
       2
       0
       1
       0
       1
       0
       4
       2
       1
       1
       2
       0
       1
       1
       1
       1
       0
       1
       1
       1
       0
       2
       1
       0
       1
       1
       1
       0
       1
       1
       1
       0
       1
       2
       0
       1
       1
       1
       1
       0
       4
       0
       2
       0
       0
       1
       0
       0
       1
       2
       1
       1
       1
       0
       1
       1
       2
       3
       1
       1
       0
       1
       1
       1
       0
       0
       0
       0
       1
       1
       2
       2
       0
       2
       2
       4
       1
       2
       0
       1
       0
       0
       1
       2
       0
       1
       1
       2
       1
       2
       2
       0
       0
       0
       3
       1
       1
       3
       1
       0
       0
       3
       2
       2
       0
       1
       0
       1
       0
       0
       3
       0
       0
       2
       0
       3
       0
       0
       1
       0
       0
       2
       2
       2
       1
       2
       1
       0
       0
       1
       1
       2
       1
       0
       0
       2
       1
       0
       2
       0
       0
       0
       0
       1
       0
       0
       0
       0
       0
       1
       3
       1
       1
       1
       1
       2
       0
       0
       1
       1
       0
       2
       0
       1
       1
       3
       3
       0
       1
       2
       0
       0
       1
       0
       1
       0
       0
       2
       1
       0
       1
       1
       1
       2
       0
       0
       0
       4
       1
       1
       1
       1
       0
       1
       2
       0
       2
       0
       3
       1
       0
       1
       1
       2
       1
       0
       0
       1
       2
       2
       0
       2
       1
       1
       3
       2
       0
       1
       1
       1
       1
       1
       1
       1
       0
       0
       1
       0
       1
       0
       2
       0
       0
       0
       1
       2
       1
       0
       3
       0
       0
       0
       1
       2
       0
       0
       1
       1
       0
       1
       0
       1
       0
       0
       1
       0
       1
       2
       1
       0
       0
       1
       0
       1
       1
       1
       1
       0
       0
       2
       1
       1
       0
       0
       0
       1
       1
       1
       1
       0
       1
       2
       2
       1
       0
       0
       1
       0
       0
       1
       0
       0
       0
       0
       1
       1
       1
       0
       1
       1
       2
       1
       0
       0
       1
       1
       0
       1
       0
       0
       0
       1
       0
       0
       2
       3
       0
       0
       1
       0
       0
       0
       1
       0
       0
       1
       1
       3
       0
       1
       0
       0
       1
       0
       0
       2
       0
       1
       0
       0
       1
       1
       1
       1
       1
       1
       0
       2
       2
       1
       0
       2
       1
       0
       0
       0
       0
       1
       1
       1
       0
       1
       0
       0
       2
       0
       0
       0
       1
       1
       1
       2
       0
       1
       2
       0
       0
       0
       1
       1
       3
       0
       0
       0
       0
       1
       0
       2
       1
       0
       2
       3
       0
       1
       0
       2
       1
       0
       2
       0
       0
       1
       0
       2
       0
       1
       1
       0
       1
       1
       0
       0
       1
       0
       1
       0
       1
       3
       0
       2
       1
       0
       1
       1
       2
       0
       2
       0
       0
       2
       2
       1
       2
       0
       1
       1
       0
       1
       0
       0
       0
       0
       1
       0
       2
       0
       0
       1
       0
       0
       0
       0
       0
       1
       0
       0
       0
       1
       0
       0
       0
       0
       0
       0
       0
       2
       1
       1
       0
       1
       0
       1
       0
       0
       1
       0
       1
       2
       0
       0
       0
       0
       1
       0
       0
       0
       0
       0
       0
       0
       1
       0
       0
       0
       0
       0
       0
       0
       0
       1
       0
       0
       0
       1
       1
       0
       0
       0
       0
       1
       0
       0
       0
       0
       1
       1
       0
       1
       0
       0
       0
       1
       0
       0
       0
       0
       0
       0
       0
       0
       0
       0
       0
       0
       0
       0
       0
       0
       0
       0
       0
       0
       0
       0
       0
       1
       0
       0
       1
       0
       0
       0
       1
       0
       0
       1
       0
       0
       0
       0
       0
       1
       1
       0
       0
       0
       1
       1
       0
       0
       0
       0
       0
       0
       0
       1
       1
       0
       1
       0
       0
       0
       0
       0
       0
       0
       0
       0
       0
       0
       0
       0
       0
       0
       0
       0
       0
       0
       0
       1
       0
       0
       0
       0
       1
       1
       5
       5
       7
       5
       4
       2
       2
       0
       1
       1
       0
       0
       0
       0
       0
       0
       0
       2
       1
       0
       0
       0
       0
       0
       0
       0
       0
       0
       0
       1
       0
       0
       0
       0
       0
       0
       1
       0
       0
       0
       0
       0
       0
       0
       0
       0
       0
       0
       0
       0
       0
       0
       0
       0
       0
       0
       0
       0
       0
       0
       0
       0
       1
       1
       0
       1
       0
       0
       0
       0
       0
       0
       0
       0
       0
       0
       0
       0
       1
       0
       0
       0
       0
       0
       0
       0
       0
       0
       0
       0
       0
       0
       0
       0
       0
       1
       0
       0
       0
       0
       0
       1
       0
       1
       0
       0
       0
       0
       0
       1
       1
       0
       2
       2
       3
       2
       0
       0
       0
       0
       0
       0
       0
       0
       0
       0
       0
       0
       0
       0
       1
       0
       0
       0
       0
       0
       0
       0
       0
       0
       0
       0
       1
       0
       0
       0
       0
       0
       0
       0
       0
       0
       0
       0
       0
       0
       0
       0
       0
       0
       0
       0
       0
       0
       1
       1
       0
       0
       1
       0
       0
       0
       1
       0
       0
       0
       1
       0
       0
       1
       1
       0
       0
       0
       0
       1
       0
       0
       0
       0
       0
       0
       0
       0
       0
       1
       0
       0
       0
       0
       0
       0
       0
       0
       1
       0
       0
       0
       0
       0
       0
       0
       0
       0
       0
       0
       0
       0
       0
       0
       0
       0
       1
       0
       0
       0
       0
       0
       0
       0
       1
       0
       0
       0
       0
       1
       1
       0
       0
       0
       0
       0
       0
       0
       0
       0
       0
       0
       0
       0
       0
       0
       0
       0
       0
       0
       0
       0
       0
       0
       0
       0
       0
       0
       0
       0
       0
       0
       0
       0
       0
       0
       0
       0
       0
       0
       0
       0
       0
       0
       0
       0
       1
       0
       0
       0
       0
       0
       0
       0
       1
       0
       0
       0
       0
       0
       0
       0
       0
       0
       0
       0
       0
       0
       0
       0
       0
       0
       0
       0
       0
       0
       0
       0
       0
       1
       0
       1
       1
       0
       0
       0
       0
       0
       0
       0
       0
       0
       0
       0
       0
       0
       0
       0
       0
       0
       0
       0
       1
       0
       0
       0
       0
       0
       0
       0
       0
       0
       0
       0
       0
       0
       0
       0
       0
       0
       0
       0
       1
       0
       0
       0
       0
       0
       0
       0
       0
       0
       0
       1
       0
       0
       0
       0
       0
       0
       0
       1
       1
       0
       0
       0
       0
       0
       0
       0
       0
       0
       0
       0
       0
       0
       0
       0
       1
       0
       0
       0
       0
       0
       1
       0
       0
       0
       0
       1
       0
       0
       0
       0
       0
       0
       0
       0
       0
       0
       0
       0
       0
       0
       0
       0
       0
       0
       0
       0
       1
       0
       1
       0
       1
       0
       0
       0
       0
       0
       2
       0
       0
       0
       0
       0
       0
       0
       0
       0
       0
       0
       0
       1
       0
       0
       0
       0
       0
       0
       0
       0
       0
       0
       0
       0
       0
       0
       0
       0
       0
       0
       0
       0
       0
       0
       1
       1
       0
       0
       0
       0
       1
       0
       0
       0
       0
       0
       0
       1
       0
       0
       0
       0
       0
       0
       0
       1
       0
       2
       0
       0
       1
       1
       0
       0
       0
       0
       0
       0
       0
       0
       0
       1
       0
       0
       0
       0
       0
       0
       0
       0
       0
       0
       0
       0
       1
       0
       0
       1
       0
       0
       0
       0
       0
       0
       0
       1
       1
       1
       0
       0
       0
       2
       0
       0
       0
       0
       0
       1
       0
       0
       0
       0
       0
       0
       0
       0
       0
       0
       0
       0
       0
       1
       0
       0
       0
       0
       0
       1
       0
       1
       0
       0
       0
       0
       0
       0
       0
       0
       0
       0
       0
       0
       0
       0
       1
       0
       0
       1
       0
       0
       0
       0
       0
       0
       0
       0
       0
       0
       0
       0
       1
       0
       0
       0
       0
       0
       0
       0
       0
       0
       0
       0
       0
       0
       1
       0
       0
       0
       0
       0
       0
       0
       0
       0
       0
       0
       0
       0
       0
       0
       0
       0
       0
       0
       0
       0
       0
       0
       0
       0
       0
       1
       0
       0
       0
       0
       0
       0
       1
       0
       0
       0
       0
       0
       0
       0
       0
       0
       1
       0
       0
       0
       1
       0
       0
       0
       0
       0
       0
       0
       0
       0
       0
       0
       1
       0
       0
       0
       0
       2
       0
       0
       1
       0
       0
       1
       0
       0
       0
       0
       0
       0
       0
       0
       0
       0
       0
       0
       1
       0
       0
       0
       0
       0
       2
       0
       0
       0
       0
       0
       0
       0
       0
       0
       0
       0
       0
       0
       0
       0
       0
       0
       0
       0
       0
       0
       0
       0
       0
       0
       0
       1
       1
       0
       0
       0
       1
       0
       0
       0
       0
       1
       0
       0
       0
       0
       1
       0
       0
       0
       0
       0
       0
       0
       0
       0
       0
       0
       0
       0
       0
       0
       0
       0
       0
       0
       0
       0
       0
       0
       0
       0
       0
       0
       0
       0
       0
       0
       0
       0
       0
       0
       0
       0
       0
       1
       0
       0
       0
       0
       0
       0
       1
       0
       0
       0
       1
       0
       2
       2
       0
       0
       0
       0
       0
       0
       0
       0
       0
       0
       0
       0
       1
       0
       0
       0
       0
       0
       0
       0
       0
       0
       0
       0
       0
       1
       0
       0
       0
       0
       0
       0
       0
       1
       0
       0
       0
       0
       0
       0
       0
       0
       0
       1
       0
       0
       0
       0
       0
       0
       2
       0
       0
       0
       0
       1
       0
       0
       0
       0
       0
       0
       0
       0
       0
       0
       0
       0
       0
       0
       0
       0
       0
       0
       0
       0
       0
       0
       0
       0
       0
       0
       0
       0
       0
       0
       0
       0
       0
       0
       0
       0
       0
       0
       0
       0
       0
       0
       0
       0
       0
       0
       0
       0
       0
       0
       0
       0
       1
       0
       0
       0
       0
       0
       0
       0
       1
       0
       0
       0
       0
       0
       0
       0
       0
       1
       0
       0
       0
       0
       0
       0
       0
       0
       1
       0
       0
       1
       0
       0
       0
       0
       0
       0
       0
       0
       0
       0
       0
       0
       0
       0
       0
       0
       1
       0
       0
       0
       0
       0
       0
       0
       0
       0
       0
       0
       0
       0
       0
       0
       0
       0
       0
       0
       0
       0
       0
       1
       0
       0
       0
       0
       0
       0
       0
       0
       0
       0
       0
       0
       1
       0
       0
       0
       1
       0
       1
       0
       0
       0
       0
       0
       0
       0
       0
       0
       0
       0
       0
       0
       0
       0
       0
       0
       0
       0
       0
       1
       0
       0
       0
       0
       0
       0
       0
       0
       1
       0
       0
       0
       0
       0
       0
       0
       0
       1
       0
       0
       0
       0
       0
       1
       0
       0
       0
       0
       0
       1
       0
       0
       0
       0
       0
       0
       1
       0
       0
       1
       0
       0
       0
       1
       0
       0
       0
       0
       0
       0
       0
       0
       0
       0
       0
       0
       1
       0
       0
       0
       0
       0
       0
       0
       0
       0
       0
       1
       0
       0
       0
       0
       0
       0
       0
       0
       0
       0
       0
       0
       0
       0
       1
       1
       1
       0
       0
       0
       0
       1
       0
       0
       0
       0
       0
       0
       0
       0
       0
       0
       0
       0
       0
       0
       0
       0
       0
       0
       0
       0
       0
       0
       0
       0
       0
       0
       0
       0
       0
       0
       0
       0
       0
       0
       0
       1
       0
       0
       0
       0
       0
       0
       0
       0
       0
       0
       0
       0
       0
       0
       0
       0
       0
       0
       0
       0
       0
       0
       1
       0
       0
       0
       0
       0
       0
       1
       0
       0
       0
       0
       0
       1
       0
       0
       0
       0
       0
       1
       0
       0
       0
       0
       0
       0
       0
       0
       0
       0
       0
       0
       0
       0
       0
       0
       0
       0
       0
       0
       0
       0
       0
       0
       0
       0
       0
       0
       0
       0
       0
       0
       0
       0
       0
       0
       0
       0
       0
       0
       0
       0
       0
       0
       0
       2
       0
       0
       0
       0
       0
       0
       0
       0
       1
       0
       0
       0
       0
       0
       0
       0
       0
       0
       0
       0
       0
       0
       0
       0
       0
       0
       0
       1
       0
       0
       0
       1
       0
       0
       0
       0
       0
       0
       0
       0
       0
       0
       0
       0
       0
       0
       0
       0
       0
       0
       0
       0
       0
       0
       0
       2
       0
       0
       0
       1
       0
       0
       0
       0
       0
       0
       0
       0
       0
       0
       0
       0
       0
       0
       0
       2
       0
       0
       1
       0
       0
       0
       0
       0
       0
       0
       0
       0
       0
       0
       0
       0
       0
       0
       0
       0
       0
       0
       0
       0
       0
       0
       0
       0
       1
       0
       0
       0
       0
       0
       0
       0
       0
       0
       0
       0
       0
       0
       0
       0
       0
       0
       0
       0
       0
       0
       0
       0
       1
       0
       0
       0
       0
       0
       0
       0
       0
       1
       0
       0
       0
       0
       0
       1
       0
       0
       0
       0
       0
       0
       0
       0
       0
       0
       0
       0
       0
       0
       0
       0
       0
       0
       0
       0
       0
       0
       0
       0
       0
       0
       0
       0
       0
       0
       0
       0
       0
       0
       0
       0
       0
       0
       0
       0
       0
       0
       0
       0
       0
       1
       0
       0
       0
       0
       0
       0
       0
       0
       0
       0
       0
       0
       0
       0
       0
       0
       0
       0
       0
       0
       0
       0
       0
       0
       0
       0
       0
       0
       0
       0
       0
       0
       0
       0
       0
       0
       0
       0
       0
       0
       0
       0
       0
       0
       0
       0
       0
       0
       0
       0
       0
       0
       0
       0
       0
       0
       0
       0
       0
       0
       0
       0
       0
       0
       0
       0
       0
       0
       0
       0
       0
       0
       0
       0
       0
       0
       0
       0
       0
       0
       0
       0
       0
       0
       0
       0
       0
       0
       0
       0
       0
       0
       0
       0
       0
       0
       0
       0
       0
       0
       0
       0
       0
       0
       0
       0
       0
       0
       0
       0
       0
       0
       0
       0
       0
       0
       0
       0
       0
       0
       0
       0
       0
       0
       0
       0
       0
       0
       0
       0
       0
       0
       0
       0
       0
       0
       0
       0
       0
       0
       0
       0
       0
       0
       0
       0
       0
       0
       0
       0
       0
       0
       0
       0
       0
       0
       0
       0
       0
       0
       0
       0
       0
       0
       0
$ROI:
0
$PRESETS:
None
0
0
$ENER_FIT:
0.000000 0.000000
$MCA_CAL:
3
0.000000E+000 0.000000E+000 0.000000E+000 
$SHAPE_CAL:
3
0.000000E+000 0.000000E+000 0.000000E+000
