$SPEC_ID:
No sample description was entered.
$SPEC_REM:
DET# 1
DETDESC# SCE-SOPA-00035 MCB 133
AP# Maestro Version 7.01
$DATE_MEA:
11/08/2019 15:34:42
$MEAS_TIM:
3519 3520
$DATA:
0 4095
       0
       0
       0
       0
       0
       0
       0
       0
       0
       0
       0
       0
       0
       0
       0
       0
       0
       0
       0
       0
       0
       0
       0
       0
       0
       0
       1
      10
       6
      27
     147
     162
     186
     160
     174
     175
     177
     183
     179
     198
     190
     176
     173
     157
     137
     180
     197
     179
     185
     191
     170
     160
     196
     143
     147
     158
     157
     190
     190
     194
     161
     170
     181
     199
     208
     174
     173
     176
     162
     159
     175
     180
     184
     172
     188
     165
     181
     180
     185
     170
     157
     163
     201
     163
     201
     168
     184
     184
     178
     163
     167
     194
     204
     218
     238
     187
     158
     195
     167
     190
     190
     222
     200
     202
     205
     210
     205
     188
     210
     202
     201
     189
     192
     190
     222
     190
     193
     217
     225
     205
     199
     234
     222
     218
     233
     233
     230
     253
     211
     215
     236
     231
     245
     240
     195
     207
     215
     212
     216
     230
     245
     224
     231
     249
     213
     193
     193
     234
     210
     209
     214
     215
     225
     221
     200
     236
     216
     210
     207
     213
     228
     206
     194
     219
     219
     237
     196
     238
     203
     241
     244
     194
     218
     246
     191
     222
     223
     212
     205
     217
     267
     202
     220
     188
     218
     203
     214
     241
     205
     209
     217
     192
     210
     208
     221
     195
     180
     210
     201
     223
     224
     197
     194
     225
     212
     220
     193
     228
     194
     220
     203
     251
     230
     244
     249
     242
     241
     301
     262
     281
     265
     247
     268
     270
     234
     259
     214
     236
     242
     223
     228
     227
     235
     214
     228
     238
     219
     203
     201
     209
     198
     205
     184
     212
     200
     224
     174
     217
     198
     175
     161
     196
     195
     186
     182
     194
     181
     194
     200
     190
     167
     152
     145
     161
     182
     161
     178
     180
     191
     160
     164
     166
     141
     175
     155
     134
     148
     174
     176
     174
     135
     181
     165
     159
     167
     157
     152
     148
     180
     134
     152
     139
     162
     149
     137
     161
     141
     167
     147
     154
     155
     150
     132
     136
     132
     141
     133
     147
     134
     162
     141
     142
     155
     151
     132
     131
     124
     136
     141
     156
     126
     137
     146
     142
     141
     148
     134
     124
     138
     127
     138
     132
     136
     127
     103
     143
     129
     145
     150
     130
     133
     135
     132
     145
     112
     130
     132
     117
     128
     135
     127
     123
     119
     140
     120
     113
     116
      93
     121
     119
     109
     126
     123
     123
     109
     129
      99
     113
     134
     122
     110
     122
     124
     124
     124
     129
     114
     116
     118
     111
     120
     115
     129
     107
      99
     129
     116
     117
     120
     102
     119
      99
     107
     111
      99
     134
     104
     116
      87
     110
     105
     124
     129
     103
     100
      94
      97
      99
     104
     115
      96
     103
     117
     103
      85
     131
     105
     116
     105
     106
     100
     109
     108
     119
     100
     113
     106
      92
     108
     105
      96
     109
     125
     109
      92
     108
     106
     111
     108
     106
     115
      96
      80
      96
      89
     113
      97
     114
     119
      94
     113
     103
     107
     102
     112
      92
      99
      88
      87
     100
      97
      98
     106
      86
      97
     119
      88
      89
     107
      96
      91
      73
     102
      92
      91
     102
      97
     101
     100
      95
     107
     103
      78
      78
     107
     101
      98
     102
      87
      98
      85
      88
      91
      96
      82
     102
      97
      92
      95
      92
     116
      90
      72
      98
      99
      98
      97
     116
      98
      92
     110
      94
     117
     103
     104
     110
     110
      90
     100
      87
     119
      88
      84
      96
      72
      86
     104
     103
      88
      97
     103
     102
      93
     101
      97
     101
     111
      75
      95
      88
     102
      94
      92
      83
      95
      92
      96
      86
      96
      80
      83
      85
      91
      87
      86
      96
      88
     108
      88
      74
      81
      90
      84
      82
     103
      98
     100
      72
     109
     102
      94
      88
     103
      73
     103
      84
      87
      94
      95
      79
      96
      78
      95
      85
      90
      89
     107
      96
      79
      89
     103
      83
      68
      93
      89
      77
      78
      83
      85
      86
      59
      89
     108
     102
      91
      84
      97
      81
      82
      97
      87
      79
      96
      91
      89
     109
      86
      94
      85
      91
      83
      85
      77
      95
      91
      86
      98
      94
      93
      93
      88
      73
     113
      84
      79
      84
      99
      86
      82
      97
      74
      93
      87
      82
      84
     104
     105
      91
      88
      99
      88
     100
      77
     103
      83
      88
      78
     105
      76
      88
      98
     112
      89
      76
      69
     103
      86
     101
      81
      80
      88
      82
     109
      86
      72
      94
      95
     100
      81
      91
      81
      80
      98
      89
      71
     118
      98
     100
      78
      98
      84
      88
      90
      82
      88
      86
      82
      84
      94
     108
      92
      93
      79
      79
     100
      96
      93
      90
      88
      98
      86
      95
      94
      91
      76
      77
      80
      74
      98
      86
      94
     102
      94
     101
      82
      88
      86
      95
     105
      76
      79
      90
      98
     104
      87
     102
      86
      82
      88
      81
      87
     109
     108
     109
      83
      98
      93
      90
      89
      89
      95
      75
      90
      91
      85
      96
     101
     104
      89
     108
      97
      98
      97
     107
      85
      92
      95
      85
     101
     103
      97
     108
      94
      95
     108
      88
      95
     104
      88
      74
      92
     120
      93
      96
     104
      89
     117
      86
      83
     103
     105
     106
      86
     108
     101
      94
      97
     119
     101
     109
      80
     109
      90
     100
      95
      98
     112
     106
     116
     105
      84
      92
     100
     103
      98
     109
      95
      88
     113
     117
      83
     110
     101
     105
     101
     116
     117
     110
     102
     114
      97
     104
      86
      98
      96
      93
     114
     102
     102
      85
     104
     101
     105
      97
     118
     111
     118
     116
      94
     109
     100
     109
     125
     101
     109
     135
     100
     107
     111
     112
     131
      97
      93
     108
      97
     104
     107
     115
     113
     117
     114
     121
      95
      94
     107
     120
     115
     103
     111
     105
     126
     117
     117
     108
     107
     137
     105
     134
     110
     120
     120
     132
     100
     110
     117
     138
     107
     101
     139
     117
     120
     112
     120
     135
     106
     121
     125
     108
     125
     131
     118
     131
     104
     129
     106
     135
     144
     151
     124
     123
     146
     125
     122
     137
     125
     150
     133
     131
     117
     139
     143
     146
     122
     130
     121
     127
     142
     141
     134
     139
     144
     152
     130
     137
     132
     152
     154
     141
     145
     147
     147
     152
     126
     142
     146
     154
     151
     140
     144
     162
     122
     143
     127
     156
     147
     144
     124
     133
     140
     128
     103
     116
     113
     114
     107
     113
     122
     123
     106
     103
     114
     118
      85
     111
      94
      96
     120
      97
     101
      99
     108
     101
      89
      94
     114
      93
     129
      99
     102
     101
      98
     114
      87
     108
     111
     101
      85
     103
     115
      84
      97
      94
     100
      79
     102
     112
     120
     102
      98
      99
     101
      86
     106
     111
      98
      88
     107
     113
     107
     112
     115
     109
      97
      87
     112
      99
     109
      89
      86
      99
      90
     113
      99
      91
      86
      99
     103
      87
     111
     101
     101
      96
      94
      86
      99
      86
      77
      82
      92
      77
      95
      96
      89
      83
      82
      90
      93
      87
      78
     102
      97
      87
      83
      81
      92
      97
      88
     105
     100
      91
      88
     102
      81
      81
      80
      78
      86
      80
      96
      96
      82
      77
     112
     111
      91
      88
      80
     109
     105
      90
      83
      94
      90
     103
     108
     101
      87
      86
      93
      79
     105
      79
      82
     107
      95
     110
      93
      88
     103
      87
      95
      95
      90
      97
      68
      85
      71
      64
      73
      66
      62
      63
      70
      68
      59
      68
      51
      56
      63
      52
      63
      56
      41
      67
      61
      62
      61
      55
      49
      62
      55
      50
      63
      60
      43
      54
      39
      55
      53
      57
      58
      47
      59
      58
      64
      64
      48
      50
      61
      51
      52
      45
      49
      81
     130
     347
     923
    1913
    2393
    1960
    1002
     288
     111
      48
      36
      39
      28
      32
      37
      37
      42
      42
      33
      40
      35
      36
      40
      50
      37
      38
      31
      34
      37
      35
      28
      25
      29
      26
      35
      40
      27
      23
      16
      33
      33
      28
      21
      25
      19
      20
      23
      23
      23
      29
      20
      27
      16
      17
      31
      22
      19
      26
      16
      22
      20
      15
      28
      20
      11
      16
      15
      17
      17
      18
      20
      21
       9
      18
      20
       7
      27
      24
      15
      13
       9
      19
      15
      16
      17
      16
      19
      12
      20
      15
      15
      20
       7
       9
      13
      12
      13
      15
      13
       9
       8
      11
      18
      11
       9
      15
      15
      13
      10
      14
      10
      13
      10
      12
      11
      11
      16
      16
      16
      12
       9
      18
      11
      13
      11
      14
      12
      13
      11
      14
      18
      12
      13
      13
      15
      14
      19
      18
      14
      13
      10
      13
      17
      15
      11
      14
       8
      13
       5
       9
      13
      20
      24
      14
      24
      17
      24
      14
      20
      41
     143
     331
     937
    1704
    2116
    1636
     798
     251
      53
       7
      10
       5
       6
       2
       8
       8
       5
       6
       9
       4
       8
       3
       4
      10
       4
       8
       6
       3
       9
       8
       9
       5
       3
       5
       2
       3
       4
       1
       2
       4
       9
       6
       2
       7
       6
       2
       5
       3
       1
       7
       4
       5
       5
       3
       6
       7
       9
       6
       6
       3
       4
       7
       7
       3
       7
       3
       4
       4
      10
       6
       2
       3
       6
       3
       7
      11
       2
       4
       4
       6
       8
       5
       3
       7
       3
       6
       4
       5
       5
       7
       4
      10
       4
       5
       3
       6
       4
       7
       1
       3
       3
       4
       7
       2
       3
       8
       6
       7
       4
       2
       3
       9
       6
       1
       3
       6
       3
       1
       3
       6
       3
       4
       4
       4
       4
       7
       6
       5
       2
       3
       5
       2
      14
       8
       6
       7
       3
       5
       7
       6
       1
       4
       5
       5
       1
       5
       1
       3
       6
       4
       4
       3
       7
       3
       4
       3
       5
       5
       2
       5
       7
       2
       6
       0
       7
       4
       3
       4
       5
       2
       1
       2
       6
       3
       0
       6
       6
       5
       6
       2
       1
       6
       3
       8
       3
       1
       5
       3
       3
       2
       2
       3
       5
       7
       5
       1
       5
       3
       1
       7
       5
       5
       3
       3
       2
       3
       4
       3
       3
       8
       5
       1
       4
       3
       4
       2
       4
       4
       2
       3
       7
       4
       4
       3
       6
       4
      10
       3
       7
       5
       4
       9
       4
       3
       4
       1
       3
       2
       7
       7
       3
       1
       6
       2
       1
       7
       4
       4
       3
       1
       2
       4
       5
       5
       3
       4
       4
       2
       1
       2
       4
       2
       4
       3
       2
       2
       2
       2
       4
       4
       2
       0
       3
       3
       2
       1
       3
       4
       9
       4
       4
       3
       1
       1
       3
       5
       4
       5
       2
       1
       1
       3
       2
       2
       2
       7
       0
       1
       4
       6
       4
       2
       3
       6
       3
       2
       6
       5
       6
       5
       0
       3
       4
       3
       3
       2
       1
       2
       2
       1
       2
       3
       3
       3
       5
       5
       2
       7
       0
       3
       2
       1
       3
       3
       1
       3
       2
       3
       3
       5
       3
       2
       2
       0
       4
       4
       4
       1
       2
       6
       6
       3
       5
       0
       3
       3
       0
       4
       1
       2
       3
       6
       1
       2
       0
       2
       1
       4
       2
       4
       1
       5
       3
       3
       2
       6
       4
       3
       5
       4
       3
       2
       6
       2
       3
       2
       2
       3
       0
       5
       2
       3
       2
       3
       3
       6
       1
       1
       5
       5
       6
       5
       3
       0
       1
       3
       1
       3
       4
       1
       5
       2
       4
       3
       5
       4
       1
       1
       3
       1
       1
       5
       5
       2
       4
       2
       1
       2
       3
       1
       1
       4
       2
       5
       2
       3
       2
       5
       1
       1
       3
       6
       3
       2
       2
       7
       1
       3
       4
       4
       2
       4
       3
       5
       3
       3
       0
       2
       2
       6
       2
       3
       1
       4
       5
       0
       5
       2
       1
       1
       0
       1
       2
       3
       5
       1
       4
       1
       2
       1
       4
       1
       4
       3
       6
       2
       4
       4
       4
       2
       4
       1
       1
       3
       3
       3
       1
       4
       3
       0
       4
       4
       5
       0
       2
       2
       4
       1
       7
       1
       2
       4
       1
       4
       3
       3
       2
       0
       6
       2
       5
       4
       0
       1
       4
       1
       3
       5
       1
       2
       3
       1
       4
       3
       6
       1
       2
       0
       1
       5
       2
       3
       2
       3
       2
       0
       2
       4
       1
       1
       4
       1
       5
       6
       4
       0
       3
       1
       1
       4
       3
       3
       0
       4
       1
       0
       5
       1
       2
       1
       5
       1
       3
       2
       0
       7
       0
       2
       3
       1
       1
       4
       5
       1
       3
       1
       2
       2
       1
       2
       0
       5
       5
       1
       4
       1
       4
       0
       2
       2
       4
       2
       1
       1
       3
       3
       4
       2
       4
       2
       3
       4
       3
       2
       0
       2
       0
       2
       1
       1
       2
       2
       1
       2
       3
       3
       7
       0
       2
       3
       1
       4
       1
       2
       3
       3
       0
       1
       1
       3
       5
       5
       3
       2
       1
       2
       0
       3
       3
       0
       0
       2
       1
       1
       1
       2
       4
       2
       1
       3
       4
       5
       1
       2
       2
       0
       1
       2
       0
       2
       3
       7
       6
       3
       1
       1
       4
       2
       3
       1
       3
       0
       2
       1
       2
       3
       1
       2
       2
       1
       1
       0
       3
       3
       1
       3
       4
       2
       2
       1
       2
       3
       1
       1
       4
       2
       0
       4
       3
       4
       4
       0
       1
       0
       3
       3
       3
       1
       0
       2
       3
       0
       1
       2
       0
       1
       2
       1
       1
       1
       2
       1
       2
       2
       0
       0
       1
       0
       3
       1
       1
       2
       4
       0
       1
       2
       1
       3
       2
       2
       3
       1
       1
       0
       3
       0
       4
       0
       3
       0
       2
       1
       1
       1
       0
       2
       2
       3
       2
       3
       1
       1
       1
       0
       0
       1
       2
       2
       2
       4
       2
       0
       2
       2
       1
       1
       1
       3
       1
       1
       3
       3
       1
       4
       0
       1
       3
       1
       4
       2
       3
       0
       2
       2
       2
       3
       3
       1
       1
       0
       4
       2
       0
       1
       2
       2
       1
       2
       2
       3
       0
       2
       3
       2
       4
       2
       2
       0
       0
       2
       1
       0
       3
       0
       0
       0
       0
       2
       2
       0
       1
       1
       1
       2
       3
       2
       3
       3
       1
       3
       0
       1
       1
       0
       2
       1
       1
       1
       2
       4
       0
       1
       1
       1
       3
       0
       3
       0
       0
       2
       2
       3
       1
       2
       2
       3
       1
       1
       3
       1
       1
       2
       0
       1
       3
       2
       0
       2
       2
       2
       3
       3
       3
       1
       2
       3
       0
       2
       1
       0
       2
       4
       2
       1
       3
       2
       0
       2
       2
       1
       2
       3
       1
       1
       2
       1
       3
       0
       2
       1
       2
       1
       3
       1
       0
       3
       1
       2
       1
       1
       1
       3
       0
       1
       2
       4
       3
       3
       4
       3
       3
       4
       5
       1
       1
       2
       2
       0
       2
       4
       2
       1
       3
       0
       1
       3
       2
       2
       2
       2
       0
       0
       2
       3
       1
       2
       1
       3
       3
       2
       1
       0
       2
       2
       1
       1
       2
       1
       1
       1
       1
       1
       1
       1
       1
       2
       1
       0
       1
       1
       1
       3
       1
       1
       1
       1
       0
       2
       2
       0
       0
       1
       0
       2
       0
       2
       0
       0
       0
       0
       0
       0
       0
       4
       4
       0
       2
       0
       1
       1
       1
       1
       0
       1
       0
       0
       0
       1
       0
       0
       0
       1
       1
       2
       0
       2
       0
       1
       0
       1
       0
       0
       0
       0
       1
       0
       0
       0
       0
       0
       1
       2
       3
       1
       1
       1
       0
       1
       1
       0
       0
       0
       0
       1
       1
       0
       1
       0
       0
       2
       0
       0
       0
       1
       1
       0
       0
       2
       1
       0
       0
       1
       0
       2
       0
       1
       1
       0
       2
       0
       0
       0
       0
       0
       1
       1
       1
       2
       0
       0
       0
       0
       0
       1
       0
       0
       1
       0
       0
       0
       1
       1
       0
       0
       0
       0
       0
       0
       0
       0
       0
       0
       1
       0
       0
       1
       1
       0
       1
       0
       0
       0
       0
       1
       0
       0
       0
       0
       1
       0
       1
       0
       1
       0
       0
       0
       1
       1
       1
       1
       1
       1
       1
       0
       0
       1
       0
       0
       0
       0
       0
       1
       0
       1
       0
       0
       0
       0
       0
       0
       0
       0
       0
       0
       1
       2
       0
       1
       5
      10
      14
      16
      15
       7
       4
       1
       1
       0
       1
       0
       0
       0
       0
       0
       0
       0
       0
       0
       0
       0
       1
       0
       0
       0
       0
       0
       0
       0
       0
       0
       0
       1
       0
       0
       0
       0
       0
       0
       0
       1
       1
       0
       0
       0
       0
       0
       0
       1
       0
       0
       1
       0
       0
       1
       0
       0
       0
       1
       0
       0
       1
       0
       0
       0
       1
       0
       0
       2
       0
       0
       1
       0
       0
       0
       0
       0
       0
       0
       0
       1
       0
       0
       0
       0
       0
       0
       0
       1
       1
       0
       0
       0
       0
       1
       0
       1
       0
       0
       0
       0
       0
       0
       0
       0
       0
       1
       0
       2
       0
       1
       1
       2
       3
       3
       1
       0
       1
       0
       0
       0
       0
       0
       0
       0
       0
       0
       0
       0
       0
       1
       0
       0
       1
       0
       0
       0
       0
       1
       0
       0
       0
       0
       1
       1
       0
       0
       0
       0
       2
       0
       0
       0
       0
       0
       0
       0
       0
       0
       0
       0
       0
       1
       0
       0
       1
       1
       0
       1
       1
       0
       0
       0
       0
       0
       0
       0
       0
       0
       0
       0
       0
       0
       0
       0
       0
       0
       0
       2
       0
       0
       0
       0
       0
       0
       0
       0
       0
       0
       1
       0
       0
       0
       0
       1
       0
       0
       0
       0
       0
       0
       0
       0
       0
       0
       0
       0
       0
       0
       0
       0
       0
       0
       0
       0
       0
       0
       0
       0
       0
       0
       0
       0
       0
       0
       0
       0
       0
       0
       0
       1
       0
       0
       0
       1
       0
       0
       0
       0
       0
       0
       0
       1
       0
       0
       0
       0
       0
       0
       0
       1
       0
       0
       0
       0
       0
       0
       0
       1
       0
       0
       0
       0
       0
       0
       0
       0
       0
       0
       0
       0
       0
       0
       0
       0
       0
       0
       0
       0
       0
       1
       2
       0
       0
       0
       0
       0
       0
       0
       0
       0
       0
       1
       0
       0
       0
       0
       0
       1
       0
       0
       0
       0
       0
       0
       0
       0
       0
       0
       0
       0
       0
       0
       0
       0
       0
       0
       0
       0
       0
       0
       1
       0
       0
       0
       0
       0
       0
       0
       1
       0
       0
       0
       0
       0
       0
       0
       0
       0
       0
       0
       0
       0
       0
       0
       0
       0
       0
       0
       0
       0
       0
       0
       1
       0
       0
       0
       0
       0
       0
       1
       1
       0
       0
       1
       1
       0
       0
       0
       0
       0
       0
       0
       1
       0
       0
       0
       0
       0
       0
       1
       0
       1
       0
       0
       0
       1
       0
       0
       0
       0
       0
       0
       0
       0
       0
       0
       0
       0
       0
       0
       1
       1
       0
       0
       0
       0
       1
       0
       0
       0
       0
       0
       0
       0
       0
       0
       0
       0
       0
       0
       0
       0
       0
       0
       1
       0
       0
       0
       1
       0
       0
       0
       0
       0
       0
       0
       0
       0
       0
       0
       0
       0
       0
       0
       0
       0
       0
       1
       0
       0
       0
       0
       0
       0
       0
       0
       0
       0
       1
       0
       0
       0
       0
       0
       0
       0
       0
       0
       0
       0
       0
       0
       0
       0
       0
       0
       0
       1
       0
       0
       0
       1
       0
       1
       0
       0
       0
       0
       0
       0
       0
       0
       1
       0
       0
       0
       0
       0
       0
       0
       0
       0
       0
       0
       0
       0
       0
       0
       0
       1
       0
       0
       0
       0
       0
       0
       0
       0
       0
       1
       0
       0
       0
       0
       0
       1
       0
       0
       0
       0
       0
       0
       0
       0
       0
       0
       0
       0
       0
       0
       0
       0
       0
       0
       0
       1
       0
       0
       0
       0
       0
       0
       0
       0
       0
       0
       0
       0
       0
       1
       0
       0
       0
       0
       0
       0
       0
       0
       0
       0
       0
       0
       2
       0
       0
       0
       0
       0
       0
       0
       0
       0
       0
       1
       0
       0
       0
       0
       0
       0
       0
       0
       0
       0
       0
       1
       0
       0
       0
       0
       0
       0
       0
       0
       0
       0
       0
       0
       0
       0
       0
       0
       0
       0
       0
       0
       0
       0
       0
       0
       1
       0
       0
       0
       1
       0
       0
       0
       0
       0
       0
       0
       0
       1
       0
       0
       0
       0
       0
       0
       0
       0
       0
       0
       1
       0
       0
       1
       0
       1
       0
       0
       0
       0
       0
       0
       0
       0
       1
       0
       0
       0
       0
       2
       0
       0
       0
       0
       0
       0
       0
       0
       0
       0
       0
       0
       0
       0
       0
       0
       0
       1
       0
       0
       0
       0
       0
       0
       0
       0
       0
       0
       0
       0
       0
       0
       0
       0
       0
       0
       0
       0
       0
       0
       0
       0
       0
       1
       0
       0
       0
       0
       0
       0
       0
       0
       0
       0
       0
       0
       0
       0
       0
       0
       0
       0
       0
       0
       0
       0
       0
       0
       0
       0
       0
       0
       0
       0
       0
       0
       0
       0
       0
       1
       1
       0
       0
       0
       1
       0
       0
       1
       0
       0
       0
       0
       1
       0
       0
       0
       0
       0
       1
       0
       0
       0
       0
       0
       0
       0
       0
       0
       0
       0
       0
       0
       0
       0
       0
       0
       0
       0
       0
       0
       0
       1
       0
       0
       0
       0
       0
       0
       0
       0
       0
       0
       0
       0
       0
       0
       1
       1
       0
       1
       1
       0
       0
       0
       0
       1
       0
       0
       0
       0
       0
       0
       0
       0
       0
       0
       0
       0
       0
       0
       0
       0
       1
       0
       0
       0
       0
       0
       0
       0
       0
       0
       0
       0
       0
       0
       0
       1
       0
       0
       0
       0
       0
       0
       0
       0
       0
       1
       0
       0
       0
       0
       0
       0
       0
       0
       0
       0
       0
       0
       1
       0
       0
       1
       0
       0
       1
       0
       0
       1
       0
       0
       0
       0
       0
       0
       0
       0
       0
       0
       0
       0
       0
       0
       0
       1
       0
       0
       0
       0
       0
       0
       0
       0
       0
       0
       0
       0
       0
       0
       0
       0
       0
       0
       0
       0
       0
       0
       0
       0
       0
       0
       0
       0
       0
       1
       0
       0
       1
       0
       0
       0
       0
       0
       0
       0
       0
       0
       1
       1
       0
       0
       0
       1
       0
       1
       1
       1
       0
       0
       1
       0
       0
       0
       0
       0
       0
       0
       0
       0
       0
       0
       1
       0
       0
       0
       0
       0
       0
       0
       0
       0
       0
       0
       0
       0
       1
       0
       0
       0
       0
       0
       0
       0
       0
       0
       0
       0
       0
       0
       0
       0
       0
       0
       0
       0
       0
       0
       0
       0
       0
       0
       0
       0
       0
       0
       0
       0
       0
       0
       0
       0
       0
       1
       0
       0
       0
       0
       0
       0
       0
       0
       1
       0
       0
       0
       1
       0
       0
       0
       0
       0
       0
       0
       0
       0
       0
       0
       0
       0
       0
       0
       0
       0
       0
       0
       0
       0
       0
       0
       0
       0
       0
       0
       0
       1
       0
       0
       0
       0
       1
       0
       0
       0
       0
       1
       0
       0
       0
       0
       0
       0
       0
       2
       0
       0
       0
       0
       0
       0
       0
       0
       0
       0
       0
       0
       0
       0
       0
       0
       0
       0
       0
       0
       0
       0
       0
       0
       0
       0
       0
       0
       1
       0
       0
       0
       0
       0
       0
       0
       1
       0
       0
       0
       0
       0
       1
       0
       0
       0
       0
       0
       0
       0
       0
       0
       0
       0
       0
       0
       0
       0
       0
       0
       0
       0
       0
       0
       0
       0
       0
       1
       0
       0
       0
       0
       0
       0
       0
       0
       0
       0
       0
       1
       0
       0
       0
       0
       0
       0
       0
       0
       1
       0
       0
       0
       0
       0
       0
       0
       0
       0
       0
       0
       0
       0
       0
       1
       0
       0
       0
       0
       0
       0
       0
       0
       0
       0
       0
       0
       0
       0
       1
       0
       0
       0
       1
       0
       0
       0
       0
       0
       1
       0
       0
       0
       1
       1
       0
       0
       0
       0
       0
       0
       0
       0
       0
       0
       0
       0
       0
       0
       0
       1
       0
       0
       0
       0
       0
       0
       0
       0
       0
       0
       0
       0
       1
       0
       1
       0
       1
       1
       0
       1
       0
       0
       0
       0
       0
       0
       0
       0
       0
       0
       0
       0
       0
       0
       1
       0
       0
       0
       0
       0
       0
       0
       0
       0
       0
       0
       0
       0
       0
       1
       0
       0
       0
       0
       0
       0
       0
       0
       0
       0
       0
       0
       0
       0
       0
       0
       1
       0
       0
       0
       0
       0
       0
       1
       0
       0
       0
       0
       0
       0
       0
       0
       0
       0
       0
       0
       0
       1
       0
       0
       0
       0
       0
       0
       0
       0
       0
       0
       0
       0
       0
       0
       1
       0
       0
       0
       0
       0
       0
       0
       0
       0
       0
       0
       0
       0
       0
       0
       0
       0
       2
       0
       0
       0
       0
       0
       0
       0
       0
       1
       0
       0
       0
       0
       0
       0
       0
       0
       0
       0
       0
       0
       0
       0
       0
       0
       0
       0
       0
       0
       0
       0
       0
       2
       0
       0
       0
       1
       0
       0
       0
       0
       0
       0
       0
       0
       1
       0
       1
       0
       0
       0
       0
       1
       0
       0
       0
       0
       0
       0
       0
       0
       0
       0
       0
       0
       0
       0
       0
       0
       0
       0
       1
       1
       0
       0
       0
       0
       0
       0
       0
       0
       0
       0
       0
       0
       0
       0
       0
       0
       0
       0
       0
       0
       0
       0
       0
       0
       0
       0
       0
       0
       0
       0
       0
       0
       0
       0
       0
       0
       0
       0
       0
       0
       0
       0
       0
       0
       0
       0
       0
       0
       0
       0
       0
       0
       0
       0
       0
       0
       0
       0
       0
       0
       0
       0
       0
       0
       0
       0
       0
       0
       0
       0
       0
       0
       0
       0
       0
       0
       0
       0
       0
       0
       0
       0
       0
       0
       0
       0
       0
       0
       0
       0
       0
       0
       0
       0
       0
       0
       0
       0
       0
       0
       0
       0
       0
       0
       0
       0
       0
       0
       0
       0
       0
       0
       0
       0
       0
       0
       0
       0
       0
       0
       0
       0
       0
       0
       0
       0
       0
       0
       0
       0
       0
       0
       0
       0
       0
       0
       0
       0
       0
       0
       0
       0
       0
       0
       0
       0
       0
       0
       0
       0
       0
       0
       0
       0
       0
       0
       0
       0
       0
       0
$ROI:
0
$PRESETS:
None
0
0
$ENER_FIT:
0.000000 0.000000
$MCA_CAL:
3
0.000000E+000 0.000000E+000 0.000000E+000 
$SHAPE_CAL:
3
0.000000E+000 0.000000E+000 0.000000E+000
