$SPEC_ID:
No sample description was entered.
$SPEC_REM:
DET# 1
DETDESC# SCE-SOPA-00035 MCB 133
AP# Maestro Version 7.01
$DATE_MEA:
11/13/2019 14:06:07
$MEAS_TIM:
3656 3656
$DATA:
0 4095
       0
       0
       0
       0
       0
       0
       0
       0
       0
       0
       0
       0
       0
       0
       0
       0
       0
       0
       0
       0
       0
       0
       0
       0
       0
       0
       0
      10
       4
      24
     103
     101
      97
     113
      99
     124
      96
      79
     107
     113
     105
     114
      81
     109
     108
     121
     136
     113
     100
     110
      99
      94
      97
     112
     104
     124
      97
     101
      84
     105
     118
     101
      98
     130
     114
     113
     118
      80
      88
     110
     115
      96
     113
     120
     131
      95
     102
     107
     117
     108
     113
     113
     109
     125
     130
     124
     122
     108
     118
     116
     111
     127
     129
     163
     125
     129
     126
     124
     121
     121
      94
     118
     121
     117
     131
     127
     142
     119
     118
     123
     136
     144
     153
     126
     150
     156
     129
     129
     141
     124
     126
     153
     148
     155
     145
     134
     150
     152
     141
     169
     154
     117
     138
     154
     160
     162
     150
     153
     144
     139
     129
     148
     160
     133
     135
     152
     160
     147
     168
     163
     150
     137
     156
     134
     161
     141
     148
     129
     112
     121
     125
     142
     129
     116
     167
     158
     147
     104
     118
     129
     145
     147
     131
     134
     110
     150
     140
     133
     155
     122
     116
     151
     108
     133
     127
     149
     158
     147
     120
     114
     157
     112
     117
     142
     130
     114
     121
     141
     153
     121
     129
     146
     128
     126
     149
     124
     129
     153
     149
     153
     138
     126
     139
     134
     165
     151
     172
     166
     155
     168
     159
     156
     132
     167
     195
     146
     150
     135
     157
     156
     139
     143
     148
     137
     135
     134
     133
     136
     121
     140
     124
     129
     137
     121
     128
     104
     114
     138
     113
     113
     128
     113
     122
     104
     120
     111
      97
      85
      99
     115
      91
     110
     114
      99
      99
      91
     111
      95
      97
     102
      87
      79
     108
     101
      79
      96
      92
      82
      70
      93
      93
     105
      87
      88
      89
      95
      86
      92
      89
      84
      91
      86
      99
      86
      90
      90
      86
      76
      90
      65
      67
      76
      82
      80
      63
      91
      71
      78
      78
      77
      70
      99
      80
      97
      81
      85
      64
      61
      54
      70
      82
      75
      82
      72
      96
      58
      66
      63
      62
      68
      55
      77
      78
      56
      80
      65
      70
      76
      62
      69
      79
      62
      68
      72
      61
      70
      63
      58
      81
      57
      76
      63
      65
      61
      56
      60
      61
      62
      71
      68
      79
      68
      65
      64
      63
      72
      66
      62
      68
      61
      52
      46
      64
      63
      55
      70
      58
      56
      58
      68
      53
      55
      58
      67
      61
      56
      65
      75
      68
      57
      72
      58
      63
      62
      66
      56
      67
      48
      70
      67
      58
      55
      56
      53
      55
      50
      70
      54
      70
      58
      49
      54
      48
      55
      61
      75
      57
      50
      50
      58
      59
      70
      54
      49
      46
      58
      48
      53
      64
      46
      51
      76
      53
      49
      66
      56
      54
      66
      57
      53
      64
      45
      57
      55
      60
      43
      53
      58
      55
      60
      49
      62
      51
      67
      52
      69
      52
      63
      54
      54
      49
      51
      60
      66
      55
      48
      70
      64
      54
      49
      62
      46
      45
      54
      56
      48
      44
      49
      39
      49
      45
      49
      51
      41
      58
      56
      48
      37
      49
      52
      53
      60
      56
      48
      54
      62
      50
      49
      49
      57
      30
      56
      60
      37
      53
      60
      48
      48
      45
      52
      40
      53
      66
      74
      74
      54
      58
      48
      39
      42
      47
      46
      47
      66
      50
      41
      46
      53
      39
      52
      52
      42
      38
      49
      53
      47
      39
      56
      46
      54
      41
      35
      44
      54
      35
      56
      50
      41
      40
      39
      63
      48
      38
      35
      34
      45
      43
      56
      50
      50
      48
      48
      48
      48
      42
      46
      56
      62
      30
      49
      67
      41
      46
      34
      62
      43
      44
      33
      41
      39
      58
      39
      59
      51
      56
      46
      41
      53
      60
      42
      53
      49
      39
      61
      61
      47
      59
      54
      45
      56
      40
      42
      64
      40
      56
      47
      50
      41
      54
      45
      47
      51
      46
      54
      50
      48
      42
      47
      44
      49
      50
      43
      46
      46
      44
      46
      46
      38
      47
      49
      54
      47
      41
      59
      54
      54
      48
      49
      48
      43
      52
      50
      51
      36
      48
      47
      44
      42
      48
      47
      53
      46
      51
      48
      49
      38
      47
      51
      42
      41
      36
      51
      48
      47
      30
      40
      48
      37
      40
      36
      43
      44
      46
      36
      56
      49
      54
      38
      63
      48
      56
      45
      32
      39
      43
      47
      55
      44
      56
      49
      46
      52
      44
      48
      52
      46
      47
      39
      44
      45
      38
      38
      44
      51
      46
      52
      52
      44
      44
      42
      51
      61
      57
      44
      43
      50
      40
      53
      42
      49
      48
      61
      48
      46
      52
      37
      43
      55
      49
      50
      49
      53
      54
      46
      50
      40
      49
      41
      58
      54
      47
      46
      39
      46
      49
      39
      45
      37
      59
      45
      55
      57
      40
      45
      42
      54
      40
      46
      45
      52
      45
      38
      59
      59
      46
      47
      53
      36
      56
      62
      48
      40
      31
      51
      54
      46
      42
      52
      49
      56
      53
      37
      53
      42
      53
      58
      55
      60
      48
      51
      46
      55
      47
      48
      52
      58
      56
      54
      50
      51
      52
      73
      42
      59
      54
      50
      61
      43
      69
      50
      56
      62
      55
      54
      52
      65
      53
      60
      44
      38
      42
      51
      41
      61
      46
      61
      71
      53
      47
      54
      59
      55
      64
      49
      57
      66
      62
      47
      61
      53
      49
      43
      52
      58
      62
      56
      41
      53
      64
      55
      59
      71
      50
      51
      43
      59
      60
      61
      60
      45
      60
      56
      61
      47
      45
      65
      44
      56
      69
      60
      59
      42
      56
      64
      60
      58
      65
      52
      67
      60
      55
      63
      60
      80
      63
      48
      51
      65
      76
      63
      63
      57
      62
      79
      61
      54
      66
      54
      74
      72
      66
      47
      64
      69
      63
      67
      64
      65
      65
      71
      73
      57
      64
      64
      60
      63
      79
      55
      64
      71
      78
      71
      63
      66
      65
      64
      75
      58
      75
      74
      75
      72
      76
      70
      71
      78
      71
      82
      70
      70
      60
      64
      70
      70
      67
      62
      65
      68
      71
      67
      73
      73
      76
      69
      72
      84
      82
      88
      67
      72
      74
      64
      63
      81
      75
      72
      67
      61
      65
      67
      62
      65
      48
      56
      75
      56
      49
      64
      65
      50
      55
      52
      54
      37
      53
      59
      57
      62
      57
      64
      57
      39
      49
      54
      64
      62
      46
      48
      54
      54
      41
      51
      50
      57
      44
      56
      57
      53
      55
      46
      50
      51
      48
      47
      54
      52
      75
      59
      44
      56
      53
      38
      54
      54
      40
      41
      58
      54
      50
      51
      52
      48
      55
      43
      56
      47
      60
      51
      48
      55
      49
      41
      48
      42
      56
      49
      53
      41
      49
      39
      49
      40
      43
      51
      46
      52
      39
      42
      44
      53
      49
      46
      41
      33
      50
      44
      57
      49
      51
      34
      44
      43
      36
      43
      53
      48
      49
      29
      40
      41
      58
      55
      34
      61
      45
      41
      47
      57
      47
      44
      43
      50
      52
      43
      48
      55
      51
      43
      50
      43
      47
      46
      58
      49
      54
      41
      36
      57
      39
      64
      45
      41
      56
      51
      56
      39
      50
      50
      54
      53
      44
      43
      37
      41
      35
      40
      23
      22
      32
      33
      24
      34
      30
      39
      27
      40
      33
      24
      20
      30
      24
      33
      45
      32
      33
      28
      29
      26
      25
      26
      31
      27
      28
      24
      29
      26
      25
      28
      26
      29
      19
      24
      28
      25
      21
      20
      24
      30
      23
      23
      28
      27
      21
      38
      63
     171
     471
     959
    1169
     950
     489
     152
      43
      20
      23
      17
      22
      20
      26
      20
      24
      17
      17
      14
      17
      15
      13
      25
      12
      18
      17
      18
      20
      10
      12
      13
      21
      22
      16
       9
      13
      15
      12
      12
      24
      10
      14
       6
       8
      13
      17
       9
       7
      11
      13
      12
       9
      16
       8
      13
      12
       8
       9
       9
      15
       4
       8
       7
      10
      12
      13
       7
       3
       6
       7
      11
       7
       5
      12
      10
       8
       3
      11
       8
       9
      10
       2
       7
       5
       4
       4
       6
      12
       4
       2
       7
       6
      12
       8
      12
      10
       8
       8
      12
       8
       4
       8
       5
       9
       9
       4
       5
       3
       6
      12
       6
       7
       2
       8
       4
       1
       5
       4
       1
       8
       5
       4
       4
       3
       3
       7
       3
       9
       9
       6
       6
       6
      11
       8
       4
       8
       6
      10
       4
       5
       6
       7
       6
       3
       2
       5
       6
       6
       4
       6
       8
       7
       6
       6
       8
       9
       9
       8
      17
      49
     176
     500
     902
    1035
     787
     431
     116
      22
       9
       6
       6
       4
       1
       4
       2
       5
       4
       1
       2
       4
       2
       1
       0
       1
       2
       3
       3
       3
       6
       3
       2
       0
       1
       1
       0
       1
       5
       0
       3
       1
       2
       4
       3
       2
       0
       0
       4
       2
       1
       4
       1
       4
       0
       0
       0
       7
       2
       0
       8
       0
       4
       1
       2
       0
       1
       0
       1
       1
       1
       0
       4
       1
       2
       4
       2
       1
       2
       1
       2
       2
       1
       4
       3
       1
       1
       2
       5
       4
       4
       0
       1
       1
       2
       3
       1
       0
       0
       4
       2
       4
       1
       2
       1
       0
       0
       0
       1
       3
       0
       2
       1
       1
       1
       5
       3
       2
       1
       0
       1
       0
       2
       1
       0
       3
       2
       4
       1
       1
       4
       2
       5
       5
       5
       4
       5
       1
       3
       1
       2
       2
       4
       1
       1
       0
       2
       2
       1
       1
       1
       1
       1
       3
       5
       2
       2
       1
       1
       1
       3
       1
       3
       2
       0
       0
       2
       1
       2
       0
       3
       2
       2
       1
       0
       2
       0
       1
       0
       2
       1
       0
       1
       1
       0
       0
       3
       1
       1
       3
       0
       1
       0
       3
       3
       1
       1
       2
       3
       1
       0
       2
       1
       1
       1
       2
       1
       5
       1
       2
       1
       0
       2
       1
       0
       0
       2
       1
       1
       1
       0
       2
       0
       0
       2
       1
       3
       2
       1
       1
       2
       4
       3
       3
       2
       2
       1
       1
       1
       3
       1
       1
       0
       0
       2
       1
       2
       3
       0
       3
       1
       2
       0
       3
       0
       2
       1
       2
       1
       0
       1
       1
       1
       1
       0
       2
       2
       2
       1
       0
       2
       1
       0
       0
       2
       1
       1
       1
       0
       2
       0
       1
       4
       1
       0
       2
       2
       0
       0
       1
       2
       4
       1
       2
       1
       0
       1
       1
       1
       2
       2
       2
       1
       1
       3
       0
       2
       3
       1
       3
       0
       0
       0
       0
       0
       1
       1
       1
       0
       4
       0
       0
       1
       1
       1
       2
       0
       1
       1
       3
       0
       1
       2
       3
       0
       4
       1
       1
       1
       2
       1
       0
       1
       2
       1
       0
       0
       1
       2
       0
       0
       2
       3
       1
       2
       1
       1
       0
       1
       3
       1
       2
       1
       1
       2
       3
       1
       1
       1
       0
       1
       2
       1
       2
       0
       0
       1
       2
       0
       1
       1
       2
       2
       2
       2
       0
       1
       1
       1
       1
       3
       0
       0
       1
       3
       0
       0
       1
       0
       0
       1
       1
       0
       0
       2
       2
       0
       2
       1
       2
       1
       1
       1
       1
       0
       0
       0
       0
       4
       0
       1
       1
       0
       1
       2
       0
       0
       1
       0
       0
       0
       1
       1
       0
       1
       1
       1
       0
       3
       2
       0
       1
       0
       1
       0
       1
       1
       1
       1
       0
       0
       0
       1
       0
       3
       1
       0
       4
       0
       0
       2
       1
       0
       0
       0
       3
       1
       2
       0
       0
       0
       2
       2
       1
       2
       0
       0
       0
       2
       0
       0
       0
       2
       1
       1
       0
       1
       2
       1
       0
       1
       3
       1
       3
       0
       0
       0
       1
       1
       1
       3
       2
       0
       1
       0
       3
       2
       1
       1
       0
       1
       0
       1
       2
       0
       1
       0
       0
       0
       1
       1
       0
       1
       1
       2
       0
       0
       2
       1
       0
       2
       4
       1
       0
       0
       1
       0
       0
       4
       3
       1
       4
       1
       3
       1
       1
       1
       0
       1
       2
       2
       0
       1
       0
       2
       1
       1
       0
       1
       1
       0
       0
       0
       2
       1
       1
       2
       1
       1
       1
       0
       2
       0
       1
       0
       0
       0
       1
       2
       0
       0
       1
       1
       0
       0
       1
       1
       0
       1
       0
       3
       0
       0
       0
       1
       1
       0
       1
       2
       0
       0
       3
       0
       2
       0
       2
       3
       1
       1
       0
       1
       1
       0
       0
       0
       3
       1
       0
       0
       1
       0
       1
       1
       1
       0
       0
       0
       2
       2
       1
       2
       0
       1
       1
       0
       1
       1
       0
       0
       0
       1
       0
       1
       2
       0
       0
       1
       2
       0
       2
       1
       2
       1
       1
       2
       0
       0
       1
       1
       0
       2
       2
       0
       2
       1
       0
       0
       1
       0
       0
       0
       0
       4
       3
       2
       0
       0
       0
       0
       1
       1
       1
       3
       1
       1
       2
       1
       2
       0
       0
       1
       2
       0
       0
       1
       1
       0
       0
       0
       2
       0
       0
       2
       1
       1
       1
       1
       1
       0
       1
       0
       1
       0
       2
       0
       1
       0
       1
       0
       0
       1
       1
       1
       0
       1
       1
       0
       0
       2
       0
       0
       1
       0
       1
       0
       0
       0
       1
       0
       1
       2
       1
       1
       0
       0
       0
       1
       0
       1
       0
       1
       0
       1
       2
       0
       1
       0
       0
       2
       1
       0
       2
       1
       2
       1
       0
       1
       0
       1
       1
       2
       0
       1
       1
       0
       2
       1
       2
       3
       0
       1
       0
       0
       1
       1
       0
       1
       0
       1
       1
       0
       0
       1
       0
       0
       0
       1
       0
       1
       1
       0
       0
       0
       3
       1
       0
       1
       1
       1
       0
       0
       1
       1
       1
       1
       0
       0
       0
       0
       3
       1
       1
       0
       0
       0
       0
       1
       1
       0
       0
       0
       2
       0
       0
       1
       1
       1
       0
       0
       2
       2
       0
       0
       0
       0
       1
       2
       0
       1
       1
       0
       0
       1
       2
       1
       3
       1
       1
       1
       0
       0
       0
       0
       0
       0
       2
       0
       0
       0
       0
       0
       1
       1
       1
       0
       2
       0
       1
       1
       1
       0
       0
       0
       1
       1
       0
       0
       2
       0
       0
       1
       0
       0
       0
       0
       0
       1
       1
       2
       1
       0
       2
       2
       2
       2
       0
       1
       1
       0
       1
       0
       2
       0
       0
       2
       0
       0
       0
       0
       0
       0
       1
       1
       1
       0
       1
       1
       0
       1
       1
       2
       0
       0
       1
       1
       0
       0
       1
       2
       1
       0
       0
       1
       3
       0
       0
       0
       0
       1
       0
       1
       1
       1
       0
       1
       2
       0
       0
       0
       3
       1
       0
       3
       0
       0
       1
       1
       2
       0
       0
       0
       0
       1
       0
       0
       1
       0
       0
       3
       1
       0
       1
       0
       1
       0
       0
       1
       0
       1
       0
       0
       1
       0
       2
       1
       1
       0
       0
       0
       0
       1
       1
       0
       0
       1
       0
       0
       1
       1
       0
       2
       1
       0
       0
       0
       0
       0
       0
       1
       0
       0
       2
       0
       1
       1
       0
       0
       1
       1
       0
       1
       0
       0
       2
       0
       0
       0
       0
       1
       0
       0
       0
       0
       0
       1
       1
       0
       0
       0
       0
       0
       0
       0
       0
       0
       1
       0
       0
       1
       0
       1
       0
       0
       0
       0
       0
       0
       0
       1
       0
       1
       0
       0
       0
       0
       0
       2
       0
       0
       1
       0
       0
       0
       1
       0
       0
       1
       0
       0
       0
       0
       0
       0
       0
       0
       0
       1
       1
       0
       2
       1
       0
       1
       0
       1
       0
       0
       0
       0
       0
       1
       0
       0
       1
       0
       0
       0
       0
       1
       0
       0
       0
       0
       2
       0
       0
       0
       1
       0
       0
       0
       0
       0
       0
       0
       1
       0
       0
       0
       0
       0
       0
       1
       0
       0
       1
       0
       0
       0
       0
       0
       0
       0
       0
       0
       0
       0
       0
       0
       0
       0
       1
       0
       0
       1
       0
       0
       2
       0
       1
       0
       0
       0
       1
       0
       0
       1
       2
       2
       1
       2
       5
       4
       3
       0
       1
       2
       0
       0
       0
       0
       0
       0
       0
       0
       0
       0
       0
       0
       0
       0
       0
       0
       0
       0
       1
       2
       0
       0
       0
       0
       0
       0
       0
       1
       1
       0
       0
       0
       2
       0
       0
       1
       0
       0
       0
       0
       1
       0
       1
       0
       0
       1
       0
       0
       0
       0
       1
       0
       1
       1
       0
       0
       0
       0
       0
       0
       0
       0
       0
       0
       2
       0
       0
       0
       0
       0
       0
       1
       0
       0
       0
       1
       0
       0
       0
       0
       0
       1
       0
       0
       0
       0
       0
       2
       0
       0
       0
       0
       0
       1
       0
       0
       0
       0
       0
       0
       0
       0
       2
       4
       2
       2
       1
       5
       0
       0
       0
       0
       0
       2
       0
       0
       0
       0
       0
       0
       0
       0
       0
       0
       0
       0
       0
       0
       0
       0
       0
       0
       0
       1
       0
       0
       0
       0
       0
       0
       0
       0
       0
       0
       0
       0
       0
       1
       1
       0
       0
       1
       0
       0
       0
       0
       0
       0
       0
       1
       0
       0
       0
       0
       0
       1
       0
       0
       0
       0
       0
       0
       0
       0
       0
       0
       0
       0
       0
       0
       0
       0
       1
       0
       0
       0
       0
       0
       0
       0
       0
       0
       1
       0
       0
       0
       0
       0
       0
       0
       0
       0
       0
       0
       0
       0
       0
       0
       0
       0
       0
       0
       0
       0
       1
       0
       0
       0
       0
       0
       0
       0
       1
       0
       0
       0
       0
       0
       0
       0
       0
       0
       0
       0
       1
       0
       0
       0
       0
       0
       2
       0
       0
       0
       0
       0
       0
       0
       2
       0
       0
       1
       0
       1
       0
       0
       0
       0
       0
       0
       0
       0
       0
       0
       0
       0
       0
       1
       0
       0
       1
       1
       0
       0
       0
       0
       0
       0
       0
       0
       0
       0
       1
       0
       1
       0
       0
       0
       0
       0
       0
       0
       1
       0
       0
       0
       0
       0
       0
       1
       0
       0
       0
       0
       0
       0
       0
       1
       0
       0
       0
       0
       0
       0
       0
       0
       0
       0
       0
       0
       0
       0
       0
       0
       0
       0
       0
       0
       0
       0
       0
       0
       0
       0
       0
       0
       0
       0
       0
       0
       0
       0
       0
       0
       0
       0
       0
       0
       0
       0
       0
       1
       0
       0
       0
       0
       0
       0
       0
       0
       0
       0
       1
       0
       1
       0
       0
       0
       0
       0
       1
       0
       0
       0
       0
       0
       0
       0
       0
       0
       0
       0
       0
       0
       0
       0
       0
       0
       2
       0
       0
       0
       0
       0
       0
       1
       1
       0
       1
       0
       0
       0
       0
       0
       0
       0
       0
       0
       0
       0
       0
       0
       0
       0
       0
       0
       0
       0
       0
       0
       0
       0
       0
       0
       0
       0
       0
       1
       2
       1
       0
       0
       0
       1
       0
       0
       0
       0
       0
       0
       0
       0
       0
       0
       0
       0
       0
       0
       0
       0
       0
       0
       1
       0
       0
       0
       0
       0
       1
       0
       2
       0
       1
       0
       0
       0
       0
       0
       0
       0
       0
       1
       0
       0
       0
       1
       0
       0
       0
       0
       0
       0
       0
       0
       0
       0
       0
       0
       0
       0
       0
       1
       0
       0
       0
       0
       0
       0
       0
       0
       0
       0
       0
       0
       0
       0
       1
       0
       1
       0
       1
       0
       1
       0
       1
       0
       0
       0
       1
       0
       0
       0
       0
       1
       0
       0
       0
       0
       0
       0
       0
       0
       0
       0
       0
       0
       0
       0
       0
       0
       0
       0
       1
       0
       0
       1
       0
       0
       1
       0
       1
       0
       0
       0
       0
       0
       0
       0
       0
       0
       0
       1
       0
       0
       0
       0
       0
       0
       0
       0
       0
       1
       0
       0
       0
       1
       0
       0
       0
       0
       0
       0
       0
       0
       0
       0
       0
       0
       0
       0
       0
       0
       0
       0
       0
       0
       0
       0
       0
       1
       0
       0
       1
       0
       0
       0
       0
       1
       0
       0
       0
       0
       0
       0
       0
       0
       1
       1
       0
       0
       0
       0
       0
       0
       0
       0
       0
       0
       0
       0
       0
       0
       1
       0
       0
       0
       0
       0
       0
       0
       0
       0
       0
       0
       0
       0
       0
       0
       0
       0
       0
       0
       0
       0
       0
       1
       0
       0
       0
       0
       0
       0
       0
       0
       0
       0
       0
       0
       0
       1
       0
       0
       1
       0
       0
       0
       0
       0
       0
       0
       0
       0
       0
       0
       0
       0
       0
       0
       0
       0
       0
       0
       0
       0
       0
       0
       0
       0
       0
       0
       0
       1
       0
       0
       0
       0
       0
       1
       0
       0
       0
       0
       2
       0
       0
       0
       0
       0
       0
       0
       1
       0
       0
       0
       0
       0
       0
       0
       0
       0
       0
       0
       0
       0
       0
       0
       0
       0
       0
       0
       0
       0
       0
       0
       0
       1
       0
       0
       0
       1
       0
       1
       0
       0
       0
       1
       0
       0
       0
       0
       0
       0
       0
       0
       0
       0
       0
       0
       0
       0
       0
       0
       0
       0
       0
       0
       0
       1
       0
       0
       0
       0
       0
       0
       0
       0
       0
       0
       1
       0
       0
       0
       0
       0
       0
       0
       0
       0
       0
       0
       0
       0
       0
       0
       0
       0
       0
       0
       0
       0
       0
       0
       0
       0
       0
       0
       0
       1
       0
       0
       0
       0
       1
       0
       1
       0
       0
       0
       0
       1
       0
       0
       0
       0
       0
       0
       0
       0
       1
       0
       0
       0
       0
       0
       0
       1
       0
       0
       1
       1
       0
       0
       0
       0
       0
       0
       0
       0
       0
       0
       0
       0
       0
       0
       1
       1
       0
       1
       0
       0
       0
       1
       0
       0
       1
       0
       0
       0
       0
       0
       0
       0
       0
       0
       0
       0
       0
       0
       0
       0
       0
       0
       0
       0
       0
       0
       0
       0
       0
       0
       0
       1
       0
       0
       0
       0
       0
       0
       1
       0
       0
       0
       0
       0
       0
       0
       0
       0
       0
       0
       0
       0
       0
       0
       0
       0
       0
       0
       0
       0
       0
       0
       0
       0
       0
       0
       0
       0
       0
       0
       0
       0
       0
       1
       0
       0
       0
       0
       0
       0
       1
       0
       1
       0
       0
       0
       0
       0
       0
       0
       1
       0
       0
       0
       0
       0
       0
       0
       0
       0
       0
       1
       0
       0
       0
       1
       0
       0
       0
       0
       0
       0
       0
       0
       0
       1
       1
       0
       0
       0
       0
       0
       0
       1
       0
       1
       0
       0
       0
       0
       0
       0
       0
       0
       1
       0
       1
       0
       0
       0
       0
       0
       0
       0
       0
       0
       0
       0
       0
       0
       0
       0
       0
       0
       0
       0
       0
       0
       0
       0
       0
       0
       0
       0
       0
       1
       0
       0
       0
       0
       0
       0
       0
       0
       0
       0
       1
       0
       0
       0
       0
       0
       0
       0
       0
       0
       0
       0
       0
       0
       0
       0
       0
       0
       0
       0
       0
       1
       0
       1
       0
       0
       0
       0
       0
       0
       0
       0
       0
       0
       0
       0
       0
       1
       0
       1
       0
       0
       0
       0
       0
       0
       0
       0
       0
       0
       0
       1
       0
       0
       0
       0
       0
       0
       0
       0
       0
       0
       0
       0
       0
       0
       0
       0
       0
       0
       0
       0
       0
       0
       0
       0
       0
       0
       0
       0
       0
       0
       0
       0
       0
       0
       0
       0
       0
       0
       0
       0
       0
       0
       0
       0
       0
       1
       0
       0
       0
       0
       0
       0
       0
       0
       0
       0
       0
       0
       0
       0
       1
       0
       0
       0
       0
       0
       1
       0
       0
       0
       0
       0
       0
       0
       0
       0
       0
       0
       0
       0
       0
       0
       0
       0
       0
       0
       0
       0
       1
       0
       1
       0
       0
       0
       0
       0
       0
       0
       0
       0
       0
       0
       0
       0
       1
       0
       0
       0
       0
       0
       0
       0
       0
       1
       0
       1
       0
       0
       0
       0
       0
       0
       0
       0
       0
       0
       0
       0
       0
       0
       0
       0
       0
       0
       0
       0
       0
       0
       0
       1
       0
       0
       0
       0
       0
       0
       0
       0
       0
       0
       0
       0
       0
       1
       1
       0
       0
       0
       0
       1
       0
       0
       0
       0
       1
       0
       0
       1
       0
       0
       0
       0
       0
       0
       0
       0
       0
       0
       0
       0
       0
       0
       0
       0
       0
       0
       0
       0
       0
       1
       0
       0
       0
       0
       0
       0
       0
       0
       0
       1
       0
       0
       1
       0
       1
       0
       0
       1
       0
       0
       0
       0
       0
       0
       0
       0
       0
       0
       0
       0
       0
       1
       0
       0
       0
       0
       0
       0
       0
       0
       0
       0
       1
       1
       0
       0
       0
       0
       0
       0
       0
       0
       0
       0
       0
       0
       0
       0
       0
       0
       0
       0
       1
       0
       0
       0
       0
       0
       0
       0
       0
       0
       0
       0
       0
       0
       0
       0
       0
       0
       0
       0
       0
       0
       0
       0
       0
       0
       0
       0
       0
       0
       0
       0
       0
       0
       0
       0
       1
       0
       0
       0
       0
       0
       0
       0
       0
       0
       0
       0
       0
       0
       0
       0
       0
       0
       0
       0
       0
       0
       1
       0
       0
       0
       0
       0
       0
       0
       0
       0
       0
       0
       0
       0
       0
       0
       0
       0
       0
       0
       0
       0
       0
       0
       0
       0
       0
       0
       0
       0
       0
       0
       0
       0
       0
       0
       0
       0
       0
       0
       0
       0
       0
       0
       0
       0
       0
       0
       0
       0
       0
       0
       0
       0
       0
       0
       0
       0
       0
       0
       0
       0
       0
       0
       0
       0
       0
       0
       0
       0
       0
       0
       0
       0
       0
       0
       0
       0
       0
       0
       0
       0
       0
       0
       0
       0
       0
       0
       0
       0
       0
       0
       0
       0
       0
       0
       0
       0
       0
       0
       0
       0
       0
       0
       0
       0
       0
       0
       0
       0
       0
       0
       0
       0
       0
       0
       0
       0
       0
       0
       0
       0
       0
       0
       0
       0
       0
       0
       0
       0
       0
       0
       0
       0
       0
       0
       0
       0
       0
       0
       0
       0
       0
       0
       0
       0
       0
       0
       0
       0
       0
       0
       0
       0
       0
       0
       0
       0
       0
       0
       0
       0
       0
       0
       0
       0
       0
       0
$ROI:
0
$PRESETS:
None
0
0
$ENER_FIT:
0.000000 0.000000
$MCA_CAL:
3
0.000000E+000 0.000000E+000 0.000000E+000 
$SHAPE_CAL:
3
0.000000E+000 0.000000E+000 0.000000E+000
