$SPEC_ID:
No sample description was entered.
$SPEC_REM:
DET# 1
DETDESC# SCE-SOPA-00035 MCB 133
AP# Maestro Version 7.01
$DATE_MEA:
11/04/2019 12:15:30
$MEAS_TIM:
3496 3497
$DATA:
0 4095
       0
       0
       0
       0
       0
       0
       0
       0
       0
       0
       0
       0
       0
       0
       0
       0
       0
       0
       0
       0
       0
       0
       0
       0
       0
       0
       4
       4
       2
      20
     129
     141
     155
     140
     143
     122
     151
     154
     179
     140
     146
     158
     142
     138
     149
     174
     152
     144
     166
     150
     161
     153
     151
     166
     146
     130
     125
     149
     150
     157
     143
     153
     170
     154
     162
     148
     135
     151
     134
     142
     153
     146
     152
     156
     147
     139
     147
     163
     162
     163
     159
     170
     165
     146
     162
     179
     143
     178
     163
     189
     169
     180
     191
     184
     169
     142
     180
     174
     161
     162
     168
     159
     174
     153
     159
     157
     165
     184
     180
     187
     195
     166
     179
     180
     187
     182
     183
     205
     171
     197
     186
     182
     203
     207
     195
     194
     190
     205
     191
     207
     181
     180
     189
     208
     188
     203
     196
     198
     182
     207
     201
     193
     203
     202
     201
     196
     193
     216
     190
     189
     214
     192
     203
     209
     211
     197
     194
     206
     196
     183
     195
     205
     181
     174
     201
     206
     178
     188
     183
     183
     195
     176
     180
     177
     165
     195
     186
     207
     157
     187
     187
     169
     187
     199
     170
     188
     180
     187
     197
     176
     171
     166
     187
     198
     177
     166
     168
     176
     195
     197
     182
     172
     171
     185
     179
     165
     170
     196
     199
     192
     205
     229
     236
     226
     215
     218
     225
     222
     235
     231
     249
     233
     205
     213
     203
     215
     235
     188
     205
     211
     181
     182
     214
     195
     193
     189
     171
     177
     189
     180
     152
     186
     187
     185
     199
     186
     154
     127
     179
     172
     165
     183
     165
     143
     160
     144
     175
     139
     151
     140
     144
     141
     130
     159
     145
     149
     170
     116
     155
     153
     157
     126
     136
     134
     131
     141
     135
     138
     142
     134
     132
     121
     134
     133
     126
     135
     105
     133
     141
     122
     120
     142
     134
     111
     139
     116
     131
     132
     122
     126
     121
     118
     113
     131
     102
     113
     113
     124
     124
     129
     131
     120
     133
     129
     131
     115
     112
     111
     115
     120
     102
     134
     123
     121
     120
      79
     112
     112
     114
     120
     121
     114
     105
     101
      80
     113
     105
      95
     106
     115
     103
     115
     104
      91
     105
     114
      91
     100
      99
     103
     106
     102
      88
      96
      94
      92
      85
      91
     105
      96
     101
     113
     104
     120
      89
      87
      90
     103
      78
     100
      83
      95
      99
     102
      86
     105
      94
     116
      95
      96
      89
     102
     101
      75
      83
      86
      92
      82
      87
      92
      99
     100
      86
      82
      90
      68
      68
      94
      75
      86
      76
      95
      97
      97
      80
      94
      94
      91
      93
      82
      93
     101
      87
      87
      99
     105
     102
     109
      99
      66
      82
      70
      97
      84
      89
      81
      88
      89
      85
      96
      85
      78
     100
      92
     106
      83
      75
      89
     104
      78
      90
      84
      73
      81
      75
      81
      92
      96
      87
      67
      87
      72
      78
      69
      75
      71
      91
      93
      82
      73
      89
      75
      75
      93
      90
      73
      84
      81
      76
      74
      77
      79
      84
      75
      87
      68
      88
      85
      80
      84
      83
     117
      78
      70
      69
      87
      57
      84
      80
      82
      89
      87
      83
      81
      78
      67
      70
      72
      75
      78
      80
      84
      99
      84
      90
      68
      81
      67
      76
      78
      95
      82
      87
      93
      89
      88
      90
      90
      60
      73
      75
      73
      83
      66
      91
      72
      72
      83
      61
      85
      80
      72
      76
      72
      54
      70
      61
      72
      77
      83
      93
      68
      82
      74
      77
      72
      68
      90
      76
      73
      59
      76
      88
      59
      82
      93
      71
      64
      84
      79
      83
      86
      70
      82
      69
      59
      84
      76
      72
      62
      68
      76
      73
      86
      99
      79
      64
      75
      75
      66
      87
      69
      65
      89
      75
      86
      68
      81
      65
      70
      80
      82
      72
      58
      67
      76
      77
      80
      70
      76
      74
      67
      96
      79
      66
      67
      72
      72
      90
      91
      82
      75
      65
      85
      81
      97
      77
      70
      82
      69
      68
      86
      64
      91
      84
      79
      58
      64
      65
      59
      83
      81
      70
      71
      78
      76
      77
      70
      80
      81
      79
      78
      64
      87
      78
      76
      88
      72
      66
      58
      57
      61
      71
      73
      66
      90
      85
      53
      78
      57
      91
      93
      62
      77
      79
      88
      87
      81
      70
      72
      79
      73
      63
      75
      75
      87
      67
      76
      70
      73
      81
      65
      62
      64
      86
      75
      72
      73
      89
      74
      86
      76
      66
      78
      72
      73
      70
      76
      61
      70
      82
      78
      76
      77
      84
      81
      67
      73
      91
      84
      66
      70
      81
      65
      67
      73
      70
      77
      76
      77
      82
      79
      73
      65
      90
      63
      77
      81
      82
      67
      71
      72
      71
      79
      73
      79
      82
      85
      82
      76
      78
      71
      79
      78
      84
      72
      83
      80
      71
      75
      75
      72
      82
      93
      74
      66
      95
      72
      71
      81
      80
      68
      79
      52
      62
      85
      61
      97
      79
      77
      78
      71
      69
      82
      61
      80
      68
     108
      76
      83
      73
      71
      85
      84
      67
      75
      54
      65
      84
      62
      87
      75
      84
      88
      72
      76
     102
      76
      81
      84
      72
      93
      88
      76
      75
      87
      78
      82
      69
      85
      83
      78
      95
      87
      81
      87
      84
      78
      77
      88
      82
      95
      92
      83
      88
     108
      74
      89
      85
      89
      71
      78
      97
      88
      77
      86
      81
      84
     101
      82
      88
     106
      84
      80
      94
     100
      86
      93
      91
      91
      77
      84
      96
      83
      80
      83
      96
      87
      87
      78
      88
      98
      84
      86
      89
      82
      94
      85
      80
      80
      94
      89
      83
      74
      84
      84
      96
     102
      92
      83
     100
      93
      87
      97
     101
      99
      98
     100
      89
      82
      84
     110
      95
     100
      85
      96
     101
      97
     119
     112
     102
     100
     102
      97
     112
     103
     107
      89
      91
     105
     104
     105
     109
     109
     101
      90
      99
     114
     116
     109
      97
     133
     105
      92
     102
     109
     119
     105
     108
     102
     114
     122
     126
     100
     119
     102
     126
     101
     130
     124
      92
     135
     121
     105
     126
     107
     100
     122
     106
     111
     114
     122
     103
     132
      95
     112
     108
     126
     141
     125
      91
     122
     115
     116
     107
     130
     110
     113
     131
      88
      95
      94
      85
      96
      86
     103
      85
      89
      78
      84
      74
      86
      87
      96
      85
      84
      82
      81
      82
      90
      93
      88
      53
      97
      98
      91
      83
      74
      76
      71
      94
      81
      73
      82
      82
      84
      72
      76
     105
      82
      93
      77
      84
     102
      68
      75
      72
      68
      79
      73
      79
      75
      80
      80
      65
      60
      82
      81
      71
      93
      85
      81
      74
      81
      95
      84
      84
      69
      70
      87
      74
      78
      65
      78
      71
      78
      66
      72
      82
      91
      70
      90
      77
      77
      67
      75
      85
      90
      82
      70
      73
      59
      74
      56
      83
      81
      73
      74
      76
      78
      74
      78
      70
      74
      68
      62
      59
      75
      88
      77
      84
      73
      74
      79
      69
      82
      62
      75
      84
      97
      85
      79
      68
      79
      83
      76
      68
      68
      89
      68
      83
      68
      73
      79
      99
      84
      91
      75
      82
      64
      92
      78
      83
      69
      66
      80
      74
      64
      70
      71
      79
      70
      65
      55
      77
      64
      56
      59
      58
      41
      61
      62
      55
      46
      54
      55
      54
      39
      56
      60
      44
      55
      45
      50
      42
      50
      51
      66
      51
      47
      48
      44
      41
      31
      38
      43
      51
      40
      37
      45
      39
      49
      38
      37
      56
      47
      42
      43
      38
      30
      55
      39
      43
      85
     204
     624
    1371
    1964
    1766
     946
     345
      94
      36
      37
      28
      41
      31
      29
      22
      33
      27
      25
      28
      30
      24
      32
      18
      25
      21
      29
      28
      25
      24
      28
      41
      29
      23
      22
      31
      18
      12
      20
      34
      30
      14
      21
      30
      12
      27
      15
      22
      18
      27
      25
      23
      14
      10
      23
      11
      20
      19
      15
      21
      13
      14
      20
      19
      15
      14
      12
      16
       9
      14
      11
      13
      11
       9
      13
      15
      11
      11
       9
      18
      11
      13
      12
      13
       9
       8
      11
      12
      11
       8
       8
      15
       6
      12
       8
      14
      17
      11
       7
       4
      14
       9
      10
      15
      10
      16
       8
      11
      15
      20
       9
       8
      12
       9
      11
      10
       6
      15
      11
      15
      16
      10
       8
      15
      14
       8
       8
      17
       6
      15
      11
       6
       6
      14
      11
      11
       6
      10
       7
      15
       9
       9
       8
       8
      11
      12
       8
      11
      10
      11
      10
      11
      12
      10
      13
      13
      16
      10
      15
      31
      82
     251
     726
    1387
    1751
    1404
     743
     224
      36
      10
      10
       2
       9
       4
      11
       6
       6
       4
       8
       6
       3
       1
       3
       7
       3
       4
       2
       4
       2
       9
       3
       5
       7
       8
       4
       3
       3
       3
       3
       4
       5
       7
       5
       4
       5
       3
       4
       6
       3
       5
       4
       2
       5
       2
       8
       3
       3
       3
       4
       5
       6
       4
       2
       6
       5
       4
       2
       4
       2
       6
       2
       2
       4
       5
       2
       3
       3
       3
       5
       4
       5
       5
       4
       5
       4
       2
       4
       8
       2
       7
       3
       6
       4
       2
       4
       5
       5
       2
       4
       4
       1
       4
       3
       5
       8
       5
       6
       4
       7
       7
       2
       2
       6
       8
       3
       4
       2
       4
       1
       3
       1
       5
       1
       6
       3
       1
       3
       1
       3
       5
       4
       6
       9
      10
       7
       6
       3
       3
       3
       1
       6
       4
       1
       1
       2
       1
       5
       5
       3
       5
       2
       2
       5
       4
       3
       2
       6
       2
       3
       3
       5
       3
       3
       4
       2
       0
       3
       0
       0
       3
       1
       1
       1
       4
       1
       1
       3
       1
       3
       2
       2
       1
       3
       1
       2
       5
       3
       4
       0
       1
       4
       2
       5
       4
       3
       1
       1
       2
       2
       4
       1
       1
       2
       2
       2
       3
       2
       2
       8
       5
       5
       5
       3
       1
       4
       4
       1
       4
       2
       3
       4
       3
       3
       2
       2
       1
       4
       2
       1
       1
       4
       6
       3
       2
       4
       1
       1
       2
       4
       1
       2
       5
       5
       6
       1
       2
       4
       2
       1
       1
       2
       4
       1
       2
       3
       1
       3
       3
       2
       1
       6
       2
       3
       2
       4
       1
       3
       2
       5
       2
       5
       3
       0
       1
       3
       3
       6
       2
       3
       2
       1
       1
       1
       3
       0
       1
       1
       2
       4
       2
       0
       3
       4
       3
       0
       3
       3
       1
       3
       0
       5
       2
       3
       4
       3
       4
       5
       2
       3
       0
       3
       5
       2
       1
       6
       2
       2
       2
       0
       3
       3
       2
       2
       2
       0
       2
       1
       4
       1
       2
       2
       4
       2
       2
       2
       2
       4
       3
       4
       2
       1
       3
       2
       6
       1
       2
       1
       3
       0
       4
       0
       4
       3
       2
       1
       2
       3
       1
       2
       2
       3
       2
       0
       3
       3
       2
       2
       1
       1
       1
       1
       2
       4
       2
       1
       1
       4
       0
       3
       3
       1
       2
       5
       5
       3
       3
       0
       1
       1
       4
       1
       3
       2
       2
       0
       3
       4
       2
       2
       2
       3
       1
       2
       2
       1
       1
       1
       1
       1
       3
       4
       0
       3
       2
       0
       2
       1
       1
       1
       2
       4
       2
       3
       4
       0
       1
       2
       3
       4
       4
       2
       1
       3
       2
       3
       2
       3
       3
       5
       3
       6
       2
       1
       1
       2
       1
       1
       1
       2
       3
       3
       1
       2
       0
       2
       2
       3
       2
       2
       2
       2
       4
       0
       2
       1
       2
       3
       3
       1
       2
       2
       2
       1
       2
       2
       2
       4
       2
       2
       0
       5
       1
       2
       1
       0
       2
       1
       3
       1
       0
       1
       2
       1
       2
       3
       2
       0
       3
       2
       1
       2
       2
       5
       2
       1
       3
       3
       2
       2
       0
       1
       2
       1
       1
       4
       2
       2
       0
       3
       2
       2
       3
       1
       0
       2
       1
       0
       1
       1
       0
       0
       3
       4
       5
       2
       1
       1
       1
       0
       2
       3
       1
       0
       4
       2
       1
       5
       1
       2
       1
       2
       4
       3
       1
       1
       2
       3
       0
       3
       3
       2
       0
       3
       0
       1
       2
       2
       1
       1
       1
       3
       2
       0
       4
       3
       1
       1
       1
       1
       1
       1
       0
       1
       2
       0
       1
       2
       0
       2
       3
       3
       1
       1
       1
       2
       1
       1
       0
       1
       1
       2
       3
       2
       1
       0
       1
       1
       2
       1
       2
       1
       1
       1
       1
       3
       3
       1
       0
       2
       3
       1
       2
       1
       2
       1
       4
       1
       1
       2
       2
       1
       2
       1
       1
       1
       1
       2
       3
       1
       1
       0
       2
       0
       1
       2
       2
       1
       5
       0
       1
       2
       3
       2
       0
       3
       0
       1
       3
       1
       2
       1
       2
       2
       2
       1
       2
       3
       1
       1
       2
       3
       0
       0
       0
       1
       1
       2
       1
       3
       2
       1
       0
       1
       2
       2
       2
       0
       4
       1
       1
       1
       3
       2
       0
       1
       1
       1
       1
       1
       2
       1
       0
       0
       1
       3
       4
       2
       2
       2
       0
       2
       0
       2
       1
       2
       4
       1
       1
       0
       2
       1
       3
       2
       4
       2
       2
       5
       0
       1
       2
       2
       0
       1
       2
       2
       1
       1
       1
       1
       2
       2
       1
       1
       1
       2
       2
       5
       1
       1
       2
       3
       1
       4
       2
       2
       1
       0
       3
       2
       2
       0
       1
       3
       0
       1
       1
       1
       2
       3
       4
       0
       3
       1
       4
       0
       0
       3
       4
       3
       1
       3
       2
       0
       0
       3
       0
       0
       0
       1
       0
       1
       0
       2
       3
       2
       1
       1
       0
       1
       0
       0
       1
       1
       0
       2
       1
       1
       0
       2
       0
       1
       1
       1
       0
       0
       1
       0
       1
       1
       1
       0
       0
       1
       1
       2
       0
       2
       0
       2
       3
       0
       0
       2
       0
       0
       2
       1
       2
       0
       1
       3
       1
       0
       0
       1
       1
       3
       0
       2
       1
       2
       1
       0
       3
       2
       1
       1
       1
       1
       0
       4
       0
       1
       0
       0
       0
       0
       1
       0
       0
       0
       1
       3
       2
       2
       0
       2
       5
       2
       1
       0
       0
       2
       0
       1
       3
       0
       1
       0
       1
       0
       2
       2
       0
       0
       2
       1
       0
       1
       0
       3
       2
       2
       0
       1
       1
       1
       1
       1
       1
       2
       4
       1
       1
       1
       2
       1
       0
       0
       3
       0
       2
       1
       0
       0
       1
       2
       2
       0
       0
       1
       1
       1
       0
       0
       0
       0
       5
       1
       2
       2
       0
       3
       0
       2
       0
       3
       1
       2
       1
       0
       1
       2
       3
       2
       0
       1
       1
       2
       1
       0
       1
       0
       2
       1
       2
       1
       2
       0
       4
       0
       0
       2
       2
       1
       0
       1
       0
       0
       2
       1
       1
       0
       0
       2
       0
       1
       1
       0
       2
       1
       2
       0
       1
       2
       0
       0
       0
       0
       2
       2
       0
       1
       0
       4
       1
       0
       1
       1
       0
       1
       0
       0
       1
       1
       0
       1
       1
       0
       0
       0
       0
       1
       0
       2
       0
       1
       0
       1
       0
       0
       0
       0
       0
       1
       0
       1
       1
       0
       0
       1
       2
       0
       1
       0
       0
       0
       0
       0
       1
       1
       1
       0
       0
       1
       1
       0
       0
       0
       0
       0
       0
       1
       0
       0
       0
       1
       2
       0
       0
       0
       0
       0
       1
       0
       1
       0
       0
       0
       0
       1
       0
       0
       1
       1
       0
       1
       0
       0
       0
       1
       0
       0
       0
       0
       0
       1
       1
       0
       0
       0
       0
       2
       0
       1
       0
       0
       0
       0
       0
       0
       0
       0
       0
       0
       0
       1
       0
       0
       0
       0
       0
       0
       2
       0
       0
       0
       0
       0
       1
       0
       1
       1
       1
       1
       0
       0
       0
       0
       0
       1
       0
       0
       0
       0
       0
       1
       0
       0
       0
       0
       0
       1
       2
       2
       1
       0
       0
       0
       0
       2
       0
       0
       0
       0
       1
       1
       0
       0
       0
       0
       0
       1
       0
       0
       2
       3
       2
       5
       7
      11
       9
      11
       1
       1
       1
       0
       0
       2
       0
       0
       0
       0
       2
       0
       0
       0
       0
       0
       0
       0
       0
       0
       0
       0
       0
       0
       0
       0
       0
       0
       0
       0
       0
       1
       0
       1
       0
       0
       0
       0
       0
       1
       0
       0
       0
       0
       0
       0
       0
       0
       0
       0
       0
       1
       0
       0
       0
       0
       0
       0
       0
       0
       0
       0
       0
       0
       0
       0
       0
       1
       0
       0
       1
       2
       1
       2
       0
       0
       0
       0
       0
       0
       0
       0
       0
       0
       0
       0
       1
       0
       0
       0
       1
       0
       1
       1
       0
       0
       0
       0
       0
       0
       0
       0
       0
       0
       1
       2
       3
       1
       0
       1
       2
       1
       0
       0
       0
       0
       1
       0
       0
       0
       0
       0
       0
       0
       0
       0
       0
       0
       0
       0
       0
       0
       0
       0
       0
       0
       0
       0
       0
       0
       0
       0
       0
       0
       0
       0
       0
       0
       0
       0
       1
       0
       0
       0
       0
       1
       0
       0
       0
       1
       0
       0
       0
       1
       0
       0
       0
       1
       0
       0
       0
       0
       0
       0
       0
       1
       0
       0
       0
       0
       0
       0
       0
       0
       1
       0
       0
       0
       0
       0
       0
       0
       0
       0
       0
       1
       1
       0
       0
       0
       0
       0
       0
       0
       1
       0
       0
       0
       0
       0
       1
       0
       0
       2
       1
       0
       0
       0
       1
       0
       0
       0
       0
       1
       0
       0
       0
       0
       0
       1
       0
       0
       0
       0
       0
       0
       0
       0
       0
       0
       0
       0
       1
       0
       0
       0
       1
       0
       1
       0
       0
       0
       0
       1
       0
       0
       0
       0
       0
       0
       0
       0
       0
       0
       0
       0
       1
       0
       0
       0
       0
       0
       0
       0
       0
       0
       0
       0
       0
       0
       0
       0
       0
       0
       0
       0
       0
       1
       0
       0
       0
       0
       0
       0
       0
       0
       0
       0
       0
       0
       0
       0
       0
       1
       0
       0
       0
       0
       0
       0
       0
       0
       0
       0
       0
       0
       0
       0
       0
       0
       0
       1
       0
       1
       0
       0
       0
       0
       0
       0
       0
       0
       1
       0
       0
       0
       0
       0
       0
       0
       1
       0
       0
       2
       0
       0
       0
       0
       0
       1
       0
       0
       0
       0
       0
       0
       0
       0
       0
       0
       1
       0
       0
       0
       0
       0
       0
       0
       0
       0
       1
       0
       1
       0
       0
       0
       0
       0
       0
       0
       0
       0
       0
       1
       0
       0
       0
       0
       0
       0
       0
       0
       0
       1
       0
       0
       0
       0
       0
       0
       0
       0
       0
       0
       0
       0
       0
       0
       0
       0
       0
       0
       1
       0
       1
       0
       0
       0
       0
       0
       0
       0
       0
       0
       1
       0
       0
       0
       1
       0
       0
       0
       0
       0
       0
       0
       0
       0
       1
       0
       0
       0
       0
       0
       0
       1
       0
       0
       0
       0
       0
       0
       0
       0
       0
       0
       0
       0
       1
       1
       0
       1
       0
       0
       0
       0
       0
       0
       1
       1
       0
       0
       0
       0
       1
       0
       0
       0
       0
       1
       0
       0
       0
       0
       0
       0
       0
       0
       0
       0
       0
       1
       1
       0
       1
       0
       0
       0
       0
       0
       0
       0
       1
       0
       0
       1
       0
       0
       0
       0
       0
       0
       0
       0
       0
       0
       0
       0
       0
       0
       0
       0
       0
       0
       0
       0
       0
       0
       0
       0
       1
       0
       0
       0
       0
       0
       0
       0
       0
       1
       0
       0
       0
       0
       0
       0
       0
       0
       0
       0
       0
       0
       0
       1
       0
       0
       0
       0
       0
       0
       0
       0
       0
       0
       0
       0
       0
       0
       1
       0
       0
       0
       0
       0
       0
       0
       0
       0
       0
       0
       0
       0
       0
       0
       0
       1
       0
       0
       0
       0
       0
       0
       0
       0
       0
       0
       0
       0
       0
       0
       0
       0
       0
       0
       0
       0
       1
       1
       1
       0
       0
       0
       0
       0
       1
       0
       0
       1
       0
       0
       0
       0
       0
       0
       0
       1
       0
       0
       0
       0
       0
       0
       0
       0
       0
       0
       0
       0
       0
       0
       0
       1
       0
       1
       0
       0
       0
       0
       0
       0
       1
       0
       0
       1
       0
       0
       0
       0
       0
       0
       0
       0
       0
       0
       0
       0
       1
       0
       1
       2
       0
       0
       0
       0
       0
       1
       0
       0
       1
       1
       1
       0
       0
       0
       0
       1
       0
       0
       0
       0
       0
       0
       0
       0
       0
       0
       0
       0
       0
       0
       0
       0
       0
       0
       0
       0
       0
       0
       0
       0
       0
       0
       0
       0
       1
       1
       0
       0
       0
       0
       0
       0
       0
       0
       0
       0
       0
       1
       1
       0
       1
       0
       0
       0
       0
       0
       0
       0
       0
       0
       1
       0
       0
       0
       0
       0
       0
       0
       0
       0
       0
       0
       0
       0
       0
       0
       0
       0
       0
       0
       0
       0
       0
       0
       0
       0
       0
       0
       0
       0
       0
       0
       0
       0
       0
       0
       0
       0
       0
       0
       0
       0
       1
       0
       0
       1
       0
       0
       0
       0
       1
       0
       1
       0
       0
       0
       0
       0
       0
       0
       0
       0
       0
       0
       0
       0
       0
       0
       0
       0
       0
       0
       0
       0
       0
       0
       0
       1
       0
       0
       1
       0
       0
       0
       0
       0
       0
       0
       0
       0
       0
       0
       0
       0
       0
       0
       0
       0
       0
       0
       0
       0
       0
       0
       0
       0
       0
       0
       0
       0
       0
       0
       0
       0
       0
       0
       0
       0
       1
       0
       0
       0
       0
       0
       0
       0
       0
       0
       0
       0
       0
       0
       0
       0
       0
       1
       0
       0
       0
       0
       0
       0
       1
       0
       0
       0
       0
       1
       0
       1
       1
       0
       1
       0
       0
       0
       0
       0
       0
       0
       0
       0
       0
       0
       0
       0
       1
       0
       0
       0
       0
       0
       0
       0
       0
       0
       1
       0
       0
       0
       0
       0
       0
       0
       0
       0
       0
       0
       0
       1
       0
       0
       0
       0
       0
       0
       0
       0
       0
       0
       1
       0
       1
       0
       0
       0
       0
       0
       0
       0
       0
       0
       0
       0
       0
       1
       0
       0
       1
       0
       1
       0
       0
       0
       0
       0
       0
       0
       0
       0
       0
       0
       0
       0
       0
       0
       0
       0
       0
       0
       0
       0
       0
       0
       0
       0
       0
       0
       0
       0
       0
       0
       0
       2
       0
       1
       0
       0
       0
       0
       0
       0
       0
       0
       0
       1
       1
       0
       0
       0
       0
       0
       0
       0
       0
       0
       0
       0
       0
       0
       0
       0
       0
       0
       1
       0
       0
       0
       0
       0
       0
       0
       0
       0
       0
       0
       0
       0
       0
       0
       0
       0
       0
       0
       0
       0
       0
       1
       2
       0
       0
       0
       0
       0
       0
       0
       0
       0
       1
       0
       0
       0
       0
       0
       0
       0
       1
       0
       0
       0
       0
       0
       0
       0
       0
       0
       0
       0
       0
       0
       0
       1
       0
       0
       0
       0
       0
       0
       0
       0
       0
       0
       0
       0
       1
       1
       0
       0
       1
       0
       0
       1
       0
       0
       0
       0
       0
       0
       0
       0
       0
       0
       0
       0
       0
       1
       0
       0
       0
       1
       0
       0
       0
       1
       0
       0
       1
       0
       0
       0
       0
       0
       0
       0
       0
       0
       1
       0
       1
       0
       0
       0
       0
       0
       0
       0
       0
       0
       0
       0
       0
       0
       0
       0
       0
       0
       0
       0
       0
       0
       0
       0
       0
       0
       0
       0
       0
       0
       1
       1
       0
       0
       0
       0
       0
       0
       0
       0
       0
       0
       0
       0
       0
       0
       0
       0
       0
       0
       0
       0
       1
       1
       0
       0
       0
       0
       0
       0
       0
       0
       0
       0
       1
       1
       0
       0
       0
       0
       0
       0
       0
       0
       0
       0
       0
       0
       0
       0
       0
       0
       1
       0
       0
       0
       0
       0
       0
       0
       0
       0
       0
       0
       0
       0
       0
       0
       0
       0
       0
       0
       0
       0
       0
       0
       0
       0
       0
       0
       0
       0
       0
       1
       0
       0
       0
       0
       0
       0
       0
       0
       0
       0
       0
       0
       0
       0
       0
       0
       0
       0
       0
       0
       0
       0
       0
       0
       0
       0
       0
       0
       0
       1
       0
       0
       0
       0
       1
       0
       0
       0
       0
       0
       0
       0
       0
       1
       0
       0
       1
       0
       0
       0
       0
       0
       0
       0
       0
       0
       0
       0
       0
       0
       0
       0
       0
       0
       0
       0
       0
       0
       0
       0
       0
       0
       0
       0
       2
       0
       0
       1
       0
       0
       0
       0
       0
       0
       0
       0
       0
       0
       2
       0
       1
       0
       0
       0
       0
       1
       0
       0
       0
       0
       0
       0
       1
       0
       0
       0
       0
       0
       0
       1
       0
       0
       0
       0
       1
       0
       0
       0
       0
       1
       0
       1
       0
       0
       0
       0
       0
       0
       0
       0
       0
       0
       0
       0
       0
       0
       0
       0
       0
       0
       0
       0
       0
       0
       0
       0
       0
       1
       0
       0
       0
       0
       0
       0
       0
       0
       0
       0
       0
       0
       0
       0
       0
       0
       0
       0
       1
       0
       0
       0
       0
       0
       0
       0
       0
       0
       0
       0
       0
       0
       0
       0
       0
       0
       0
       0
       0
       0
       0
       0
       0
       0
       0
       0
       0
       0
       0
       0
       0
       0
       0
       0
       0
       0
       0
       0
       0
       0
       0
       0
       0
       0
       0
       0
       0
       0
       0
       0
       0
       0
       0
       0
       0
       0
       0
       0
       0
       0
       0
       0
       0
       0
       0
       0
       0
       0
       0
       0
       0
       0
       0
       0
       0
       0
       0
       0
       0
       0
       0
       0
       0
       0
       0
       0
       0
       0
       0
       0
       0
       0
       0
       0
       0
       0
       0
       0
       0
       0
       0
       0
       0
       0
       0
       0
       0
       0
       0
       0
       0
       0
       0
       0
       0
       0
       0
       0
       0
       0
       0
       0
       0
       0
       0
       0
       0
       0
       0
       0
       0
       0
       0
       0
       0
       0
       0
       0
       0
       0
       0
       0
       0
       0
       0
       0
       0
       0
       0
       0
       0
       0
       0
       0
       0
       0
       0
       0
       0
       0
$ROI:
0
$PRESETS:
None
0
0
$ENER_FIT:
0.000000 0.000000
$MCA_CAL:
3
0.000000E+000 0.000000E+000 0.000000E+000 
$SHAPE_CAL:
3
0.000000E+000 0.000000E+000 0.000000E+000
