$SPEC_ID:
No sample description was entered.
$SPEC_REM:
DET# 1
DETDESC# SCE-SOPA-00035 MCB 133
AP# Maestro Version 7.01
$DATE_MEA:
11/14/2019 15:06:41
$MEAS_TIM:
3372 3372
$DATA:
0 4095
       0
       0
       0
       0
       0
       0
       0
       0
       0
       0
       0
       0
       0
       0
       0
       0
       0
       0
       0
       0
       0
       0
       0
       0
       0
       0
       1
      11
       9
      18
      86
      94
      91
      76
      86
     112
      97
      96
      90
     103
      86
      81
     103
      78
      97
      83
      89
     100
     107
      85
     112
      90
      84
      79
      95
     101
     101
      86
      76
      90
      94
      88
      89
     103
     110
     102
      98
      77
      97
      83
      82
      90
      78
      87
      92
      96
     116
      90
      86
      89
      92
      90
     107
      93
     106
     103
     106
     110
      96
     105
      88
     111
     112
     111
     129
     100
     120
      91
     100
     126
     108
      96
     130
      94
     108
     105
     109
     122
     108
     110
     118
     127
     102
     130
     104
     108
     133
     112
     103
     126
     110
     107
     117
     146
     114
     112
     117
     136
     122
     115
     122
     116
     117
     112
     127
     122
     120
     100
     104
     135
     142
     128
     145
     122
     120
     112
     133
     119
     133
     135
     126
     131
     115
     123
     114
     117
     114
     135
     133
     100
     120
     124
     127
     126
     109
     128
     125
     128
     114
     118
      94
     113
     117
     120
     106
     125
     104
     113
     107
     105
     117
     141
     113
     107
     112
     123
     116
     132
     118
     142
     114
     128
      98
      99
     117
     111
     134
      94
      98
     107
      97
     111
     106
     116
     106
     117
     116
     116
     123
     131
     127
     130
     135
     139
     136
     137
     130
     148
     138
     131
     124
     136
     131
     147
     139
     130
     119
     121
     120
     111
     122
     102
     134
     121
     115
     118
     128
     111
     130
     112
     107
     127
     105
     111
     105
      91
      98
     108
      98
      90
      94
     109
     104
      92
      97
      86
      97
      75
      97
     104
      88
      76
      78
     104
     103
      81
      87
      79
      77
      86
      71
      77
      71
      93
      79
      76
      82
      81
      83
      81
      78
      74
      65
      66
      69
      90
      63
      69
      74
      79
      46
      61
      57
      59
      76
      69
      55
      85
      59
      77
      80
      68
      72
      67
      75
      56
      66
      50
      65
      49
      67
      56
      62
      74
      64
      76
      69
      56
      72
      52
      61
      60
      60
      53
      61
      79
      56
      54
      59
      71
      64
      48
      51
      49
      54
      54
      55
      62
      63
      66
      64
      60
      55
      43
      57
      61
      43
      63
      55
      48
      58
      57
      55
      59
      43
      50
      46
      45
      59
      64
      49
      75
      38
      41
      53
      59
      51
      44
      49
      54
      52
      41
      60
      45
      54
      45
      49
      53
      54
      41
      54
      56
      58
      43
      51
      49
      48
      51
      54
      52
      52
      44
      43
      56
      41
      45
      57
      46
      49
      57
      50
      43
      59
      50
      58
      53
      55
      46
      66
      48
      40
      47
      55
      35
      60
      33
      41
      53
      40
      49
      40
      56
      51
      49
      50
      47
      57
      50
      46
      48
      30
      51
      47
      55
      43
      56
      48
      34
      44
      47
      44
      48
      47
      48
      48
      48
      56
      44
      47
      50
      41
      41
      41
      49
      41
      37
      40
      47
      49
      37
      41
      35
      56
      40
      41
      44
      47
      39
      44
      45
      47
      44
      49
      37
      47
      48
      50
      54
      49
      45
      40
      44
      47
      39
      35
      45
      44
      39
      50
      38
      47
      39
      40
      49
      42
      44
      46
      42
      54
      48
      30
      39
      53
      48
      52
      44
      30
      46
      45
      47
      56
      51
      38
      56
      50
      66
      46
      30
      46
      45
      32
      39
      39
      47
      46
      43
      50
      30
      51
      36
      42
      39
      56
      59
      28
      57
      25
      42
      38
      36
      38
      37
      48
      37
      45
      42
      57
      34
      30
      37
      47
      40
      47
      52
      41
      26
      31
      39
      42
      57
      46
      52
      29
      35
      40
      29
      39
      39
      31
      49
      50
      45
      35
      31
      35
      61
      35
      50
      38
      44
      37
      57
      36
      39
      40
      39
      38
      30
      38
      37
      33
      46
      35
      39
      45
      41
      46
      44
      32
      36
      44
      28
      31
      42
      46
      49
      46
      41
      45
      43
      36
      34
      49
      51
      40
      42
      33
      48
      35
      42
      34
      51
      42
      47
      29
      32
      39
      29
      33
      47
      31
      37
      43
      31
      37
      36
      48
      30
      41
      41
      31
      39
      42
      36
      40
      50
      37
      31
      47
      41
      42
      45
      36
      42
      43
      44
      32
      27
      37
      32
      37
      38
      47
      32
      38
      44
      40
      36
      40
      40
      38
      52
      40
      38
      29
      31
      32
      42
      35
      32
      43
      48
      42
      42
      44
      28
      37
      29
      56
      42
      38
      37
      37
      34
      52
      33
      39
      37
      30
      39
      35
      35
      44
      45
      30
      32
      44
      29
      34
      37
      26
      40
      54
      41
      45
      36
      42
      36
      39
      43
      33
      35
      37
      44
      37
      40
      34
      40
      36
      47
      43
      37
      41
      33
      46
      38
      40
      55
      38
      34
      38
      46
      32
      34
      30
      33
      31
      37
      37
      32
      45
      39
      33
      51
      35
      30
      37
      40
      34
      43
      44
      39
      41
      39
      29
      48
      40
      43
      45
      37
      37
      41
      33
      38
      41
      43
      49
      31
      32
      48
      38
      22
      47
      41
      34
      42
      43
      42
      45
      48
      47
      47
      45
      37
      42
      35
      47
      46
      36
      43
      40
      38
      36
      51
      37
      45
      33
      47
      41
      48
      47
      41
      46
      54
      51
      47
      48
      38
      48
      40
      40
      41
      52
      46
      43
      50
      55
      42
      49
      42
      40
      55
      49
      34
      41
      49
      47
      52
      44
      57
      51
      44
      49
      43
      54
      37
      36
      38
      39
      39
      47
      52
      43
      60
      53
      59
      49
      45
      49
      47
      44
      37
      55
      45
      46
      41
      45
      45
      52
      60
      40
      41
      47
      51
      53
      48
      49
      42
      62
      60
      46
      64
      54
      53
      43
      49
      50
      46
      50
      52
      45
      48
      52
      51
      74
      49
      52
      46
      43
      50
      50
      50
      59
      51
      50
      54
      57
      54
      48
      47
      60
      58
      58
      49
      59
      50
      60
      51
      63
      43
      46
      54
      50
      54
      57
      51
      63
      77
      72
      59
      52
      50
      58
      58
      55
      65
      71
      53
      66
      61
      60
      40
      47
      66
      58
      57
      56
      58
      50
      58
      68
      58
      62
      65
      57
      58
      59
      59
      71
      76
      52
      54
      82
      66
      54
      73
      66
      42
      66
      60
      54
      43
      45
      51
      65
      42
      50
      44
      48
      42
      51
      46
      44
      46
      45
      46
      39
      43
      48
      47
      35
      41
      49
      45
      39
      51
      37
      48
      39
      48
      45
      40
      47
      44
      37
      50
      41
      50
      46
      33
      37
      41
      42
      51
      40
      50
      40
      48
      49
      33
      43
      39
      45
      48
      39
      44
      45
      37
      33
      36
      47
      46
      31
      32
      38
      30
      35
      39
      42
      40
      32
      44
      33
      49
      41
      47
      51
      37
      36
      44
      35
      45
      45
      45
      37
      45
      33
      38
      57
      41
      27
      43
      39
      37
      34
      33
      44
      36
      34
      33
      49
      50
      42
      40
      34
      26
      36
      32
      33
      46
      34
      31
      34
      37
      39
      34
      34
      30
      42
      30
      46
      44
      35
      45
      42
      43
      41
      30
      45
      47
      41
      42
      25
      39
      35
      41
      43
      42
      33
      30
      44
      46
      29
      43
      42
      36
      40
      30
      31
      37
      41
      44
      35
      33
      41
      37
      31
      32
      32
      33
      27
      27
      27
      24
      30
      32
      28
      31
      23
      23
      29
      28
      17
      25
      19
      17
      25
      23
      14
      19
      28
      26
      24
      29
      24
      23
      18
      27
      21
      17
      20
      22
      28
      18
      23
      20
      18
      15
      23
      21
      27
      23
      15
      25
      32
      89
     272
     618
     880
     930
     618
     198
      62
      22
      16
      18
      17
      14
       9
      17
      17
       5
      17
      14
      14
      25
      19
      10
      12
      13
       9
      16
      15
       8
      11
       9
      13
      10
       8
      11
       5
       8
      13
      15
      19
      13
      12
       8
      13
       8
      16
       9
       6
       7
      13
       9
      10
      12
       5
      10
       4
       6
       3
       6
      10
       8
       7
      10
      11
       4
       5
       7
       5
      10
       2
       7
       6
       8
       5
       9
       4
       7
       7
       7
       6
       2
       5
       8
       3
       4
       7
       2
       8
       2
       1
      11
       3
       2
       5
       6
       3
       4
       5
       4
       8
       6
       6
       3
       3
       6
       7
       3
       3
       3
       4
       2
       8
       3
       8
       5
       7
       3
       5
       7
       8
       4
       4
       6
       4
       3
       3
       3
       6
       5
       5
       2
       5
       3
       6
       2
       5
       5
      10
       3
       4
       7
       5
       4
       5
       5
       4
       7
       4
      10
       5
       3
       6
       7
      11
       3
       7
       6
       9
      11
      22
      98
     260
     576
     804
     803
     485
     191
      52
       8
       7
       0
       2
       2
       0
       2
       2
       3
       3
       5
       0
       1
       2
       2
       3
       0
       1
       4
       3
       3
       0
       0
       2
       0
       0
       2
       1
       4
       0
       3
       3
       4
       2
       2
       1
       3
       0
       3
       1
       3
       1
       1
       3
       2
       1
       0
       2
       2
       2
       0
       0
       1
       3
       2
       0
       1
       3
       3
       2
       4
       1
       0
       3
       1
       0
       4
       1
       5
       1
       0
       1
       0
       1
       2
       5
       0
       1
       1
       0
       1
       0
       0
       2
       3
       2
       0
       2
       0
       1
       1
       1
       0
       3
       2
       3
       1
       1
       3
       4
       1
       3
       2
       3
       4
       1
       1
       2
       4
       1
       0
       1
       2
       5
       2
       2
       0
       2
       4
       0
       1
       3
       0
       3
       4
       8
       7
       4
       1
       1
       1
       0
       1
       1
       1
       2
       1
       0
       2
       0
       2
       3
       2
       0
       2
       1
       3
       0
       1
       1
       2
       2
       1
       2
       2
       2
       2
       0
       1
       2
       0
       6
       1
       3
       0
       0
       2
       0
       0
       1
       0
       0
       2
       1
       0
       5
       3
       2
       2
       4
       3
       0
       1
       2
       4
       1
       0
       0
       1
       0
       0
       1
       1
       1
       0
       2
       0
       0
       0
       1
       3
       1
       1
       1
       2
       0
       0
       1
       1
       1
       3
       1
       3
       0
       0
       3
       0
       0
       4
       1
       2
       2
       2
       1
       0
       3
       2
       2
       4
       0
       0
       2
       0
       1
       1
       0
       2
       1
       2
       3
       1
       0
       1
       2
       1
       1
       0
       1
       1
       0
       1
       1
       1
       0
       3
       3
       2
       3
       1
       1
       0
       1
       2
       0
       1
       1
       0
       1
       2
       2
       3
       0
       1
       0
       1
       0
       3
       2
       2
       1
       0
       2
       0
       0
       1
       0
       0
       1
       1
       1
       0
       0
       0
       0
       1
       2
       1
       1
       1
       0
       2
       2
       0
       1
       0
       2
       1
       1
       1
       1
       1
       1
       0
       2
       2
       0
       0
       1
       1
       1
       1
       1
       2
       0
       1
       0
       0
       0
       0
       0
       1
       4
       1
       1
       0
       1
       2
       2
       1
       2
       0
       0
       2
       4
       2
       2
       1
       1
       3
       0
       1
       0
       1
       0
       1
       0
       3
       1
       2
       4
       2
       2
       0
       2
       0
       1
       0
       1
       0
       0
       0
       0
       1
       0
       1
       0
       0
       1
       0
       3
       0
       2
       1
       1
       1
       1
       0
       1
       0
       2
       0
       1
       2
       0
       0
       1
       1
       1
       1
       0
       0
       0
       2
       1
       0
       1
       1
       2
       1
       2
       0
       2
       1
       2
       1
       2
       0
       0
       1
       0
       0
       1
       0
       0
       2
       1
       0
       0
       0
       1
       2
       3
       1
       1
       0
       0
       0
       0
       1
       2
       1
       2
       0
       0
       1
       2
       1
       0
       0
       1
       1
       1
       1
       1
       1
       2
       0
       0
       3
       2
       0
       0
       2
       1
       1
       0
       1
       0
       0
       3
       0
       0
       0
       1
       0
       0
       0
       0
       0
       0
       1
       1
       0
       1
       2
       3
       0
       2
       1
       0
       1
       0
       2
       1
       2
       1
       2
       0
       0
       0
       3
       1
       1
       0
       2
       1
       2
       0
       0
       1
       0
       1
       0
       1
       1
       1
       1
       1
       3
       0
       2
       1
       0
       1
       2
       1
       0
       2
       0
       1
       0
       1
       1
       1
       0
       2
       0
       0
       1
       2
       0
       3
       0
       0
       0
       0
       0
       1
       0
       0
       0
       0
       1
       1
       0
       3
       1
       1
       0
       1
       0
       1
       1
       1
       2
       0
       2
       1
       0
       0
       2
       1
       0
       0
       0
       0
       0
       0
       0
       1
       3
       2
       1
       0
       1
       0
       1
       1
       0
       0
       1
       1
       1
       1
       1
       1
       3
       0
       1
       2
       1
       2
       1
       0
       0
       0
       0
       0
       1
       1
       0
       2
       1
       0
       0
       0
       0
       1
       0
       0
       0
       0
       0
       1
       1
       0
       1
       0
       2
       0
       0
       1
       1
       1
       0
       0
       1
       0
       1
       0
       1
       0
       0
       0
       0
       0
       0
       2
       0
       1
       0
       0
       1
       0
       0
       1
       0
       0
       0
       1
       0
       0
       1
       1
       0
       1
       0
       0
       1
       0
       0
       0
       1
       0
       0
       2
       1
       1
       1
       0
       0
       3
       0
       0
       3
       0
       0
       1
       1
       0
       0
       0
       1
       0
       1
       1
       1
       1
       1
       0
       1
       1
       0
       0
       0
       1
       2
       2
       0
       0
       1
       0
       1
       0
       0
       2
       0
       0
       0
       1
       0
       2
       0
       1
       0
       0
       0
       1
       0
       1
       0
       1
       0
       0
       2
       2
       0
       0
       0
       1
       0
       0
       1
       0
       0
       2
       1
       1
       0
       2
       0
       0
       0
       0
       2
       0
       0
       0
       0
       0
       0
       1
       0
       2
       1
       1
       0
       0
       0
       0
       1
       1
       0
       1
       0
       0
       0
       2
       1
       0
       1
       0
       0
       0
       1
       1
       0
       1
       0
       0
       1
       1
       0
       0
       1
       1
       1
       1
       0
       0
       0
       0
       1
       1
       0
       2
       0
       0
       0
       2
       1
       0
       0
       0
       0
       0
       2
       0
       0
       0
       0
       0
       0
       0
       0
       0
       1
       3
       0
       0
       1
       0
       0
       0
       0
       1
       0
       0
       0
       0
       1
       0
       0
       1
       1
       1
       0
       1
       0
       0
       2
       1
       0
       1
       0
       0
       0
       1
       2
       0
       1
       0
       0
       0
       1
       2
       1
       1
       0
       0
       0
       1
       1
       1
       1
       1
       1
       0
       0
       0
       0
       1
       0
       0
       0
       0
       0
       0
       0
       2
       0
       0
       0
       2
       1
       0
       0
       1
       0
       0
       0
       0
       1
       0
       0
       0
       1
       0
       0
       1
       1
       0
       0
       0
       1
       1
       0
       1
       1
       1
       0
       1
       0
       1
       1
       0
       0
       2
       1
       1
       0
       1
       0
       1
       0
       1
       0
       0
       1
       0
       1
       0
       0
       2
       2
       0
       1
       2
       0
       1
       2
       1
       0
       1
       0
       0
       0
       0
       0
       0
       2
       0
       0
       0
       0
       0
       0
       0
       0
       0
       0
       2
       0
       1
       0
       0
       3
       2
       0
       1
       0
       2
       0
       0
       1
       0
       0
       0
       1
       0
       0
       2
       1
       0
       1
       1
       0
       0
       0
       0
       0
       1
       0
       0
       0
       0
       0
       0
       0
       3
       0
       2
       0
       0
       0
       0
       1
       1
       0
       2
       0
       0
       0
       0
       0
       0
       0
       1
       0
       1
       1
       1
       0
       1
       0
       0
       0
       0
       2
       1
       1
       0
       0
       0
       0
       0
       0
       1
       0
       0
       0
       0
       0
       0
       0
       1
       1
       2
       1
       1
       0
       0
       1
       0
       0
       0
       0
       0
       0
       0
       0
       0
       1
       0
       0
       0
       0
       0
       0
       0
       1
       1
       1
       0
       0
       0
       0
       0
       0
       1
       0
       0
       0
       1
       0
       0
       0
       0
       0
       0
       0
       0
       0
       0
       0
       0
       0
       0
       0
       0
       0
       0
       0
       0
       0
       0
       2
       0
       0
       2
       0
       0
       0
       0
       0
       1
       0
       1
       0
       1
       0
       0
       1
       0
       0
       0
       0
       0
       1
       0
       1
       1
       0
       0
       0
       0
       0
       0
       0
       0
       0
       1
       0
       0
       0
       1
       0
       0
       0
       1
       0
       0
       0
       0
       1
       0
       0
       0
       0
       1
       0
       2
       2
       3
       2
       1
       0
       0
       2
       2
       0
       0
       1
       0
       0
       0
       0
       0
       0
       2
       0
       0
       1
       0
       0
       1
       0
       0
       0
       0
       0
       0
       0
       0
       0
       0
       1
       2
       0
       0
       0
       0
       0
       0
       0
       0
       0
       0
       0
       0
       0
       1
       0
       0
       0
       0
       0
       0
       0
       0
       0
       1
       0
       0
       0
       0
       0
       0
       2
       0
       0
       0
       0
       0
       0
       0
       1
       0
       0
       0
       0
       0
       0
       0
       1
       0
       0
       1
       0
       0
       0
       0
       0
       0
       0
       1
       0
       1
       0
       0
       1
       0
       0
       0
       0
       0
       0
       0
       0
       0
       0
       2
       3
       3
       2
       0
       0
       0
       0
       0
       0
       0
       0
       0
       0
       0
       0
       0
       0
       1
       0
       0
       0
       0
       1
       0
       2
       0
       0
       0
       0
       0
       0
       1
       0
       0
       0
       0
       0
       0
       0
       0
       0
       0
       0
       0
       1
       0
       0
       0
       0
       0
       0
       0
       0
       0
       0
       0
       0
       0
       1
       0
       0
       0
       0
       0
       0
       0
       0
       0
       0
       1
       0
       1
       1
       0
       0
       0
       0
       0
       1
       1
       0
       0
       0
       0
       0
       0
       0
       0
       0
       0
       0
       0
       0
       0
       0
       0
       0
       0
       0
       0
       0
       0
       0
       0
       0
       0
       0
       0
       0
       0
       0
       0
       0
       0
       0
       0
       0
       1
       1
       0
       0
       0
       0
       0
       0
       0
       0
       0
       0
       0
       0
       0
       0
       0
       0
       0
       2
       0
       0
       0
       0
       0
       0
       0
       0
       0
       0
       0
       0
       1
       1
       0
       0
       0
       0
       1
       1
       0
       0
       0
       0
       0
       0
       0
       0
       0
       0
       0
       0
       0
       1
       0
       0
       0
       0
       0
       0
       0
       1
       1
       0
       0
       0
       0
       0
       0
       0
       0
       0
       0
       0
       0
       0
       0
       0
       0
       0
       0
       0
       0
       0
       0
       0
       0
       0
       0
       0
       0
       1
       1
       0
       0
       0
       1
       0
       0
       0
       0
       0
       0
       1
       0
       0
       0
       0
       1
       0
       1
       0
       0
       0
       0
       0
       0
       0
       1
       0
       0
       0
       0
       0
       0
       1
       0
       0
       0
       0
       0
       1
       0
       0
       1
       0
       0
       0
       0
       1
       1
       0
       0
       0
       0
       0
       0
       0
       1
       0
       1
       1
       0
       0
       0
       0
       0
       0
       0
       0
       0
       0
       0
       1
       0
       0
       0
       0
       0
       1
       0
       0
       0
       0
       0
       0
       0
       0
       0
       0
       0
       0
       0
       0
       0
       0
       0
       1
       0
       1
       0
       0
       1
       0
       0
       0
       0
       0
       0
       0
       0
       0
       0
       0
       0
       0
       0
       0
       0
       0
       0
       0
       0
       0
       0
       0
       0
       1
       0
       0
       0
       0
       0
       0
       0
       0
       0
       0
       0
       1
       0
       0
       0
       0
       0
       0
       0
       0
       0
       0
       0
       1
       0
       0
       0
       0
       0
       0
       0
       0
       0
       0
       0
       0
       0
       0
       0
       0
       0
       0
       0
       0
       0
       0
       0
       0
       1
       0
       0
       1
       0
       0
       0
       0
       0
       1
       0
       0
       0
       0
       0
       0
       0
       0
       0
       0
       0
       0
       0
       0
       0
       0
       0
       0
       0
       1
       0
       0
       0
       0
       0
       0
       0
       0
       0
       0
       0
       0
       0
       1
       0
       0
       0
       0
       0
       0
       0
       1
       0
       0
       0
       0
       0
       0
       0
       0
       0
       0
       0
       0
       0
       1
       0
       0
       0
       0
       0
       0
       0
       0
       0
       0
       0
       0
       0
       0
       0
       0
       0
       0
       0
       0
       0
       0
       0
       0
       0
       0
       1
       0
       0
       0
       0
       0
       0
       0
       0
       0
       0
       0
       0
       0
       0
       0
       1
       0
       0
       0
       0
       1
       0
       0
       0
       0
       0
       0
       0
       0
       0
       0
       0
       0
       0
       0
       0
       1
       0
       0
       0
       0
       0
       0
       0
       1
       0
       0
       0
       1
       0
       0
       1
       0
       0
       0
       0
       0
       0
       0
       0
       0
       0
       0
       0
       0
       0
       0
       0
       1
       0
       0
       0
       0
       0
       0
       1
       0
       0
       0
       0
       0
       0
       0
       0
       0
       0
       0
       0
       0
       0
       0
       0
       0
       1
       0
       0
       0
       1
       0
       0
       0
       0
       0
       0
       0
       0
       0
       0
       0
       0
       0
       1
       0
       0
       0
       1
       1
       0
       0
       1
       0
       1
       0
       0
       0
       0
       0
       0
       0
       0
       0
       0
       0
       1
       0
       0
       0
       0
       0
       0
       0
       0
       0
       0
       0
       0
       0
       0
       1
       0
       0
       0
       0
       0
       0
       0
       0
       0
       0
       0
       0
       0
       0
       0
       0
       0
       0
       0
       0
       0
       0
       0
       0
       0
       0
       0
       2
       0
       0
       0
       1
       0
       0
       1
       0
       0
       0
       0
       0
       0
       0
       1
       0
       1
       0
       0
       0
       0
       0
       0
       0
       0
       0
       0
       0
       0
       0
       0
       0
       0
       0
       0
       0
       0
       0
       0
       1
       0
       0
       0
       0
       0
       0
       0
       1
       0
       0
       0
       1
       1
       0
       0
       1
       1
       1
       0
       0
       0
       1
       0
       0
       0
       0
       0
       0
       0
       0
       0
       0
       0
       0
       0
       0
       0
       0
       0
       1
       0
       0
       0
       0
       0
       0
       0
       0
       1
       0
       0
       0
       0
       0
       0
       0
       0
       0
       0
       0
       0
       0
       0
       0
       0
       0
       0
       0
       2
       0
       0
       0
       0
       0
       0
       0
       0
       0
       0
       0
       0
       0
       0
       0
       0
       1
       0
       1
       0
       0
       0
       1
       0
       0
       0
       0
       0
       0
       0
       0
       0
       0
       0
       1
       0
       2
       0
       0
       0
       0
       1
       0
       0
       0
       0
       0
       0
       0
       0
       0
       0
       0
       0
       0
       0
       1
       0
       0
       0
       0
       0
       0
       0
       0
       0
       0
       0
       0
       0
       0
       0
       0
       0
       0
       1
       0
       0
       0
       0
       0
       0
       0
       0
       0
       1
       0
       0
       0
       0
       0
       0
       0
       0
       0
       0
       0
       0
       0
       0
       0
       0
       0
       0
       0
       1
       0
       0
       0
       0
       0
       0
       0
       0
       0
       0
       0
       0
       1
       0
       0
       0
       0
       0
       1
       0
       1
       0
       0
       0
       0
       0
       0
       0
       0
       0
       1
       0
       0
       0
       0
       1
       0
       0
       0
       0
       0
       0
       0
       0
       0
       0
       1
       0
       0
       0
       0
       0
       0
       0
       0
       0
       0
       0
       0
       0
       0
       0
       0
       0
       0
       0
       0
       0
       0
       0
       0
       0
       0
       0
       0
       0
       0
       0
       0
       0
       0
       0
       0
       1
       0
       0
       0
       0
       0
       0
       1
       0
       0
       0
       0
       0
       0
       0
       0
       0
       0
       0
       0
       0
       0
       0
       0
       0
       0
       0
       0
       0
       0
       0
       0
       0
       0
       0
       0
       0
       0
       0
       0
       0
       0
       0
       0
       0
       0
       0
       0
       0
       0
       1
       0
       0
       0
       0
       0
       0
       0
       0
       0
       0
       0
       0
       0
       0
       0
       0
       0
       0
       0
       0
       0
       0
       0
       0
       0
       0
       0
       0
       0
       0
       0
       0
       0
       0
       0
       0
       0
       0
       0
       0
       0
       0
       0
       1
       0
       0
       0
       0
       0
       1
       0
       0
       0
       0
       0
       0
       0
       0
       1
       0
       1
       0
       0
       0
       0
       0
       0
       0
       0
       0
       0
       0
       0
       0
       0
       0
       0
       0
       0
       0
       1
       0
       0
       0
       0
       0
       0
       0
       0
       0
       0
       0
       1
       0
       0
       0
       0
       0
       0
       0
       0
       0
       0
       0
       0
       0
       0
       0
       0
       0
       0
       0
       0
       0
       0
       0
       0
       0
       1
       0
       0
       0
       0
       0
       0
       0
       0
       0
       0
       0
       0
       1
       0
       0
       0
       0
       0
       0
       0
       0
       0
       0
       0
       0
       0
       0
       0
       0
       0
       0
       0
       1
       0
       0
       0
       0
       0
       0
       0
       0
       0
       0
       0
       0
       0
       0
       0
       0
       0
       0
       0
       0
       0
       0
       0
       0
       0
       0
       0
       0
       0
       0
       0
       0
       0
       0
       0
       0
       0
       0
       0
       0
       0
       0
       0
       0
       0
       0
       0
       0
       0
       0
       0
       1
       0
       0
       0
       0
       0
       0
       1
       0
       0
       0
       0
       0
       0
       0
       0
       0
       0
       0
       0
       0
       0
       0
       0
       0
       0
       0
       0
       0
       0
       0
       0
       0
       0
       0
       0
       0
       0
       0
       0
       0
       0
       0
       0
       0
       0
       0
       0
       0
       0
       0
       0
       0
       0
       0
       0
       0
       0
       0
       0
       0
       0
       0
       0
       1
       0
       0
       0
       1
       0
       0
       1
       0
       0
       0
       0
       0
       0
       0
       0
       0
       0
       0
       0
       0
       0
       0
       0
       1
       0
       0
       0
       0
       0
       0
       0
       0
       0
       0
       0
       0
       0
       0
       0
       0
       0
       0
       0
       0
       0
       0
       0
       0
       0
       0
       0
       0
       0
       0
       0
       0
       0
       0
       0
       0
       0
       0
       0
       0
       0
       0
       0
       0
       0
       0
       0
       0
       0
       0
       0
       0
       0
       0
       0
       0
       0
       0
       0
       0
       0
       0
       0
       0
       0
       0
       0
       0
       0
       0
       0
       0
       0
       0
       0
       0
       0
       0
       0
       0
       0
       0
       0
       0
       0
       0
       0
       0
       0
       0
       0
       0
       0
       0
       0
       0
       0
       0
       0
       0
       0
       0
       0
       0
       0
       0
       0
       0
       0
       0
       0
       0
       0
       0
       0
       0
       0
       0
       0
       0
       0
       0
       0
       0
       0
       0
       0
       0
       0
       0
       0
       0
       0
       0
       0
       0
       0
       0
       0
       0
       0
       0
       0
       0
       0
       0
       0
       0
       0
       0
       0
       0
       0
       0
       0
       0
       0
       0
       0
       0
       0
       0
       0
       0
       0
       0
       0
       0
       0
       0
       0
       0
       0
       0
       0
       0
       0
$ROI:
0
$PRESETS:
None
0
0
$ENER_FIT:
0.000000 0.000000
$MCA_CAL:
3
0.000000E+000 0.000000E+000 0.000000E+000 
$SHAPE_CAL:
3
0.000000E+000 0.000000E+000 0.000000E+000
