$SPEC_ID:
No sample description was entered.
$SPEC_REM:
DET# 1
DETDESC# SCE-SOPA-00035 MCB 133
AP# Maestro Version 7.01
$DATE_MEA:
10/16/2019 16:02:19
$MEAS_TIM:
68140 68142
$DATA:
0 4095
       0
       0
       0
       0
       0
       0
       0
       0
       0
       0
       0
       0
       0
       0
       0
       0
       0
       0
       0
       0
       0
       1
       0
       0
       4
       1
      53
     171
      84
     102
     393
     465
     420
     443
     453
     420
     422
     432
     419
     437
     424
     462
     410
     400
     404
     480
     602
     679
     534
     452
     436
     424
     414
     482
     503
     449
     466
     438
     416
     421
     446
     442
     553
     818
     802
     631
     520
     452
     455
     489
     432
     489
     491
     471
     506
     713
     733
     801
     761
     558
     433
     450
     445
     484
     501
     491
     501
     513
     509
     504
     521
     579
     761
     999
     866
     538
     449
     409
     456
     415
     462
     407
     418
     424
     429
     450
     431
     446
     439
     425
     442
     419
     425
     445
     414
     419
     422
     441
     408
     409
     397
     430
     408
     458
     418
     421
     422
     427
     414
     445
     432
     417
     444
     413
     431
     422
     402
     408
     415
     407
     434
     426
     408
     454
     423
     482
     419
     426
     366
     390
     418
     415
     421
     420
     426
     411
     360
     398
     407
     404
     434
     419
     389
     396
     402
     373
     356
     349
     359
     392
     415
     386
     406
     348
     354
     362
     347
     373
     347
     363
     348
     333
     346
     362
     339
     444
     592
     611
     492
     356
     334
     349
     304
     338
     306
     339
     344
     316
     335
     327
     387
     338
     344
     326
     324
     333
     323
     337
     307
     317
     338
     307
     315
     312
     301
     316
     301
     266
     267
     310
     271
     273
     309
     335
     270
     274
     305
     285
     260
     262
     266
     295
     294
     266
     239
     262
     251
     295
     355
     468
     475
     393
     341
     351
     314
     242
     257
     284
     225
     217
     226
     228
     221
     231
     232
     239
     239
     205
     214
     235
     234
     239
     206
     208
     209
     246
     202
     206
     189
     222
     233
     246
     220
     207
     217
     206
     212
     201
     207
     200
     208
     164
     189
     169
     216
     193
     183
     208
     207
     206
     150
     183
     182
     191
     214
     262
     348
     316
     243
     157
     212
     187
     195
     164
     171
     156
     180
     175
     150
     159
     179
     160
     180
     168
     165
     184
     159
     173
     161
     160
     161
     158
     144
     173
     162
     182
     152
     197
     158
     178
     176
     137
     167
     183
     188
     165
     157
     179
     168
     205
     203
     172
     157
     144
     130
     146
     152
     142
     142
     158
     153
     177
     309
     402
     358
     209
     152
     134
     130
     155
     139
     135
     138
     129
     130
     131
     119
     131
     135
     146
     117
     129
     107
     132
      99
     131
     124
     111
     132
     111
     138
     126
     113
     113
     134
     121
     112
     123
     115
     129
     122
     127
     120
     122
     112
     124
     135
     114
     127
     125
     132
     134
     126
     115
     113
     132
     127
     116
     121
     117
     121
     108
     125
     125
     121
     123
     109
     106
     111
     101
     114
     118
     107
      91
     119
     106
      97
     107
     105
     104
      99
     103
     113
     107
     117
     115
      91
     105
     114
      87
     111
     100
      87
      98
      93
     111
     109
     108
     104
     102
      96
     112
      93
      98
     107
     117
     114
      94
      83
      89
      76
      94
      79
      92
     119
      96
     111
      89
      91
      89
      95
      90
     101
      95
     114
      91
     104
      88
      84
      95
      90
      98
     106
      97
      82
     101
     105
      81
      97
     105
      85
      92
      86
      75
      80
      76
      83
      85
      94
      77
      95
      81
      94
     101
      90
      75
      79
      69
     104
     102
     160
     257
     328
     292
     222
     142
     108
      89
      90
      85
      68
      76
      79
      76
      73
      76
      75
      74
      79
      83
      75
      72
      93
      73
      75
      74
      65
      74
      70
      55
      67
      59
      90
      65
      76
      63
      68
      81
      69
      60
      86
      84
      69
      84
      75
      81
      72
      76
      69
      67
      75
      68
      71
      74
      83
      75
      54
      65
      79
      74
      64
      72
      75
      62
      74
      80
      72
      82
      62
      72
      72
      67
      80
      91
     120
     138
     128
      70
      64
      75
      77
      62
      62
      70
      70
      60
      80
      67
      90
      64
      79
      83
      76
      72
      93
      71
      74
      68
      75
     144
     187
     277
     201
     143
      81
      68
      63
      51
      56
      72
      73
      65
      74
      64
      71
      68
      71
      59
      59
      54
      63
      64
      70
      75
      61
      84
      53
      54
      54
      66
      73
      63
      64
      66
      72
      66
      58
      70
      55
      64
      66
      67
      67
      72
      68
      49
      55
      52
      56
      56
      57
      66
      76
      68
      81
      52
      79
      51
      83
      57
      73
      62
      72
      69
      60
      49
      58
      64
      69
      63
      49
      62
      40
      55
      70
      56
      51
      44
      67
      42
      52
      63
      49
      81
      73
      70
      77
      60
      53
      61
      59
      59
      62
      58
      72
      59
      60
      40
      58
      56
      70
      69
      59
      55
      60
      59
      76
      64
      57
      54
      57
      57
      52
      65
      60
      46
      56
      64
      68
      66
      69
      63
      61
      41
      50
      43
      50
      55
      43
      55
      65
      46
      55
      43
      57
      57
      49
      63
      44
      43
      43
      48
      56
      40
      58
      51
      46
      42
      44
      68
      50
      48
      54
      48
      41
      70
      50
      56
      72
      52
      55
      64
      53
      64
      47
      50
      48
      43
      51
      43
      34
      52
      43
      40
      64
      49
      46
      46
      54
      53
      43
      52
      60
      48
      40
      50
      52
      52
      55
      38
      36
      50
      36
      46
      45
      56
      54
      39
      48
      54
      52
      46
      49
      54
      41
      53
      33
      36
      45
      48
      43
      43
      45
      49
      53
      53
      47
      46
      51
      40
      50
      40
      35
      43
      44
      57
      55
      54
      47
      50
      45
      44
      52
      39
      43
      52
      45
      42
      55
      51
      51
      46
      45
      48
      54
      38
      46
      43
      44
      49
      52
      39
      48
      45
      52
      45
      48
      51
      41
      33
      47
      43
      43
      28
      40
      41
      47
      52
      48
      43
      40
      41
      45
      41
      41
      38
      52
      37
      47
      29
      46
      45
      45
      33
      40
      40
      46
      41
      34
      38
      39
      32
      32
      38
      46
      43
      26
      43
      35
      43
      40
      53
      59
      77
      80
      57
      46
      57
      49
      39
      43
      43
      39
      48
      44
      39
      48
      43
      37
      35
      41
      43
      43
      44
      52
      50
      53
      41
      44
      26
      32
      47
      51
      46
      31
      36
      31
      43
      56
      36
      26
      42
      40
      26
      44
      39
      30
      41
      37
      26
      39
      42
      48
      44
      38
      45
      40
      40
      44
      46
      51
      51
      54
      52
      41
      36
      24
      31
      33
      32
      39
      47
      45
      37
      25
      47
      30
      44
      36
      31
      36
      38
      29
      27
      43
      36
      36
      32
      37
      34
      35
      36
      34
      51
      44
      39
      38
      38
      38
      30
      38
      34
      29
      29
      41
      35
      32
      40
      37
      35
      36
      39
      40
      35
      34
      30
      37
      20
      29
      24
      21
      23
      24
      29
      32
      27
      46
      35
      32
      33
      39
      42
      41
      42
      39
      29
      32
      38
      24
      32
      30
      21
      41
      40
      45
      26
      30
      28
      35
      34
      33
      27
      33
      32
      37
      41
      33
      46
      33
      27
      33
      22
      34
      34
      34
      34
      28
      31
      25
      36
      44
      27
      39
      32
      34
      28
      32
      22
      29
      27
      27
      24
      37
      30
      31
      29
      35
      24
      41
      38
      29
      39
      27
      19
      31
      31
      37
      26
      24
      45
      32
      23
      21
      28
      26
      42
      24
      29
      43
      37
      49
      43
      51
      67
      64
      44
      30
      30
      30
      33
      21
      31
      33
      24
      24
      29
      32
      30
      38
      28
      24
      23
      30
      34
      21
      34
      37
      26
      31
      28
      23
      25
      27
      26
      22
      28
      27
      29
      33
      32
      28
      30
      27
      31
      21
      23
      31
      17
      21
      26
      27
      25
      35
      30
      27
      30
      26
      33
      22
      27
      35
      30
      32
      39
      22
      25
      23
      37
      28
      29
      26
      27
      32
      21
      24
      28
      23
      20
      39
      31
      29
      34
      26
      26
      28
      31
      32
      27
      27
      31
      34
      27
      35
      26
      28
      31
      27
      29
      16
      24
      27
      28
      23
      25
      24
      18
      28
      45
      22
      25
      25
      37
      24
      24
      28
      27
      28
      15
      31
      42
      30
      58
      33
      25
      23
      32
      40
      20
      17
      27
      24
      15
      23
      23
      20
      20
      23
      35
      21
      27
      18
      19
      29
      21
      24
      22
      26
      26
      21
      16
      16
      26
      32
      24
      27
      21
      23
      14
      24
      12
      22
      22
      27
      35
      26
      26
      30
      20
      22
      19
      23
      24
      21
      23
      16
      14
      13
      17
      21
      24
      24
      16
      20
      17
      29
      26
      19
      16
      22
      24
      23
      15
      20
      14
      19
      16
      26
      24
      19
      15
      23
      19
      16
      24
      23
      19
      22
      17
      23
      19
      22
      28
      17
      24
      18
      29
      25
      17
      16
      17
      22
      16
      18
      20
      19
      19
      17
      20
      22
      27
      20
      24
      15
      25
      19
      16
      32
      22
      13
      23
      23
      22
      15
      15
      18
      16
      18
      18
      13
      25
      15
      20
      12
      17
      14
      13
      21
      19
      19
      22
      21
      21
      24
      20
      24
      21
      29
      23
      19
      21
      23
      14
      22
      19
      21
      19
      17
      20
      22
      14
      13
      17
      21
      17
      21
      11
      19
      21
      14
      23
      19
      31
      22
      18
      21
      18
      17
      16
      25
      20
      15
      24
      19
      15
      20
      19
      23
      18
      17
      23
      19
      19
      19
      10
      15
      15
      18
      21
      24
      15
      16
       9
      22
      15
      18
       9
      18
      15
      17
      17
      21
      14
      23
      16
      14
      21
      18
      21
      16
      21
      17
      22
      57
      94
     119
      91
      58
      28
      21
      11
      13
      15
      20
      17
      15
      21
      11
      16
      15
      13
      14
       9
      17
      17
      18
      20
      21
      14
      17
      18
      19
      19
      16
      13
      16
      12
      12
      23
      16
      15
      11
      23
      18
      19
      10
      15
      13
      13
      17
      14
      15
      21
      17
      18
      20
      18
      21
      16
      17
      19
      18
      13
      10
      14
      15
      11
      13
      14
      20
      10
      14
       8
      14
      14
       8
      10
      15
      13
      16
       8
      24
      18
      10
      12
      14
      18
      15
      17
      14
      14
       8
      14
      20
      12
       9
      12
      11
      18
      13
       8
      18
       6
      14
      15
      10
      21
      16
      14
      12
      12
      13
      16
       7
      15
      14
      13
      12
      12
       9
      10
      11
       7
      17
      10
      15
      10
      11
      13
      16
      13
       8
      17
      12
      20
      20
       8
      15
      12
      22
      12
      10
      13
      12
      11
      12
      15
      15
      11
      17
      14
      10
      13
       8
      14
       8
      17
       7
      14
      11
      10
       8
       9
      10
      14
      14
      13
      14
      11
      17
       7
       7
      13
       9
      16
      18
      22
      19
       8
      14
      11
      14
      12
       5
      16
      14
       7
       9
      10
       9
      11
       6
      11
       8
       8
       9
      13
      15
      16
       5
      12
      11
      13
      11
      11
       2
      19
      15
       8
      11
      10
      14
       9
      13
       8
       9
      11
      12
       9
      15
       7
      11
      19
       8
      12
      11
       7
       9
      10
       8
      12
      14
      10
      11
       7
       5
      15
      14
       6
      12
      12
      11
      15
       9
       7
      16
      10
       8
      14
      13
       6
      11
      10
       5
      12
      11
      11
       8
       8
      11
       5
       8
       9
       9
      17
       8
      14
      12
       7
       8
      14
      11
      16
      16
      13
      19
      17
      11
      11
      10
      14
       9
       8
       9
       5
      10
       9
       7
      10
      15
       7
      11
       6
      10
       7
      12
       4
      13
      13
       8
      12
      12
       5
      10
      11
      17
      11
      26
      29
      40
      28
      29
      14
       8
       7
      16
      13
       8
       3
      11
      16
       8
       7
      10
      12
      13
       9
       6
       5
       9
       8
      10
      10
      15
       6
      11
       9
       4
       9
       8
       9
      13
      11
       6
       6
       9
       7
       5
       6
       3
       9
      17
       9
       8
      14
       4
       5
      12
      12
       8
       7
       8
       8
       5
       5
       8
       6
       5
       6
       7
       9
       7
      15
       7
       8
       9
       7
       1
      15
       6
       5
       7
       5
       9
      10
       8
       4
       6
      16
      10
       8
      11
       7
      12
       8
       4
      12
      10
       7
       9
       7
       8
       8
       8
       8
       7
       7
       7
       3
       6
      11
       2
      10
       9
       7
       5
       4
      10
      10
      10
       5
       7
       9
       6
       5
      11
      12
       7
       2
      12
       7
      11
       8
       4
       6
       9
      11
       8
      10
      12
       7
       6
       6
      10
       6
       6
       6
       5
       4
       4
       5
      13
       2
       8
       7
       5
       4
       6
       7
      11
       8
       6
       9
       6
       8
       6
       9
       9
       7
      13
       5
      10
       9
       6
       8
       7
       8
       5
       4
       7
       7
      11
      12
       6
       9
       7
       8
       6
       4
       8
       5
       4
      10
       5
       4
       4
       5
       8
       7
       3
       5
      10
       7
       6
       7
      10
       8
       7
      10
       4
       7
       7
       7
       4
       6
      10
       4
       7
       4
       8
       6
       3
       9
       6
       4
       6
       7
       9
      11
       7
       7
       7
      10
       9
       3
       6
       4
       9
       6
       8
       5
       8
       5
       5
       9
       5
       5
       9
       8
       4
       9
       6
      10
      12
       8
       5
       3
       3
       7
      11
       7
       7
       6
       8
       6
      11
       3
       6
       9
       6
       4
      10
       6
       5
       3
      10
       7
       5
       4
      10
       6
       5
       4
       3
       8
       3
       3
       3
      11
       8
       5
       9
       5
       9
       3
      10
       6
       4
       3
       8
       9
       5
       8
       8
       7
       8
       8
      10
       5
       2
       8
       7
       4
       6
       9
       8
       4
       9
       7
       5
      15
       6
       9
       7
       7
       7
       8
       5
       6
       6
       4
       4
       2
       6
       6
       5
       5
       3
       3
      10
       4
       2
       4
      11
       7
      11
      10
       8
       7
      10
      10
       9
       5
       8
       6
      10
       4
       8
       6
      11
       5
       9
       3
       6
       7
      12
      11
       7
       4
       8
       9
      10
       1
       5
       5
       5
      12
       6
       6
       4
       8
       8
      10
      11
      11
       4
       7
       6
       6
       6
       7
       6
       9
       9
       2
       8
       9
       7
       4
       5
       8
       3
       2
       6
      10
       5
       5
       4
       7
       8
      12
       1
       4
       8
       5
       7
       7
       5
       6
      11
       9
       7
       6
       4
      10
      12
       4
       8
       4
       8
       7
       2
       6
       1
       6
       6
       5
       8
       6
       5
       6
       5
       5
       4
       7
       4
       4
       7
      10
       9
      14
       5
       8
       6
       7
       4
       7
       4
       7
       4
       4
       5
       4
       7
       3
       3
       4
      10
      10
       7
       8
       8
       8
       9
       3
       2
       6
       4
       4
       4
       6
       3
       6
       5
       7
       8
       9
       5
       4
       9
       1
       7
       8
      10
       3
       6
       3
       1
       3
       3
       8
       6
       7
       4
       7
       5
       6
       2
       9
       7
       3
       4
       3
       6
       3
       4
       4
       4
       3
       3
       3
       4
       7
       7
       5
       8
       7
       8
       4
       5
       3
       6
       4
       9
       3
       5
       6
       7
       6
       5
       4
       4
       6
       6
       8
       8
       6
       9
       8
       5
       6
       3
       6
       4
       6
       6
       4
       8
       5
       5
       2
       8
       9
       3
       4
       1
       3
       6
       4
       9
       6
       5
       5
       6
       4
       8
      11
       3
       5
       6
       3
       8
       6
       5
       3
       3
       6
       4
       6
       5
       3
       3
       9
       6
       3
       5
       7
       3
       9
       5
       1
      10
       7
       3
       4
       4
       2
       2
       4
       5
       8
       4
       6
       6
       4
       4
       3
       5
       3
       6
       8
       5
      10
       5
       1
       3
       3
       4
       5
       2
       6
       4
       5
       7
       4
       4
       5
       2
       6
       6
       2
       3
       5
       2
       3
       5
       3
       6
       4
       7
       4
       5
       3
       7
       4
       5
       5
       4
       2
       6
       5
       6
       4
       6
       3
       4
       5
       5
       1
       4
       1
       5
       3
       5
       4
       6
       6
       0
       4
       2
       5
       5
       8
       2
       7
       9
       5
       2
       3
       3
       6
       7
       5
       3
       7
       6
       8
       3
       3
       3
       4
       2
       6
       4
       5
       4
       4
       3
       5
       5
       2
       3
       8
       2
       5
       4
       4
       3
       3
       7
       5
       8
       3
       2
       3
       3
       3
       7
       3
       9
       4
       0
       5
       5
       6
       3
       3
       5
       1
       2
       3
       4
       5
       1
       5
       4
       2
       3
       2
       4
       6
       6
       3
       3
       4
       6
       6
       5
       3
       3
       6
       2
       4
       7
       3
       4
       2
       1
       4
       3
       3
       2
       3
       3
       3
       7
       6
       5
       9
       5
       4
       3
       2
       2
       4
       1
       3
       3
       2
       3
       3
       5
       1
       0
       2
       2
       4
       4
       5
       1
       3
       1
       1
       3
       4
       0
       1
       2
       2
       7
       4
       3
       4
       4
       3
       6
       4
       1
       3
       3
       1
       5
       3
       1
       2
       3
       1
       5
       4
       2
       4
       6
       3
       3
       2
       4
       3
       2
       3
       1
       3
       1
       5
       1
       6
       4
       2
       1
       1
       3
       4
       4
       5
       3
       2
       4
       6
       7
      14
      34
      34
      30
      32
      17
       9
       7
       1
       4
       3
       3
       3
       4
       3
       4
       3
       2
       3
       3
       2
       3
       1
       3
       3
       4
       1
       3
       1
       1
       2
       2
       0
       4
       4
       4
       3
       3
       3
       4
       3
       4
       4
       3
       2
       5
       3
       3
       2
       2
       5
       5
       6
       4
       2
       3
       3
       0
       6
       5
       2
       4
       6
       3
       6
       3
       4
       2
       1
       2
       1
       2
       1
       4
       3
       4
       3
       2
       1
       5
       3
       3
       4
       2
       1
       3
       1
       5
       3
       3
       3
       4
       2
       1
       6
       3
       2
       5
       2
       2
       2
       3
       2
       2
       3
       3
       3
       4
       3
       3
       2
       4
       2
       0
       2
       4
       2
       5
       0
       0
       4
       1
       2
       5
       3
       5
       0
       5
       3
       5
       3
       3
       0
       3
       1
       1
       3
       6
       5
       2
       3
       2
       4
       2
       1
       4
       5
       3
       1
       2
       1
       4
       2
       5
       3
       3
       3
       1
       1
       3
       4
       2
       1
       4
       3
       0
       3
       3
       3
       3
       1
       1
       2
       0
       3
       6
       5
       5
       2
       4
       2
       1
       3
       4
       4
       4
       2
       4
       2
       4
       2
       1
       3
       1
       1
       1
       4
       2
       5
       3
       2
       3
       1
       3
       0
       0
       4
       3
       1
       1
       1
       2
       5
       7
       2
       1
       5
       3
       2
       2
       1
       3
       4
       4
       1
       1
       2
       3
       7
       2
       4
       4
       1
       2
       5
       6
       2
       5
       1
       2
       1
       3
       2
       1
       3
       4
       2
       3
       2
       4
       4
       0
       7
       3
       1
       2
       0
       2
       1
       4
       3
       2
       2
       1
       4
       2
       2
       4
       1
       3
       4
       4
       3
       2
       2
       2
       3
       3
       3
       4
       4
       3
       4
       5
       5
       6
       3
       3
       3
       3
       1
       1
       3
       3
       3
       3
       3
       1
       2
       2
       0
       1
       2
       0
       0
       2
       3
       6
       3
       4
       0
       3
       2
       2
       3
       2
       6
       4
       3
       4
       4
       3
       1
       1
       3
       3
       1
       1
       0
       4
       3
       3
       2
       3
       2
       3
       4
       2
       1
       5
       4
       0
       2
       2
       0
       2
       6
       2
       1
       2
       2
       4
       1
       3
       3
       4
       3
       2
       4
       1
       3
       0
       6
       4
       3
       2
       4
       1
       3
       1
       4
       3
       3
       2
       1
       1
       1
       0
       7
       5
       4
       1
       0
       4
       0
       1
       1
       3
       1
       3
       7
       4
       1
       5
       2
       0
       5
       1
       0
       3
       4
       4
       3
       3
       3
       2
       7
       2
       3
       3
       1
       3
       3
       3
       1
       2
       5
       3
       4
       6
       4
       0
       3
       1
       7
       2
       1
       2
       4
       0
       1
       1
       2
       5
       0
       2
       1
       0
       2
       1
       4
       2
       1
       4
       3
       5
       4
       1
       2
       1
       3
       6
       1
       2
       4
       2
       3
       2
       2
       0
       3
       3
       3
       2
       2
       4
       3
       0
       2
       1
       2
       4
       1
       2
       7
       3
       5
       1
       1
       1
       2
       3
       1
       1
       2
       2
       2
       1
       1
       1
       0
       1
       0
       4
       2
       3
       4
       1
       2
       0
       3
       0
       1
       2
       0
       2
       4
       4
       0
       4
       3
       2
       1
       5
       3
       4
       1
       4
       2
       2
       4
       1
       0
       2
       0
       0
       2
       5
       3
       0
       1
       1
       5
       4
       1
       1
       3
       3
       2
       3
       2
       1
       3
       2
       1
       2
       2
       3
       3
       1
       0
       5
       1
       4
       2
       4
       2
       2
       5
       5
       4
       2
       1
       2
       1
       3
       4
       4
       2
       1
       0
       5
       2
       1
       1
       2
       1
       3
       2
       2
       1
       1
       2
       1
       1
       2
       1
       2
       1
       2
       2
       3
       2
       2
       1
       3
       4
       0
       1
       2
       2
       0
       2
       3
       0
       5
       0
       3
       4
       3
       3
       3
       3
       3
       0
       2
       7
       1
       4
       1
       1
       4
       4
       4
       3
       4
       3
       1
       1
       3
       0
       3
       3
       2
       3
       1
       3
       1
       1
       1
       5
       2
       3
       0
       2
       1
       2
       2
       0
       2
       3
       1
       0
       3
       3
       1
       1
       3
       2
       0
       1
       1
       3
       3
       2
       1
       5
       2
       1
       3
       3
       2
       1
       1
       1
       3
       3
       1
       2
       3
       2
       2
       3
       0
       1
       1
       1
       1
       1
       3
       4
       2
       2
       4
       1
       3
       2
       2
       1
       1
       4
       0
       1
       0
       3
       1
       2
       3
       3
       1
       0
       1
       2
       2
       2
       1
       4
       2
       2
       2
       5
       0
       1
       1
       1
       0
       0
       2
       1
       1
       1
       2
       2
       4
       2
       2
       1
       2
       3
       1
       2
       2
       2
       2
       0
       3
       1
       1
       6
       1
       4
       2
       4
       5
       1
       1
       4
       0
       1
       5
       0
       2
       2
       3
       2
       1
       2
       0
       3
       2
       2
       4
       2
       3
       2
       1
       2
       3
       1
       3
       1
       1
       3
       2
       1
       1
       3
       4
       1
       0
       2
       3
       1
       0
       1
       2
       1
       1
       1
       3
       3
       2
       6
       2
       3
       3
       5
       4
       0
       0
       1
       1
       3
       3
       1
       1
       0
       3
       3
       2
       5
       4
       1
       2
       1
       2
       2
       2
       2
       3
       1
       1
       3
       2
       3
       3
       2
       2
       3
       2
       2
       3
       1
       4
       4
       1
       4
       2
       2
       0
       4
       2
       2
       1
       1
       2
       2
       2
       2
       3
       3
       1
       2
       2
       5
       4
       2
       1
       4
       2
       0
       2
       2
       1
       2
       0
       2
       3
       1
       6
       1
       1
       2
       0
       3
       1
       0
       1
       3
       1
       5
       1
       2
       1
       1
       2
       2
       1
       2
       0
       1
       2
       1
       1
       0
       4
       4
       2
       1
       3
       3
       1
       1
       1
       1
       7
       4
       2
       2
       1
       2
       1
       1
       2
       0
       2
       0
       0
       1
       4
       0
       3
       2
       0
       2
       1
       2
       0
       1
       3
       1
       1
       3
       3
       2
       3
       2
       4
       3
       2
       2
       3
       3
       0
       4
       1
       3
       3
       0
       3
       2
       0
       3
       4
       3
       2
       1
       3
       0
       1
       2
       1
       3
       2
       1
       3
       1
       1
       2
       2
       2
       0
       0
       0
       3
       2
       2
       4
       2
       3
       2
       3
       2
       1
       1
       0
       3
       1
       0
       2
       2
       3
       4
       0
       3
       1
       0
       2
       0
       5
       2
       1
       1
       2
       6
       1
       2
       3
       1
       1
       1
       6
       4
       1
       2
       1
       1
       2
       2
       3
       2
       0
       1
       3
       1
       4
       2
       5
       1
       1
       4
       3
       4
       0
       3
       1
       1
       1
       1
       0
       2
       0
       0
       2
       3
       0
       2
       4
       0
       3
       1
       2
       3
       1
       3
       2
       1
       1
       2
       1
       0
       0
       2
       1
       3
       5
       1
       5
       0
       1
       2
       3
       1
       0
       1
       2
       4
       4
       3
       1
       2
       1
       1
       2
       4
       0
       2
       2
       0
       1
       2
       3
       2
       2
       0
       3
       4
       4
       2
       5
       0
       2
       1
       0
       0
       1
       2
       4
       3
       5
       1
       2
       3
       1
       0
       3
       3
       3
       2
       0
       3
       4
       4
       2
       2
       2
       2
       0
       2
       2
       0
       0
       1
       1
       0
       2
       0
       2
       2
       1
       1
       3
       4
       3
       2
       2
       4
       3
       2
       1
       2
       1
       0
       1
       3
       4
       0
       4
       1
       3
       2
       3
       5
       0
       2
       3
       2
       2
       2
       3
       5
       1
       0
       2
       0
       1
       2
       1
       4
       4
       2
       1
       2
       1
       4
       0
       0
       1
       2
       1
       1
       2
       0
       1
       1
       3
       2
       2
       1
       5
       4
       1
       1
       3
       3
       3
       2
       2
       2
       2
       4
       0
       2
       3
       0
       2
       2
       0
       0
       2
       3
       0
       1
       4
       1
       1
       3
       2
       4
       4
       3
       2
       1
       1
       0
       2
       0
       2
       1
       3
       3
       1
       3
       2
       0
       3
       2
       4
       0
       2
       0
       3
       2
       1
       0
       1
       1
       1
       1
       0
       2
       3
       0
       0
       2
       3
       0
       0
       3
       1
       3
       0
       2
       2
       4
       0
       2
       1
       2
       1
       2
       1
       1
       1
       3
       3
       4
       2
       4
       2
       0
       1
       1
       2
       0
       1
       2
       2
       3
       0
       3
       0
       0
       1
       1
       1
       1
       1
       2
       1
       1
       1
       0
       0
       0
       0
       0
       0
       0
       0
       0
       0
       0
       0
       0
       0
       0
       0
       0
       0
       0
       0
       0
       0
       0
       0
       0
       0
       0
       0
       0
       0
       0
       0
       0
       0
       0
       0
       0
       0
       0
       0
       0
       0
       0
       0
       0
       0
       0
       0
       0
       0
       0
       0
       0
       0
       0
       0
       0
       0
       0
       0
       0
       0
       0
       0
       0
       0
       0
       0
       0
       0
       0
       0
       0
       0
       0
       0
       0
       0
       0
       0
       0
       0
       0
       0
       0
       0
       0
       0
       0
       0
       0
       0
       0
       0
       0
       0
       0
       0
       0
       0
       0
       0
       0
       0
       0
       0
       0
       0
       0
       0
       0
       0
       0
       0
       0
       0
       0
       0
       0
       0
       0
       0
       0
       0
       0
       0
       0
       0
       0
       0
       0
       0
       0
       0
       0
       0
       0
       0
       0
       0
       0
       0
       0
       0
       0
       0
       0
       0
       0
       0
       0
       0
       0
       0
       0
       0
       0
$ROI:
0
$PRESETS:
None
0
0
$ENER_FIT:
0.000000 0.000000
$MCA_CAL:
3
0.000000E+000 0.000000E+000 0.000000E+000 
$SHAPE_CAL:
3
0.000000E+000 0.000000E+000 0.000000E+000
