$SPEC_ID:
No sample description was entered.
$SPEC_REM:
DET# 1
DETDESC# SCE-SOPA-00035 MCB 133
AP# Maestro Version 7.01
$DATE_MEA:
11/05/2019 15:52:30
$MEAS_TIM:
78758 78761
$DATA:
0 4095
       0
       0
       0
       0
       0
       0
       0
       0
       0
       0
       0
       0
       0
       0
       0
       0
       0
       0
       0
       0
       0
       4
       0
       1
       7
       9
      52
     135
      45
      80
     461
     510
     575
     508
     558
     544
     552
     553
     532
     541
     629
     574
     588
     571
     609
     644
     822
     919
     784
     690
     617
     619
     690
     724
     694
     637
     713
     631
     658
     748
     732
     685
     844
    1169
    1192
     966
     754
     773
     732
     778
     760
     809
     797
     808
     998
    1246
    1286
    1544
    1376
    1005
     745
     686
     706
     705
     757
     809
     800
     831
     887
     843
     794
     838
    1037
    1419
    1331
     961
     681
     621
     638
     654
     620
     617
     600
     673
     614
     626
     668
     603
     613
     650
     668
     632
     665
     644
     647
     712
     645
     609
     639
     610
     619
     604
     626
     612
     705
     615
     593
     654
     603
     661
     674
     701
     646
     658
     644
     640
     636
     624
     629
     683
     628
     607
     690
     688
     696
     698
     641
     632
     566
     586
     580
     637
     583
     606
     629
     593
     595
     599
     575
     562
     571
     547
     543
     590
     570
     581
     553
     566
     540
     573
     544
     530
     547
     520
     568
     547
     533
     530
     557
     493
     531
     538
     502
     562
     500
     584
     787
     853
     773
     555
     508
     497
     456
     459
     506
     494
     466
     495
     472
     490
     490
     516
     423
     490
     484
     478
     476
     490
     488
     469
     477
     470
     457
     438
     436
     421
     393
     453
     427
     425
     362
     388
     377
     382
     451
     386
     382
     419
     434
     374
     387
     392
     389
     350
     338
     381
     384
     379
     490
     832
    1079
     908
     653
     560
     455
     402
     380
     356
     357
     334
     325
     338
     331
     308
     309
     327
     328
     335
     322
     338
     318
     298
     315
     312
     316
     329
     271
     262
     277
     268
     349
     327
     357
     328
     279
     293
     294
     287
     331
     329
     292
     293
     257
     278
     293
     262
     246
     269
     240
     257
     244
     242
     251
     232
     282
     347
     532
     538
     436
     281
     265
     244
     284
     285
     235
     230
     278
     236
     235
     240
     211
     227
     219
     222
     235
     223
     222
     238
     245
     198
     187
     193
     214
     262
     204
     212
     227
     204
     230
     240
     291
     232
     247
     222
     192
     213
     232
     214
     253
     296
     296
     318
     234
     202
     218
     217
     200
     194
     222
     177
     216
     210
     423
     651
     717
     488
     257
     186
     169
     184
     195
     167
     198
     182
     164
     184
     191
     173
     163
     170
     169
     174
     176
     185
     181
     174
     163
     175
     187
     178
     165
     189
     175
     194
     155
     148
     155
     181
     156
     171
     176
     166
     170
     172
     158
     174
     144
     186
     197
     167
     157
     132
     149
     148
     152
     170
     180
     200
     149
     156
     148
     178
     165
     154
     161
     131
     162
     159
     164
     133
     163
     160
     147
     137
     156
     140
     158
     151
     149
     151
     134
     158
     132
     156
     147
     139
     161
     131
     134
     151
     129
     137
     136
     137
     143
     143
     142
     134
     131
     116
     138
     139
     130
     155
     139
     128
     138
     135
     138
     139
     114
     141
     131
     139
     140
     178
     153
     125
     129
     126
     122
     125
     115
     118
     127
     136
     129
     148
     119
     145
     141
     120
     111
     129
     105
     121
     115
     137
     124
     124
     123
     114
     124
     105
     141
     117
     124
     117
     109
      99
     105
     130
     117
     120
     141
     107
     122
     100
     123
     117
     174
     240
     338
     417
     377
     303
     174
     126
     123
     110
     117
     116
     125
     131
     117
     102
     110
     114
     100
     112
     109
      99
      98
     107
     102
     104
      98
      93
     101
      96
     105
      77
     104
     102
     110
      88
     113
     109
      92
      90
      88
      93
      91
      93
     108
      93
      96
     105
      98
     118
     104
      94
      91
     112
      92
      90
      90
     110
     111
     101
      97
      96
     101
      88
     101
      94
      96
     111
      93
      97
      93
     114
      95
     115
     162
     263
     273
     208
     152
     106
      91
      72
      96
     106
     101
      88
      92
      97
     103
      82
      98
     108
     102
      85
      89
      96
     124
      97
      86
     112
     224
     386
     532
     406
     188
      90
      90
     103
      95
      87
      73
      84
      95
      85
      90
      85
      71
      91
      92
      87
      86
      94
      76
      88
      95
      74
      83
      78
      90
      88
      78
      80
      85
      65
      90
      91
      89
      69
      91
      76
      95
     102
      82
      80
      79
      91
      62
      85
      86
      74
      71
      95
      87
      93
      79
      90
      95
     114
      89
      99
      78
      76
      75
      90
      86
      91
      73
      69
      78
      94
      77
      86
      74
      80
      63
      68
      86
      85
      80
      87
      74
      79
      78
      90
      98
      80
     101
      83
      96
      84
      87
      74
      86
      88
      84
      93
     102
      91
      81
      93
      88
      87
      76
      98
      65
      69
      82
      83
      77
      61
      89
      74
      84
     103
      58
      78
      65
      91
      81
     109
     132
     101
      98
      70
      72
      69
      68
      63
      66
      66
      72
      61
      81
      77
      79
      70
      81
      78
      82
      73
      68
      66
      71
      69
      66
      63
      71
      82
      74
      65
      72
      66
      80
      69
      66
      47
      72
      77
      92
      93
     114
     110
      94
      77
      88
      77
      76
      61
      65
      66
      69
      62
      70
      68
      68
      63
      74
      54
      81
      81
      68
      40
      67
      76
      64
      66
      66
      69
      76
      89
      76
      79
      58
      73
      80
      65
      75
      67
      61
      64
      81
      79
      71
      62
      64
      72
      74
      70
      61
      46
      59
      45
      65
      51
      72
      66
      53
      69
      56
      84
      59
      54
      54
      71
      43
      70
      56
      59
      65
      78
      63
      56
      88
      79
      69
      68
      62
      54
      68
      52
      70
      63
      59
      72
      65
      76
      61
      60
      48
      60
      46
      70
      77
      74
      77
      76
      69
      73
      58
      49
      62
      61
      59
      62
      60
      62
      61
      56
      43
      49
      68
      51
      59
      55
      61
      58
      64
      63
      54
      74
      61
      61
      69
      59
      46
      63
      51
      61
      51
      54
      67
      54
      53
      45
      45
      50
      62
      71
      64
      68
      65
      43
      76
     117
     156
     184
     137
      92
      45
      58
      60
      50
      47
      49
      45
      60
      58
      46
      53
      59
      50
      40
      43
      44
      61
      62
      51
      72
      59
      48
      51
      49
      57
      59
      40
      56
      51
      63
      50
      42
      39
      61
      62
      54
      46
      58
      61
      66
      53
      49
      48
      48
      39
      61
      49
      50
      66
      72
      71
      59
      70
      76
     114
     119
      95
      82
      50
      39
      45
      47
      52
      48
      47
      55
      52
      55
      43
      36
      50
      48
      59
      42
      40
      51
      36
      55
      53
      42
      44
      54
      46
      42
      51
      56
      68
      72
      65
      52
      52
      52
      49
      48
      56
      36
      53
      52
      37
      43
      42
      40
      39
      42
      49
      37
      38
      53
      51
      55
      57
      54
      45
      51
      39
      44
      56
      51
      49
      50
      61
      41
      55
      48
      42
      50
      50
      44
      36
      51
      34
      58
      49
      41
      43
      43
      48
      37
      55
      47
      57
      43
      46
      45
      39
      39
      41
      43
      45
      49
      38
      56
      39
      42
      50
      47
      49
      47
      49
      55
      46
      37
      44
      41
      47
      33
      47
      47
      38
      48
      39
      43
      47
      50
      52
      34
      45
      40
      51
      39
      45
      36
      59
      67
      36
      54
      47
      55
      41
      48
      44
      49
      41
      54
      44
      36
      58
      36
      47
      49
      39
      44
      58
      48
      65
      83
     125
     105
      75
      61
      49
      36
      37
      47
      45
      49
      49
      47
      41
      43
      45
      29
      50
      31
      37
      37
      54
      48
      41
      37
      35
      41
      52
      55
      48
      45
      32
      38
      46
      50
      55
      58
      48
      50
      43
      49
      49
      43
      41
      41
      45
      42
      33
      45
      38
      38
      21
      47
      34
      40
      42
      52
      30
      34
      46
      33
      36
      43
      35
      50
      38
      41
      41
      44
      45
      42
      53
      51
      36
      43
      43
      45
      50
      37
      49
      41
      37
      37
      40
      47
      42
      43
      46
      39
      40
      33
      43
      50
      39
      35
      52
      31
      39
      46
      45
      39
      46
      44
      33
      35
      54
      41
      43
      41
      40
      44
      43
      44
      32
      33
      47
      32
      59
      69
      73
      60
      47
      49
      44
      41
      38
      41
      43
      31
      37
      33
      26
      29
      35
      37
      44
      36
      42
      29
      30
      34
      35
      31
      45
      28
      30
      32
      37
      29
      27
      33
      38
      44
      38
      32
      31
      31
      32
      38
      40
      31
      40
      38
      42
      31
      25
      31
      26
      27
      35
      30
      34
      39
      28
      37
      36
      33
      34
      31
      30
      35
      31
      33
      27
      34
      29
      27
      29
      34
      31
      38
      36
      17
      36
      27
      31
      22
      21
      29
      34
      30
      22
      26
      23
      21
      21
      21
      31
      25
      33
      26
      37
      25
      31
      32
      26
      12
      30
      20
      28
      29
      30
      29
      35
      22
      26
      35
      26
      28
      27
      16
      24
      34
      24
      27
      21
      22
      20
      22
      26
      18
      19
      24
      31
      24
      24
      23
      21
      28
      16
      28
      21
      22
      28
      43
      25
      27
      27
      33
      29
      38
      34
      26
      31
      16
      17
      23
      28
      29
      29
      17
      27
      18
      25
      22
      22
      20
      24
      23
      26
      21
      25
      26
      31
      22
      20
      19
      22
      30
      25
      37
      28
      33
      30
      19
      30
      20
      26
      35
      14
      24
      13
      34
      28
      20
      31
      17
      24
      19
      22
      23
      26
      21
      20
      22
      24
      25
      18
      18
      20
      27
      22
      27
      27
      21
      24
      20
      28
      16
      19
      20
      25
      25
      23
      22
      20
      18
      32
      29
      44
      76
     161
     289
     406
     358
     228
      63
      31
      21
      26
      13
      24
      20
      22
      14
      20
      23
      15
      20
      19
      22
      16
      15
      25
      25
      31
      21
      18
      15
      23
      17
      20
      19
      13
      12
      19
      17
      19
      15
      19
      17
      15
      20
      19
      31
      20
      16
      18
      12
      22
      18
      24
      22
      25
      15
      14
      14
      22
      16
      15
      18
       9
      16
      15
      16
      12
      19
      20
      18
      22
       9
      19
      22
      15
      16
      11
      14
      17
      17
      21
      17
      15
      13
      15
      16
      18
      20
      23
      21
      18
      18
      10
      22
      19
      14
      16
      18
      14
      11
      14
      14
      15
      13
      11
       7
      19
      14
      14
      18
      16
      14
      15
      14
      22
      11
      20
      12
      13
      15
       9
      11
      16
      20
      27
      13
      20
      17
      25
      16
      23
      25
      31
      31
      31
      25
      19
      30
      20
      20
      17
      17
      19
      14
      16
      21
      18
      22
      18
      14
      15
      16
      19
      11
      16
      20
       9
      13
       8
      18
      17
      18
      22
      18
      17
      19
      13
      16
      13
      12
      19
      14
      19
      24
      21
      15
      26
      15
       9
      15
      15
      20
      14
      21
      12
      17
      15
      14
      10
      12
      19
      16
      16
      13
      14
      14
      13
      14
      12
      14
      10
      17
      12
      16
      11
      14
       6
      14
      15
       7
      17
      16
      12
      12
       9
       7
      11
      13
      15
      12
       7
       7
      14
      16
       5
      13
       8
      16
       9
      12
      21
       9
      15
      13
       9
      18
      10
      13
      13
       7
      14
      10
      15
      15
       9
      11
      13
      12
      17
       7
      11
       9
      13
      10
       8
      14
      10
      16
      13
      12
      12
      12
       8
       9
      12
      17
      10
       9
       9
       9
      10
      13
      17
      28
      18
      21
      14
      12
      15
      13
      16
      24
      13
      14
      16
      11
      10
      10
      17
      14
      14
      14
      13
      11
      11
      16
      16
       5
      19
       6
      10
      10
      10
      18
      15
      18
      17
      35
      66
      82
      43
      34
      29
      17
      13
      11
      10
      11
       9
       7
       7
       9
      10
       6
      17
      12
       9
      10
       8
      10
      10
       8
      22
       9
      12
      11
      10
      11
       5
       7
       7
      11
      11
      15
       7
       9
       8
      17
      13
       6
       5
      12
       7
      12
      11
      11
      19
      16
       9
       6
      19
      11
      12
      14
      10
      11
      13
       8
      10
       7
      10
       9
      13
      13
       7
      11
       9
       8
       9
      16
      10
      15
      10
       9
      14
      10
       5
      12
       5
      10
      10
      13
      13
       9
      12
      10
       9
      11
      13
      12
       9
       9
      12
       8
      10
       8
       9
      13
      12
       9
      12
      12
       8
      14
      10
      11
      15
      14
      12
       9
       8
      10
      12
      12
       9
       8
      11
      11
      13
      16
      10
       8
       8
      11
       6
       9
       8
       8
       9
       8
       8
       8
       4
      15
       9
       9
      13
      12
       6
      13
      13
      20
      15
      11
       9
      12
      15
       9
       8
      12
       5
       7
      15
       7
      13
      10
      11
       7
       4
       7
       8
      12
      10
       8
       8
      13
      11
      17
      15
       9
       9
       7
       5
       6
       8
      11
       8
       8
      11
      10
      11
       7
       7
      13
       5
       8
       6
      11
       7
       7
       4
       8
       5
      13
      12
       8
       6
      10
      15
      13
       8
      13
       9
      16
       8
      15
      10
      10
       8
       4
       6
       8
      11
       2
      11
       3
       7
       5
       8
       3
       8
      13
       9
       3
      10
       9
       9
       7
       9
      10
       6
       5
       9
       6
       6
       3
       2
       8
       8
      15
       6
      10
      11
      12
       4
       4
       7
      12
       4
       6
       5
       8
      10
       7
       3
       8
       5
      11
      11
      12
       5
       6
       6
       8
       9
       6
      14
      16
      14
      11
      10
       8
       9
      14
       7
      12
       8
      12
       7
       7
      11
      10
       5
       4
       6
       4
      10
      12
      15
       7
      12
      11
       4
       5
       5
       6
       8
       7
      12
       7
       8
       5
       4
       9
       9
       7
      10
       9
      10
       8
      10
      13
       9
       7
       8
       7
      10
       9
       7
       4
       7
       9
       6
      15
      13
       8
       8
       6
      11
       8
      11
       4
       6
       8
       8
      13
      12
      16
      22
      14
      14
      18
       6
       7
       7
       8
       6
      10
       7
       5
       7
       5
      11
       9
      13
      16
      12
      11
       7
       6
       7
       4
       5
      12
       4
       5
       6
       8
       5
       9
       3
      12
      10
       5
       9
      10
       9
      11
       5
       3
       7
       4
       9
       8
      12
       7
       4
       7
       6
       9
       6
       8
       6
       8
      13
       7
       5
       5
      11
       7
       9
      10
       6
      10
       5
      12
       6
      10
       4
       6
       9
      14
       5
       4
       9
       5
       7
       4
       7
      12
       7
       6
       2
       8
       6
       6
       6
       7
       5
       4
       6
      11
       7
       4
       8
       9
      14
      16
      22
      14
      21
      26
      16
      10
       4
       4
       4
      12
       7
       8
       7
       9
       5
       9
       7
      11
       5
       9
      13
      14
       6
      10
       6
       6
       4
       5
       7
       9
       4
       8
       8
       5
       6
       4
      12
       5
       6
       8
       8
      10
       6
      12
      10
       7
       5
       5
       3
       4
       3
       9
      11
       6
      14
       6
       4
       9
       9
       8
       2
       9
       9
       7
       8
       7
       7
       3
       6
       7
      10
       6
       7
       8
       6
       8
      10
       5
       5
      10
       7
       2
      13
      11
       6
       4
       9
       4
       4
       5
       9
       7
      11
       4
       7
       9
       5
       6
       9
       7
       8
      11
       8
       5
       9
       4
       8
       1
      11
      11
       5
       4
       6
       9
      11
       8
       5
       4
       8
       5
       3
       6
       6
       5
       7
       5
       6
      11
       9
       2
       8
      10
      10
       9
       7
       6
      10
       9
       7
      11
       6
       7
       2
      10
       3
      10
      10
      11
       8
       6
       6
      11
       7
       3
       6
       5
      11
       8
      11
       2
      10
       7
       5
       6
       7
       5
       5
      12
      10
       7
      10
       7
      12
       8
      16
       8
       2
       6
       1
       5
       6
       3
       7
       8
       7
      10
       5
       3
       8
       6
       6
       7
       4
       4
       5
       3
       4
       3
       8
       9
       3
       5
       6
      10
       3
       6
       5
       3
       7
      13
       6
       6
       9
       9
       3
       4
       5
       9
       5
       7
       1
       7
       9
      10
       4
       4
       7
       7
       5
       3
       6
       4
       6
       7
       7
       9
       6
       5
       5
       7
       6
       5
       7
       9
      12
       9
      10
       8
      11
       2
       5
       3
       6
       6
       6
       7
       7
       2
      11
       7
      12
       6
       9
       4
       8
       1
       2
      10
       4
       4
       2
       7
       4
       4
       7
       8
       7
       9
       3
       5
       4
       4
       7
       8
       1
       8
       4
       6
       8
       2
       5
       4
       9
       4
       5
       4
       0
       7
       8
       6
       5
       7
       4
       4
       6
       6
       5
       4
       3
       7
       2
       3
       5
       4
       6
       6
      10
       7
       4
       6
       7
       4
       2
       2
       9
       6
       2
       3
       4
       2
       3
       7
       6
       1
       4
       4
       8
       3
       3
       6
       3
       3
       2
       4
       4
       2
       5
       5
       5
       6
       7
       5
       6
       4
       3
       1
       3
       6
       4
       6
       2
       6
       2
       4
       2
       4
       2
       2
       3
       2
       4
       4
       4
       4
       4
       2
       3
       2
       7
       7
       4
       7
       4
       7
       5
       0
       2
       3
       4
       2
       3
       4
       4
       5
       5
       7
       1
       2
       4
       4
       2
       5
       4
       4
       3
       6
       4
       3
       6
      11
      20
      31
      45
      53
      73
      60
      37
      18
      11
       6
       2
       4
       1
       8
       4
       3
       2
       0
       3
       4
       8
       3
       3
       1
       0
       5
       6
       6
       6
       2
       2
       1
       5
       4
       4
       2
       6
       4
       3
       2
       0
       8
       5
       3
       1
       2
       2
       3
       4
       4
       4
       3
       3
       2
       0
       1
       2
       5
       5
       7
       5
       4
       2
       3
       4
       8
       2
       4
       0
       1
       1
       7
       1
       4
       5
       7
       5
       8
       3
       5
       2
       3
       3
       1
       4
       3
       5
       8
       0
       1
       2
       3
       9
       0
       3
       3
       1
       2
       4
       3
       4
       0
       1
       2
       6
       2
       1
       2
       2
       2
       2
       5
       8
       3
       1
       2
       3
       6
       0
       6
       4
       4
       3
       5
       4
       7
       4
       1
       4
       1
       2
       5
       1
       5
       2
       3
       4
       4
       3
       4
       6
       3
       5
       7
       4
       5
       0
       6
       3
       5
       2
       2
       4
       3
       3
       6
       2
       5
       2
       1
       2
       4
       1
       2
       3
       3
       4
       1
       3
       1
       4
       9
       6
       3
       3
       5
       7
       1
       6
       2
       1
       1
       8
       2
       5
       2
       3
       2
       2
       2
       4
       2
       2
       3
       4
       0
       3
       2
       2
       2
       2
       1
       2
       6
       1
       6
       0
       3
       2
       3
       4
       2
       7
       1
       6
       3
       3
       3
       2
       3
       1
       3
       3
       1
       2
       5
       1
       4
       3
       6
       4
       1
       1
       1
       3
       2
       2
       2
       2
       0
       5
       5
       3
       4
       3
       6
       5
       4
       7
       4
       3
       2
       2
       2
       0
       1
       3
       0
       3
       2
       0
       4
       5
       4
       3
       3
       3
       2
       3
       3
       4
       1
       2
       1
       0
       3
       3
       1
       2
       5
       5
       2
       3
       5
       2
       6
       2
       4
       1
       3
       3
       0
       0
       3
       2
       4
       3
       5
       4
       3
       2
       5
       3
       3
       4
       1
       8
       5
       6
       5
       3
       4
       4
       1
       3
       4
       4
       6
       4
       4
       1
       3
       5
       4
       0
       2
       3
       3
       0
       1
       3
       2
       0
       5
       1
       2
       1
       4
       3
       3
       2
       3
       3
       3
       3
       4
       3
       2
       2
       2
       4
       5
       1
       2
       2
       2
       1
       3
       1
       2
       6
       4
       3
       4
       1
       2
       6
       4
       4
       3
       5
       1
       3
       2
       3
       6
       1
       3
       4
       2
       2
       4
       1
       1
       1
       5
       3
       0
       2
       5
       2
       2
       5
       2
       1
       4
       2
       0
       1
       1
       1
       3
       4
       6
       0
       3
       2
       6
       3
       1
       3
       1
       4
       2
       2
       0
       2
       2
       1
       2
       2
       0
       2
       3
       2
       4
       3
       5
       6
       2
       3
       2
       2
       6
       2
       2
       2
       1
       4
       2
       2
       1
       3
       3
       2
       3
       2
       2
       4
       3
       3
       1
       1
       4
       6
       1
       1
       0
       3
       2
       2
       1
       3
       3
       2
       4
       4
       4
       2
       3
       2
       4
       3
       2
       1
       2
       4
       3
       1
       2
       4
       2
       4
       3
       1
       5
       2
       4
       2
       2
       2
       2
       5
       5
       4
       2
       1
       5
       1
       3
       4
       5
       3
       4
       6
       2
       3
       3
       1
       1
       1
       0
       3
       4
       2
       4
       4
       2
       3
       2
       4
       2
       3
       1
       3
       1
       4
       4
       3
       3
       4
       0
       3
       1
       1
       4
       2
       6
       3
       0
       2
       4
       3
       3
       4
       2
       2
       1
       1
       4
       2
       1
       3
       1
       5
       3
       3
       5
       2
       0
       3
       2
       5
       0
       2
       3
       2
       6
       2
       1
       3
       2
       4
       0
       4
       1
       5
       5
       3
       1
       5
       1
       2
       3
       5
       2
       1
       3
       3
       2
       2
       2
       7
       2
       1
       2
       2
       7
       3
       4
       1
       6
       0
       2
       3
       3
       2
       2
       2
       1
       3
       6
       2
       2
       1
       4
       1
       1
       6
       3
       4
       3
       3
       5
       2
       1
       2
       1
       2
       2
       1
       4
       5
       2
       4
       2
       4
       0
       4
       1
       2
       4
       1
       0
       2
       0
       2
       1
       2
       7
       0
       2
       3
       4
       3
       3
       1
       3
       1
       2
       4
       1
       1
       7
       2
       2
       4
       0
       0
       5
       2
       1
       2
       1
       4
       4
       4
       1
       2
       3
       3
       5
       1
       2
       4
       1
       4
       2
       0
       4
       1
       3
       0
       3
       2
       3
       6
       2
       2
       3
       0
       2
       3
       2
       3
       2
       0
       4
       5
       2
       1
       2
       1
       2
       1
       1
       0
       2
       1
       1
       3
       3
       2
       0
       2
       2
       3
       1
       8
       2
       2
       3
       2
       2
       2
       3
       6
       1
       4
       4
       1
       5
       5
       1
       2
       0
       5
       1
       4
       4
       3
       1
       3
       3
       4
       3
       2
       7
       1
       1
       0
       4
       4
       3
       1
       2
       0
       3
       5
       1
       0
       3
       2
       1
       2
       3
       3
       3
       3
       0
       1
       0
       2
       3
       0
       2
       2
       0
       2
       1
       1
       2
       8
       4
       1
       3
       2
       2
       2
       1
       2
       2
       4
       1
       1
       2
       3
       3
      10
       4
       1
       0
       3
       2
       0
       1
       3
       2
       5
       0
       0
       3
       2
       1
       4
       2
       5
       0
       1
       1
       3
       2
       4
       5
       2
       3
       3
       3
       1
       3
       4
       2
       1
       2
       2
       3
       3
       3
       1
       5
       5
       1
       3
       2
       4
       3
       1
       2
       4
       3
       4
       2
       1
       0
       5
       1
       5
       3
       4
       3
       2
       3
       2
       3
       2
       1
       2
       3
       2
       4
       2
       1
       0
       1
       0
       1
       2
       2
       1
       4
       3
       2
       2
       0
       1
       4
       1
       2
       0
       0
       1
       1
       1
       2
       3
       2
       1
       7
       0
       1
       1
       2
       0
       1
       3
       0
       2
       3
       0
       2
       1
       4
       1
       2
       2
       4
       0
       3
       4
       2
       1
       1
       3
       1
       1
       4
       5
       1
       1
       1
       3
       0
       1
       2
       3
       3
       1
       1
       1
       1
       1
       3
       1
       3
       1
       5
       2
       4
       1
       2
       2
       1
       1
       2
       1
       2
       2
       0
       1
       4
       2
       3
       3
       4
       1
       1
       5
       2
       2
       1
       1
       1
       2
       3
       0
       5
       1
       0
       1
       2
       1
       1
       2
       1
       1
       2
       2
       2
       3
       1
       3
       2
       2
       7
       4
       2
       2
       3
       4
       5
       1
       3
       1
       3
       2
       3
       3
       2
       3
       2
       3
       2
       3
       3
       3
       1
       1
       4
       1
       1
       3
       2
       1
       0
       0
       4
       2
       2
       1
       1
       3
       1
       5
       4
       4
       1
       2
       3
       5
       1
       3
       0
       7
       3
       4
       3
       2
       0
       0
       1
       2
       0
       7
       0
       1
       2
       2
       1
       2
       4
       3
       1
       2
       4
       1
       1
       0
       1
       2
       2
       3
       1
       3
       1
       1
       4
       1
       2
       1
       2
       3
       3
       1
       1
       2
       5
       3
       1
       2
       1
       1
       1
       3
       0
       2
       1
       0
       2
       0
       7
       3
       1
       1
       2
       5
       1
       1
       0
       1
       1
       4
       2
       1
       1
       2
       1
       2
       1
       2
       2
       3
       3
       0
       1
       1
       0
       5
       2
       2
       1
       1
       3
       1
       3
       6
       2
       1
       1
       2
       4
       2
       0
       1
       1
       0
       2
       2
       1
       5
       3
       2
       0
       3
       1
       1
       3
       2
       1
       2
       3
       1
       2
       1
       2
       2
       2
       2
       1
       1
       0
       1
       2
       4
       3
       1
       2
       0
       3
       2
       1
       4
       4
       2
       0
       1
       1
       0
       5
       3
       2
       2
       2
       3
       1
       3
       1
       1
       2
       2
       2
       0
       3
       3
       4
       2
       2
       1
       1
       4
       0
       5
       3
       3
       3
       0
       1
       0
       0
       2
       1
       1
       4
       1
       3
       3
       1
       2
       4
       1
       4
       3
       6
       0
       0
       0
       3
       0
       2
       3
       0
       1
       3
       3
       2
       0
       3
       4
       1
       2
       1
       2
       2
       1
       3
       2
       1
       0
       2
       0
       2
       0
       1
       2
       5
       1
       2
       0
       3
       2
       2
       3
       2
       3
       3
       0
       1
       1
       0
       3
       2
       3
       2
       3
       1
       0
       0
       1
       1
       6
       3
       1
       5
       1
       1
       5
       3
       2
       3
       5
       1
       3
       0
       4
       2
       0
       2
       2
       1
       2
       2
       1
       1
       0
       0
       0
       0
       0
       0
       0
       0
       0
       0
       0
       0
       0
       0
       0
       0
       0
       0
       0
       0
       0
       0
       0
       0
       0
       0
       0
       0
       0
       0
       0
       0
       0
       0
       0
       0
       0
       0
       0
       0
       0
       0
       0
       0
       0
       0
       0
       0
       0
       0
       0
       0
       0
       0
       0
       0
       0
       0
       0
       0
       0
       0
       0
       0
       0
       0
       0
       0
       0
       0
       0
       0
       0
       0
       0
       0
       0
       0
       0
       0
       0
       0
       0
       0
       0
       0
       0
       0
       0
       0
       0
       0
       0
       0
       0
       0
       0
       0
       0
       0
       0
       0
       0
       0
       0
       0
       0
       0
       0
       0
       0
       0
       0
       0
       0
       0
       0
       0
       0
       0
       0
       0
       0
       0
       0
       0
       0
       0
       0
       0
       0
       0
       0
       0
       0
       0
       0
       0
       0
       0
       0
       0
       0
       0
       0
       0
       0
       0
       0
       0
       0
       0
       0
       0
$ROI:
0
$PRESETS:
None
0
0
$ENER_FIT:
0.000000 0.000000
$MCA_CAL:
3
0.000000E+000 0.000000E+000 0.000000E+000 
$SHAPE_CAL:
3
0.000000E+000 0.000000E+000 0.000000E+000
