$SPEC_ID:
No sample description was entered.
$SPEC_REM:
DET# 1
DETDESC# SCE-SOPA-00035 MCB 133
AP# Maestro Version 7.01
$DATE_MEA:
11/15/2019 15:21:36
$MEAS_TIM:
3213 3213
$DATA:
0 4095
       0
       0
       0
       0
       0
       0
       0
       0
       0
       1
       0
       0
       0
       0
       0
       0
       0
       0
       0
       0
       0
       0
       0
       0
       0
       0
       1
      10
       3
      11
      91
     113
      96
      91
     131
     113
      97
     109
      80
     101
     109
     113
      84
     110
      96
     117
     100
     112
     106
      90
     110
     117
      99
      97
     119
     104
      99
      99
      97
     102
     111
      91
      99
     105
     126
      99
     109
     103
      96
     133
     100
      96
     106
     101
      94
     114
     121
     103
      89
      90
     103
     133
     119
     116
     112
     101
     115
     107
     119
     120
     109
     133
     123
     136
     112
     126
     136
     136
     109
     131
     109
     117
     109
     114
     132
     114
      97
     126
     133
     114
     134
     132
     116
     119
     135
     112
     101
     132
     125
     124
     125
     125
     133
     151
     127
     138
     154
     127
     146
     122
     142
     133
     136
     133
     134
     132
     134
     152
     110
     137
     142
     143
     120
     128
     123
     133
     139
     149
     133
     138
     136
     130
     143
     140
     148
     135
     131
     117
     126
     120
     142
     162
     142
     135
     135
     136
     142
     129
     121
     131
     126
     117
     117
     122
     137
     123
     115
     133
     133
     128
     114
     104
     120
     129
     141
     118
     126
     149
     112
     144
     124
     142
     121
     107
     115
     127
     113
     136
     109
     107
     121
     135
     151
     107
     124
     134
     132
     119
     134
     136
     113
     128
     140
     138
     162
     155
     160
     166
     171
     169
     163
     154
     133
     141
     151
     135
     139
     134
     151
     149
     138
     148
     124
     121
     119
      87
     125
     125
     127
     111
     137
     131
     119
     130
      98
     125
     107
     101
      98
     116
     109
      95
     102
     104
     103
      93
      96
      95
      83
      97
     103
     101
      86
     120
     107
     100
     101
     100
      86
      78
     109
      88
      89
      80
      89
      90
      78
      79
      91
      83
      79
      95
      72
      89
      87
      70
      69
      78
      84
      86
      90
      82
      85
      88
      88
      77
      86
      87
      81
      72
      68
      70
      64
      70
      87
      81
      91
      66
      79
      64
      74
      65
      82
      84
      68
      71
      84
      74
      75
      70
      60
      73
      86
      74
      82
      65
      62
      75
      76
      83
      85
      67
      64
      66
      61
      76
      66
      57
      69
      80
      82
      72
      54
      72
      67
      81
      59
      62
      67
      62
      62
      63
      80
      68
      65
      67
      60
      62
      65
      60
      55
      53
      72
      62
      65
      64
      73
      57
      58
      69
      40
      57
      41
      65
      64
      56
      62
      67
      62
      64
      60
      72
      57
      58
      68
      51
      76
      66
      55
      64
      57
      65
      57
      64
      67
      55
      67
      48
      57
      56
      59
      59
      66
      57
      56
      63
      57
      60
      51
      49
      52
      58
      56
      48
      56
      42
      59
      45
      44
      49
      55
      66
      52
      59
      55
      62
      57
      52
      46
      52
      56
      45
      53
      61
      43
      55
      71
      58
      49
      46
      61
      47
      57
      58
      64
      63
      46
      56
      46
      59
      57
      67
      43
      57
      56
      53
      65
      54
      59
      58
      56
      49
      50
      41
      52
      44
      55
      51
      52
      39
      36
      46
      46
      42
      55
      55
      59
      49
      52
      62
      48
      48
      53
      50
      46
      46
      56
      51
      68
      48
      45
      43
      42
      57
      45
      51
      60
      47
      49
      46
      54
      55
      46
      53
      56
      50
      45
      52
      44
      47
      48
      45
      42
      75
      59
      55
      53
      49
      44
      59
      59
      54
      57
      44
      44
      54
      50
      58
      49
      48
      53
      44
      49
      38
      47
      50
      36
      54
      56
      45
      68
      39
      48
      43
      48
      50
      49
      55
      41
      37
      56
      52
      56
      47
      51
      55
      56
      50
      50
      49
      44
      52
      32
      39
      45
      39
      55
      37
      57
      36
      40
      48
      58
      63
      50
      42
      51
      47
      50
      50
      49
      42
      52
      39
      39
      58
      45
      54
      45
      35
      43
      40
      49
      37
      43
      45
      65
      42
      40
      59
      50
      48
      47
      41
      37
      44
      46
      50
      42
      48
      43
      49
      50
      39
      35
      46
      45
      38
      52
      54
      46
      43
      37
      42
      39
      48
      48
      39
      50
      44
      47
      39
      40
      47
      35
      48
      48
      46
      59
      51
      39
      47
      40
      51
      47
      43
      42
      52
      45
      63
      43
      52
      47
      54
      45
      51
      54
      46
      49
      47
      44
      47
      51
      50
      48
      57
      32
      51
      57
      46
      45
      49
      36
      42
      44
      48
      40
      46
      52
      50
      37
      49
      52
      45
      53
      52
      40
      49
      45
      51
      36
      47
      41
      46
      49
      44
      46
      51
      43
      48
      42
      33
      49
      44
      50
      38
      42
      46
      40
      58
      46
      48
      44
      44
      64
      55
      37
      43
      38
      51
      45
      46
      43
      52
      53
      55
      38
      34
      44
      39
      50
      42
      50
      51
      42
      49
      55
      60
      51
      49
      47
      52
      44
      45
      40
      48
      58
      45
      40
      52
      47
      45
      46
      52
      53
      43
      43
      45
      57
      55
      58
      46
      45
      34
      48
      41
      42
      56
      47
      44
      40
      43
      43
      51
      49
      50
      51
      36
      50
      52
      45
      49
      48
      49
      42
      51
      57
      57
      38
      51
      47
      43
      52
      40
      56
      60
      57
      54
      56
      51
      46
      48
      58
      54
      61
      51
      48
      45
      55
      58
      53
      54
      52
      52
      56
      51
      56
      57
      50
      56
      50
      45
      44
      52
      54
      63
      53
      52
      48
      51
      60
      63
      49
      64
      49
      66
      49
      51
      46
      56
      60
      50
      57
      61
      67
      56
      63
      62
      64
      52
      48
      48
      56
      46
      51
      67
      56
      49
      53
      48
      57
      61
      70
      45
      50
      61
      40
      60
      61
      64
      64
      52
      57
      43
      55
      53
      59
      61
      61
      69
      48
      53
      61
      66
      66
      54
      62
      63
      52
      55
      70
      59
      53
      51
      77
      67
      53
      58
      64
      74
      59
      52
      61
      57
      62
      62
      71
      60
      61
      81
      55
      64
      62
      53
      65
      68
      65
      54
      66
      57
      63
      62
      73
      65
      76
      50
      84
      62
      51
      81
      61
      55
      64
      52
      70
      66
      76
      73
      56
      80
      70
      71
      71
      55
      67
      75
      65
      74
      71
      95
      68
      80
      60
      66
      79
      72
      82
      83
      66
      79
      96
      79
      68
      76
      71
      98
      69
      60
      66
      50
      56
      79
      52
      53
      51
      56
      43
      56
      52
      54
      61
      55
      49
      54
      55
      53
      49
      49
      57
      52
      57
      58
      57
      52
      53
      48
      47
      45
      61
      55
      54
      46
      59
      60
      57
      44
      52
      55
      52
      56
      44
      38
      40
      44
      49
      42
      66
      56
      50
      66
      51
      54
      53
      49
      49
      64
      48
      38
      48
      56
      44
      45
      41
      54
      35
      38
      60
      45
      41
      57
      49
      36
      64
      45
      50
      48
      43
      33
      43
      35
      52
      35
      51
      43
      54
      27
      48
      45
      58
      47
      47
      47
      50
      47
      44
      46
      48
      44
      36
      38
      47
      53
      38
      53
      40
      47
      56
      48
      45
      38
      59
      34
      58
      43
      36
      44
      52
      41
      44
      45
      38
      53
      45
      33
      43
      50
      34
      50
      48
      41
      38
      50
      47
      46
      47
      49
      48
      47
      45
      35
      49
      42
      57
      47
      53
      41
      45
      38
      37
      42
      53
      46
      43
      57
      33
      37
      26
      40
      32
      37
      40
      30
      22
      25
      38
      27
      37
      28
      22
      20
      26
      24
      25
      30
      32
      34
      40
      22
      30
      26
      37
      27
      34
      21
      33
      27
      27
      27
      27
      24
      24
      27
      20
      33
      29
      33
      22
      25
      34
      24
      20
      29
      27
      37
      53
      90
     289
     761
    1162
    1100
     652
     283
      59
      23
      14
      17
      21
      22
      23
      19
      20
      22
      14
      20
      22
      22
      20
      16
      20
      14
      12
      16
      15
      17
      15
      20
      10
      12
      14
      13
      17
      14
      10
      18
       8
       9
      16
      13
      14
       4
       9
       8
      11
      15
       8
      12
      11
      12
       8
       7
      17
      12
       8
       8
      10
       7
       9
       5
      10
      10
       3
      13
       8
       5
      13
       7
      10
       7
       7
      13
      10
       8
       7
      12
       8
      10
       7
       5
       7
      10
       6
       7
       3
       8
       1
      10
      12
       9
      12
       5
       6
       9
       4
       4
       5
       4
       2
       4
       6
       6
      10
       5
       6
       7
       3
      12
       4
      11
      11
      10
       6
       7
       6
       6
      10
       8
       5
       6
       7
      10
       5
       5
       4
       4
       5
       7
       9
       7
       8
       5
       5
       8
       8
      13
       8
       7
       4
       9
       9
       8
       7
       5
      10
       4
       6
      12
       5
       6
       9
       2
       5
      10
      12
      15
      32
     114
     345
     746
    1017
     932
     497
     180
      47
       7
       2
       2
       2
       2
       3
       3
       2
       0
       1
       1
       1
       1
       1
       4
       2
       0
       1
       2
       1
       1
       0
       1
       2
       2
       3
       2
       6
       3
       0
       0
       0
       1
       0
       1
       4
       1
       2
       1
       1
       1
       2
       1
       3
       1
       2
       2
       2
       1
       3
       1
       2
       2
       4
       1
       1
       2
       2
       0
       2
       5
       3
       2
       1
       2
       0
       6
       1
       2
       1
       4
       5
       0
       1
       1
       3
       1
       1
       0
       4
       6
       2
       2
       2
       1
       6
       2
       0
       0
       0
       3
       0
       3
       1
       2
       1
       3
       1
       0
       2
       1
       0
       2
       2
       2
       4
       4
       3
       0
       1
       0
       2
       1
       2
       0
       4
       3
       2
       3
       1
       1
       1
       4
       6
       8
       9
       7
       2
       1
       2
       1
       3
       2
       1
       1
       2
       1
       3
       1
       3
       3
       2
       2
       1
       3
       1
       2
       2
       3
       1
       2
       1
       0
       3
       2
       3
       0
       1
       0
       4
       1
       0
       5
       1
       3
       2
       2
       3
       0
       3
       0
       2
       1
       3
       1
       1
       2
       2
       2
       0
       1
       0
       1
       3
       2
       1
       1
       1
       0
       2
       1
       1
       0
       0
       2
       0
       3
       1
       1
       1
       0
       2
       3
       4
       3
       1
       1
       2
       2
       2
       2
       0
       0
       3
       0
       1
       1
       2
       2
       1
       4
       1
       1
       3
       3
       1
       0
       1
       1
       2
       0
       0
       2
       2
       0
       2
       2
       2
       0
       1
       1
       1
       0
       0
       1
       1
       1
       0
       0
       2
       1
       2
       0
       1
       0
       2
       0
       2
       4
       2
       0
       0
       2
       0
       1
       0
       2
       2
       0
       1
       1
       3
       0
       1
       0
       2
       3
       0
       0
       2
       1
       2
       1
       0
       2
       5
       1
       0
       1
       1
       0
       1
       2
       0
       0
       2
       1
       1
       0
       4
       0
       1
       3
       0
       2
       0
       2
       3
       1
       3
       1
       0
       1
       1
       0
       0
       0
       0
       0
       2
       1
       0
       0
       1
       0
       1
       2
       1
       3
       3
       0
       2
       3
       1
       1
       1
       0
       1
       0
       2
       0
       1
       0
       2
       1
       1
       1
       3
       0
       1
       2
       0
       2
       0
       1
       2
       1
       0
       2
       3
       2
       3
       0
       0
       1
       0
       1
       1
       0
       1
       1
       4
       0
       2
       0
       3
       2
       2
       0
       3
       2
       2
       0
       0
       1
       0
       1
       2
       0
       0
       1
       2
       0
       0
       0
       1
       0
       1
       3
       3
       1
       0
       0
       2
       1
       0
       2
       1
       2
       1
       1
       0
       0
       1
       2
       0
       2
       0
       1
       1
       3
       2
       2
       2
       0
       1
       1
       2
       0
       2
       3
       1
       0
       0
       1
       3
       0
       1
       1
       0
       1
       1
       0
       0
       0
       0
       0
       2
       0
       0
       3
       0
       2
       3
       2
       1
       4
       0
       3
       1
       2
       1
       1
       0
       1
       1
       1
       1
       1
       0
       0
       0
       0
       1
       2
       1
       1
       1
       1
       1
       1
       0
       1
       1
       0
       0
       0
       0
       1
       0
       1
       0
       1
       1
       2
       1
       0
       2
       0
       1
       1
       2
       3
       3
       1
       0
       3
       1
       0
       0
       2
       0
       1
       1
       0
       2
       1
       0
       1
       1
       1
       1
       1
       0
       1
       0
       1
       1
       0
       0
       0
       1
       0
       2
       2
       1
       0
       0
       1
       0
       1
       1
       3
       1
       0
       0
       1
       0
       1
       1
       0
       1
       0
       0
       1
       0
       0
       0
       3
       1
       0
       2
       3
       0
       1
       0
       1
       1
       1
       0
       0
       1
       2
       1
       0
       0
       0
       3
       0
       0
       0
       0
       0
       0
       1
       0
       0
       0
       0
       0
       0
       0
       2
       0
       2
       2
       0
       1
       2
       1
       0
       0
       0
       3
       1
       0
       2
       0
       2
       0
       2
       0
       0
       0
       1
       0
       1
       2
       2
       2
       0
       0
       1
       0
       1
       0
       0
       0
       3
       1
       1
       0
       0
       1
       0
       0
       0
       1
       1
       0
       0
       2
       1
       0
       1
       2
       2
       0
       0
       0
       2
       1
       0
       0
       1
       0
       1
       0
       0
       0
       0
       0
       0
       1
       0
       0
       2
       2
       2
       1
       3
       1
       2
       1
       1
       3
       1
       0
       3
       0
       0
       1
       0
       0
       0
       1
       1
       0
       2
       2
       0
       0
       1
       0
       0
       0
       2
       0
       1
       0
       1
       1
       0
       0
       1
       2
       1
       3
       1
       0
       0
       1
       1
       3
       0
       1
       0
       0
       0
       1
       1
       0
       0
       1
       0
       0
       2
       2
       1
       0
       1
       1
       2
       0
       1
       3
       0
       1
       1
       1
       1
       0
       0
       1
       0
       0
       0
       1
       0
       0
       2
       1
       2
       0
       0
       0
       0
       0
       1
       0
       0
       0
       1
       1
       1
       0
       0
       1
       0
       0
       0
       1
       1
       3
       0
       0
       2
       1
       0
       1
       0
       0
       0
       1
       0
       0
       0
       0
       0
       3
       0
       0
       0
       2
       1
       2
       2
       1
       1
       0
       1
       1
       0
       1
       0
       1
       0
       0
       1
       3
       0
       0
       0
       0
       3
       1
       0
       0
       4
       1
       1
       2
       0
       0
       0
       0
       0
       2
       0
       1
       0
       2
       1
       0
       1
       1
       3
       0
       0
       1
       0
       0
       1
       0
       1
       0
       0
       0
       0
       0
       0
       1
       0
       1
       1
       0
       0
       0
       1
       0
       1
       1
       0
       0
       0
       1
       0
       0
       1
       2
       3
       1
       1
       0
       0
       0
       1
       1
       0
       0
       2
       0
       0
       1
       1
       0
       0
       1
       0
       1
       0
       0
       1
       1
       0
       0
       1
       0
       0
       0
       0
       0
       0
       1
       0
       0
       0
       0
       0
       1
       2
       1
       1
       0
       0
       0
       0
       1
       0
       1
       1
       0
       1
       2
       1
       0
       0
       1
       2
       0
       0
       3
       1
       1
       2
       1
       0
       0
       1
       0
       0
       0
       0
       0
       0
       1
       1
       2
       0
       0
       1
       0
       0
       0
       0
       0
       0
       1
       0
       1
       0
       0
       1
       0
       0
       1
       0
       1
       0
       0
       2
       1
       0
       0
       0
       3
       1
       1
       0
       1
       0
       0
       1
       0
       0
       0
       1
       1
       0
       1
       0
       0
       0
       0
       2
       0
       0
       0
       0
       0
       0
       1
       1
       0
       0
       0
       1
       3
       1
       1
       1
       0
       1
       0
       0
       1
       0
       1
       0
       0
       0
       0
       0
       0
       0
       0
       0
       1
       0
       1
       2
       0
       0
       1
       0
       0
       1
       0
       0
       0
       0
       0
       1
       1
       1
       0
       1
       0
       0
       1
       0
       1
       0
       0
       0
       1
       0
       0
       1
       0
       0
       0
       1
       0
       0
       0
       0
       1
       0
       0
       0
       0
       1
       0
       0
       0
       0
       1
       0
       1
       0
       0
       2
       0
       0
       0
       0
       0
       0
       0
       0
       0
       0
       1
       0
       0
       0
       0
       0
       0
       0
       0
       0
       0
       0
       0
       0
       0
       0
       0
       0
       0
       0
       0
       0
       0
       0
       1
       0
       1
       0
       0
       0
       1
       0
       0
       0
       0
       0
       0
       0
       0
       0
       0
       0
       0
       0
       0
       0
       0
       0
       0
       1
       1
       0
       0
       0
       0
       2
       0
       1
       0
       0
       0
       0
       0
       0
       0
       0
       0
       1
       0
       0
       0
       0
       0
       0
       0
       0
       2
       0
       2
       2
       4
       4
       2
       2
       1
       0
       0
       0
       0
       0
       0
       1
       0
       0
       2
       0
       0
       0
       1
       0
       0
       0
       0
       1
       0
       0
       0
       1
       0
       0
       0
       1
       0
       0
       0
       0
       0
       0
       0
       0
       0
       0
       0
       0
       0
       0
       0
       0
       0
       0
       0
       1
       0
       0
       0
       0
       0
       0
       0
       0
       0
       0
       0
       0
       0
       0
       0
       1
       0
       0
       0
       1
       0
       0
       0
       0
       1
       0
       0
       0
       0
       0
       0
       1
       0
       0
       0
       0
       0
       0
       0
       0
       0
       0
       1
       0
       1
       0
       0
       0
       0
       0
       0
       0
       0
       0
       0
       2
       1
       2
       3
       2
       0
       0
       1
       0
       0
       0
       0
       0
       1
       0
       0
       0
       0
       0
       1
       1
       0
       0
       0
       1
       0
       0
       0
       0
       0
       0
       0
       0
       0
       0
       0
       0
       0
       0
       0
       0
       0
       0
       0
       0
       0
       0
       0
       0
       0
       0
       0
       0
       0
       0
       0
       0
       1
       0
       0
       1
       0
       0
       0
       0
       0
       0
       0
       0
       0
       0
       1
       0
       0
       0
       0
       0
       0
       0
       0
       0
       0
       0
       1
       0
       0
       0
       0
       0
       0
       0
       0
       0
       0
       0
       0
       0
       0
       0
       0
       0
       0
       0
       0
       0
       0
       0
       0
       0
       0
       0
       1
       0
       0
       1
       0
       1
       0
       0
       0
       0
       0
       0
       0
       1
       0
       0
       0
       0
       0
       0
       0
       0
       0
       0
       0
       0
       0
       0
       0
       0
       0
       0
       1
       0
       0
       0
       0
       1
       1
       0
       0
       1
       0
       0
       0
       0
       0
       1
       0
       0
       0
       0
       0
       0
       0
       0
       0
       0
       0
       0
       0
       0
       0
       0
       0
       0
       0
       0
       0
       0
       0
       0
       0
       0
       0
       0
       0
       0
       0
       0
       0
       0
       0
       0
       0
       0
       0
       0
       0
       0
       0
       0
       0
       0
       0
       0
       0
       0
       0
       0
       0
       1
       0
       0
       0
       0
       0
       0
       0
       0
       0
       1
       0
       0
       1
       0
       0
       0
       0
       0
       0
       0
       0
       0
       1
       0
       0
       0
       0
       0
       0
       1
       0
       0
       0
       0
       0
       0
       0
       0
       1
       0
       0
       0
       0
       1
       0
       0
       0
       0
       0
       2
       0
       0
       0
       0
       0
       0
       0
       0
       0
       0
       0
       2
       0
       0
       0
       0
       0
       0
       0
       0
       1
       0
       0
       0
       0
       0
       1
       0
       0
       0
       1
       0
       0
       1
       0
       0
       1
       0
       0
       0
       1
       0
       0
       0
       1
       1
       0
       0
       0
       0
       0
       0
       1
       0
       0
       0
       1
       0
       0
       0
       0
       0
       1
       0
       0
       0
       0
       1
       0
       0
       0
       0
       0
       0
       0
       0
       0
       0
       0
       0
       0
       0
       0
       0
       0
       0
       0
       0
       0
       1
       0
       0
       0
       1
       0
       0
       0
       0
       0
       0
       0
       0
       0
       0
       0
       0
       0
       0
       0
       0
       0
       0
       0
       1
       0
       0
       0
       0
       0
       1
       1
       0
       1
       0
       0
       0
       0
       0
       0
       1
       0
       0
       0
       0
       0
       0
       0
       0
       0
       0
       0
       0
       0
       0
       0
       0
       0
       0
       0
       0
       0
       0
       0
       0
       1
       0
       0
       0
       0
       0
       1
       0
       1
       0
       0
       0
       0
       0
       0
       0
       0
       1
       0
       0
       0
       0
       0
       0
       0
       0
       0
       0
       0
       0
       1
       1
       0
       0
       0
       0
       0
       0
       0
       0
       0
       0
       1
       0
       0
       0
       0
       0
       1
       0
       0
       0
       0
       0
       0
       0
       0
       0
       0
       0
       0
       0
       0
       0
       0
       0
       1
       0
       0
       0
       0
       0
       0
       0
       1
       0
       0
       0
       0
       0
       0
       0
       0
       0
       0
       0
       1
       0
       0
       0
       1
       0
       0
       0
       0
       0
       0
       0
       0
       0
       0
       0
       0
       1
       0
       0
       0
       2
       0
       0
       0
       1
       0
       0
       1
       0
       0
       0
       0
       0
       0
       0
       0
       0
       0
       0
       0
       1
       0
       0
       0
       0
       0
       0
       0
       0
       0
       0
       0
       0
       0
       1
       0
       0
       0
       0
       0
       1
       0
       0
       0
       0
       1
       1
       0
       0
       0
       0
       0
       0
       0
       0
       0
       0
       1
       1
       0
       0
       0
       0
       0
       0
       0
       0
       0
       0
       0
       0
       0
       0
       0
       0
       0
       0
       0
       0
       0
       0
       0
       0
       0
       0
       0
       0
       0
       0
       0
       0
       0
       0
       0
       0
       0
       0
       0
       0
       0
       0
       0
       1
       1
       1
       0
       0
       0
       0
       0
       1
       0
       1
       1
       0
       0
       2
       0
       0
       0
       0
       1
       0
       0
       0
       1
       0
       1
       1
       0
       0
       1
       0
       0
       0
       0
       0
       0
       0
       0
       0
       0
       0
       0
       0
       0
       0
       0
       0
       0
       0
       0
       0
       0
       0
       0
       0
       0
       0
       0
       0
       0
       0
       0
       0
       0
       1
       0
       1
       0
       0
       0
       0
       1
       0
       0
       0
       0
       0
       0
       0
       0
       0
       0
       0
       0
       0
       0
       0
       1
       0
       0
       1
       0
       0
       0
       0
       0
       0
       0
       0
       0
       0
       1
       0
       0
       0
       1
       0
       0
       0
       0
       0
       0
       1
       0
       0
       0
       0
       0
       0
       0
       0
       0
       0
       0
       0
       0
       0
       0
       0
       0
       0
       0
       0
       0
       0
       0
       0
       0
       0
       0
       0
       0
       0
       0
       0
       0
       0
       0
       0
       0
       0
       0
       0
       0
       1
       0
       0
       0
       0
       0
       0
       0
       0
       0
       0
       0
       0
       0
       0
       0
       0
       0
       0
       0
       0
       1
       0
       2
       0
       0
       0
       0
       0
       0
       0
       0
       0
       0
       0
       0
       0
       0
       0
       0
       0
       1
       0
       0
       0
       0
       0
       0
       0
       0
       0
       1
       0
       0
       0
       0
       0
       0
       0
       0
       0
       0
       0
       0
       0
       0
       0
       0
       0
       0
       0
       0
       0
       0
       0
       0
       0
       0
       0
       0
       0
       0
       0
       0
       0
       0
       0
       1
       0
       0
       0
       0
       1
       0
       0
       0
       0
       0
       0
       0
       0
       0
       1
       0
       0
       0
       0
       0
       0
       0
       0
       2
       1
       0
       0
       0
       0
       0
       0
       0
       0
       0
       0
       0
       0
       0
       0
       0
       0
       0
       0
       0
       1
       0
       0
       0
       0
       0
       0
       0
       0
       0
       0
       0
       0
       0
       0
       0
       0
       0
       0
       0
       1
       0
       0
       0
       0
       0
       0
       0
       0
       1
       0
       0
       0
       0
       0
       0
       0
       0
       0
       1
       0
       0
       1
       1
       1
       0
       0
       0
       0
       0
       0
       0
       0
       0
       0
       0
       0
       0
       0
       0
       2
       0
       0
       0
       0
       0
       0
       0
       0
       0
       0
       0
       0
       0
       0
       1
       0
       0
       0
       0
       1
       0
       0
       0
       0
       0
       0
       0
       0
       0
       0
       0
       0
       0
       0
       0
       0
       0
       0
       0
       0
       0
       0
       0
       0
       0
       0
       0
       0
       1
       0
       0
       0
       0
       0
       0
       1
       0
       0
       0
       0
       0
       0
       0
       0
       0
       0
       0
       0
       0
       0
       0
       0
       0
       0
       0
       0
       0
       0
       0
       0
       0
       0
       0
       0
       0
       0
       0
       0
       0
       0
       0
       0
       0
       0
       0
       0
       0
       0
       0
       2
       0
       0
       0
       0
       0
       0
       0
       0
       0
       0
       0
       0
       0
       0
       0
       0
       0
       0
       0
       0
       0
       0
       0
       0
       0
       0
       0
       0
       0
       0
       0
       0
       0
       0
       0
       0
       0
       0
       0
       0
       0
       0
       0
       0
       0
       0
       0
       0
       0
       0
       0
       0
       0
       0
       0
       0
       0
       0
       0
       0
       0
       0
       0
       0
       0
       0
       0
       0
       0
       1
       0
       0
       0
       0
       0
       0
       0
       0
       0
       0
       0
       0
       0
       0
       0
       0
       0
       0
       0
       0
       0
       0
       0
       0
       0
       0
       0
       0
       0
       0
       0
       0
       0
       0
       0
       0
       0
       0
       0
       0
       0
       0
       0
       0
       0
       0
       0
       0
       0
       0
       1
       0
       0
       0
       0
       0
       0
       0
       0
       0
       0
       0
       0
       0
       0
       0
       0
       0
       0
       0
       0
       0
       0
       0
       0
       0
       0
       0
       0
       0
       0
       1
       0
       0
       0
       1
       0
       0
       0
       0
       0
       0
       0
       0
       1
       1
       0
       0
       0
       1
       0
       0
       0
       0
       0
       0
       1
       0
       0
       0
       0
       0
       0
       0
       0
       0
       0
       2
       0
       0
       0
       0
       0
       0
       1
       0
       0
       0
       0
       0
       1
       1
       0
       0
       0
       0
       0
       0
       0
       1
       0
       0
       0
       0
       0
       0
       0
       1
       0
       0
       0
       0
       0
       0
       0
       0
       1
       0
       0
       2
       0
       0
       0
       0
       0
       0
       0
       0
       0
       0
       0
       0
       0
       0
       0
       0
       0
       0
       0
       0
       0
       0
       0
       0
       0
       0
       0
       0
       0
       0
       0
       0
       0
       0
       0
       0
       0
       0
       0
       0
       0
       0
       0
       0
       0
       0
       0
       0
       0
       0
       0
       0
       0
       0
       0
       0
       0
       0
       0
       0
       0
       0
       0
       0
       0
       0
       0
       0
       0
       0
       0
       0
       0
       0
       0
       0
       0
       0
       0
       0
       0
       0
       0
       0
       0
       0
       0
       0
       0
       0
       0
       0
       0
       0
       0
       0
       0
       0
       0
       0
       0
       0
       0
       0
       0
       0
       0
       0
       0
       0
       0
       0
       0
       0
       0
       0
       0
       0
       0
       0
       0
       0
       0
       0
       0
       0
       0
       0
       0
       0
       0
       0
       0
       0
       0
       0
       0
       0
       0
       0
       0
       0
       0
       0
       0
       0
       0
       0
       0
       0
       0
       0
       0
       0
       0
       0
       0
       0
       0
       0
       0
       0
       0
       0
       0
       0
       0
       0
       0
       0
$ROI:
0
$PRESETS:
None
0
0
$ENER_FIT:
0.000000 0.000000
$MCA_CAL:
3
0.000000E+000 0.000000E+000 0.000000E+000 
$SHAPE_CAL:
3
0.000000E+000 0.000000E+000 0.000000E+000
