$SPEC_ID:
No sample description was entered.
$SPEC_REM:
DET# 1
DETDESC# SCE-SOPA-00035 MCB 133
AP# Maestro Version 7.01
$DATE_MEA:
11/14/2019 14:03:25
$MEAS_TIM:
3747 3748
$DATA:
0 4095
       0
       0
       0
       0
       0
       0
       1
       0
       0
       0
       0
       0
       0
       0
       0
       0
       0
       0
       0
       0
       0
       0
       0
       1
       2
       0
       6
       8
       7
      30
      91
      80
     104
     120
      84
      94
      99
      87
      90
      83
      75
     107
      93
      79
      99
      88
     112
     109
     122
      99
      89
      91
      83
      95
      81
     101
      76
      98
      84
      79
      73
      87
      91
      98
      90
     102
      88
      79
      77
      82
      99
      88
      99
     110
      86
      94
     100
     101
      96
     111
     102
      91
      81
     102
      95
      99
      86
     104
     105
      90
      94
     104
     111
     132
     131
      98
     102
     105
      97
      98
     129
      96
     109
     121
      96
     124
      97
     131
     109
     117
     108
     116
     117
     120
     113
     124
     102
     122
     129
     127
     126
     106
     105
     126
     129
     113
     127
     131
     106
     119
     130
     111
     138
     126
     108
     126
     124
     128
     112
     123
     135
     107
     140
     134
     118
     121
     131
     115
     117
     111
     129
     113
     151
     116
     110
     119
     104
     114
     101
     107
     128
     109
     118
     126
     120
     107
     135
     117
     105
     108
      99
     125
     119
     126
     103
     109
     114
     121
     118
     124
     107
     106
      97
     129
     124
     107
     119
     128
     134
     112
     108
     117
     116
     117
     114
     105
     102
     105
     121
     111
     116
     111
     108
     104
     111
     114
     125
      98
     149
     114
     125
     107
     130
     143
     159
     136
     136
     158
     119
     168
     136
     149
     148
     148
     109
     117
     135
     113
     149
     104
     130
     117
     112
     117
     106
     115
     113
     128
     126
     107
      98
      98
     107
     106
      93
     123
     103
      84
      86
     100
      71
      96
      96
     101
      93
      95
     109
      89
      92
      91
      89
      91
      98
     103
     100
      88
      75
      91
      82
      69
      82
      98
      75
      78
      83
      72
      87
      75
      76
      78
      65
      65
      71
      66
      66
      73
      59
      76
      78
      67
      72
      65
      64
      72
      63
      68
      62
      61
      67
      70
      62
      75
      70
      68
      67
      70
      74
      81
      68
      58
      79
      57
      65
      67
      59
      64
      58
      55
      62
      72
      46
      54
      61
      55
      41
      63
      67
      62
      67
      66
      55
      54
      64
      48
      60
      54
      70
      59
      57
      55
      64
      41
      54
      52
      58
      53
      55
      54
      54
      43
      50
      44
      49
      45
      48
      49
      48
      46
      50
      59
      43
      66
      58
      46
      56
      53
      49
      47
      51
      53
      56
      56
      41
      50
      39
      43
      50
      55
      47
      54
      59
      50
      46
      63
      51
      44
      41
      54
      60
      52
      46
      39
      37
      37
      42
      50
      44
      40
      48
      49
      45
      43
      45
      47
      54
      37
      47
      40
      51
      56
      47
      47
      56
      42
      50
      44
      43
      43
      38
      44
      39
      50
      51
      31
      45
      46
      37
      54
      41
      44
      51
      54
      43
      35
      37
      45
      34
      47
      38
      38
      40
      41
      39
      42
      42
      39
      35
      52
      35
      43
      49
      50
      34
      49
      51
      36
      44
      39
      43
      31
      47
      36
      53
      40
      51
      37
      52
      51
      47
      37
      31
      34
      54
      34
      45
      39
      41
      29
      45
      29
      40
      44
      35
      46
      45
      31
      35
      33
      35
      45
      43
      35
      37
      43
      43
      37
      35
      35
      46
      54
      41
      32
      40
      39
      42
      42
      34
      45
      53
      39
      37
      43
      62
      46
      66
      47
      44
      40
      36
      58
      27
      36
      43
      46
      31
      29
      34
      38
      42
      43
      36
      39
      43
      38
      43
      40
      34
      45
      32
      48
      30
      31
      38
      30
      38
      45
      44
      30
      36
      33
      39
      43
      30
      25
      37
      45
      39
      41
      37
      35
      37
      37
      28
      34
      30
      51
      35
      37
      30
      47
      33
      36
      32
      44
      40
      36
      32
      35
      38
      47
      48
      44
      32
      40
      39
      36
      31
      60
      44
      27
      53
      32
      37
      26
      38
      36
      43
      42
      30
      36
      36
      47
      27
      32
      34
      40
      33
      34
      29
      40
      31
      25
      32
      40
      48
      37
      36
      34
      44
      38
      25
      31
      39
      35
      30
      45
      39
      44
      46
      34
      38
      40
      49
      34
      44
      39
      30
      32
      35
      34
      35
      37
      44
      40
      39
      29
      47
      45
      30
      38
      41
      32
      36
      35
      32
      23
      43
      34
      47
      35
      42
      32
      40
      46
      29
      43
      29
      44
      37
      33
      23
      44
      43
      36
      38
      39
      44
      32
      37
      41
      32
      28
      44
      39
      50
      44
      43
      43
      44
      45
      39
      35
      48
      36
      27
      43
      36
      48
      45
      33
      40
      37
      44
      50
      27
      24
      38
      36
      37
      40
      31
      40
      39
      29
      36
      37
      34
      52
      39
      39
      46
      35
      38
      41
      32
      49
      25
      46
      40
      39
      33
      46
      35
      34
      31
      30
      28
      41
      34
      35
      42
      44
      37
      38
      38
      41
      32
      39
      32
      35
      46
      44
      36
      32
      27
      29
      31
      42
      41
      31
      44
      38
      35
      31
      41
      41
      41
      36
      33
      51
      34
      36
      42
      35
      35
      50
      34
      45
      49
      43
      39
      39
      34
      40
      33
      37
      38
      25
      44
      46
      44
      51
      38
      49
      40
      40
      46
      40
      44
      48
      45
      31
      38
      35
      41
      47
      48
      45
      46
      49
      50
      44
      43
      34
      41
      35
      43
      57
      29
      47
      45
      41
      40
      39
      49
      42
      48
      48
      51
      30
      52
      35
      45
      41
      43
      66
      35
      43
      36
      41
      37
      47
      44
      50
      40
      45
      61
      37
      37
      50
      49
      47
      40
      38
      46
      40
      44
      39
      33
      45
      51
      46
      43
      36
      44
      43
      55
      31
      46
      49
      49
      46
      57
      43
      50
      35
      43
      67
      44
      45
      36
      51
      46
      43
      54
      47
      55
      41
      47
      51
      46
      45
      44
      50
      47
      35
      47
      51
      55
      44
      49
      44
      51
      62
      45
      36
      39
      50
      43
      64
      47
      48
      53
      51
      50
      54
      52
      56
      54
      62
      62
      50
      45
      47
      44
      54
      54
      59
      43
      40
      57
      56
      42
      54
      46
      60
      41
      51
      61
      49
      46
      53
      57
      63
      62
      57
      56
      57
      66
      68
      54
      42
      50
      60
      59
      62
      54
      51
      57
      43
      63
      62
      61
      54
      58
      60
      64
      59
      51
      50
      48
      53
      42
      47
      52
      37
      52
      40
      45
      41
      42
      49
      56
      32
      32
      46
      51
      38
      43
      32
      50
      44
      51
      45
      45
      49
      37
      41
      39
      56
      26
      45
      39
      42
      34
      34
      53
      46
      41
      40
      42
      41
      39
      33
      32
      43
      35
      53
      38
      33
      31
      44
      42
      43
      38
      37
      45
      29
      37
      43
      38
      36
      38
      38
      34
      42
      40
      44
      28
      46
      33
      50
      36
      41
      41
      38
      37
      30
      32
      26
      46
      34
      40
      32
      33
      38
      21
      32
      32
      42
      35
      35
      42
      32
      41
      33
      38
      25
      38
      44
      33
      30
      31
      35
      36
      28
      44
      27
      32
      41
      41
      34
      48
      43
      32
      39
      24
      27
      37
      43
      19
      31
      38
      33
      33
      42
      40
      35
      37
      34
      38
      33
      34
      35
      28
      37
      36
      35
      42
      37
      38
      25
      46
      26
      39
      30
      37
      48
      39
      50
      43
      24
      41
      31
      36
      22
      25
      23
      24
      30
      20
      16
      18
      29
      25
      28
      28
      18
      23
      24
      24
      26
      35
      24
      27
      24
      22
      14
      18
      21
      18
      19
      27
      19
      19
      22
      22
      16
      28
      31
      20
      22
      22
      28
      23
      22
      18
      16
      24
      27
      24
      20
      22
      23
      33
      73
     236
     556
     904
     861
     499
     182
      46
      22
      20
      21
      11
      18
       9
      17
      15
      17
      16
      18
      13
      15
      12
      16
      11
       9
      12
      16
       8
      12
      12
       9
      16
       8
      11
      10
       5
      13
      12
       9
       6
      11
      12
       8
      13
      10
       5
       5
      16
       9
       5
       6
       5
       8
       8
       6
      13
       3
       5
       9
      13
       8
       5
       9
      10
       7
       5
       6
       7
       9
       5
      10
       3
       6
       5
       7
      10
       7
       4
       7
      10
       5
       6
       7
       5
       7
       4
       4
       2
       6
       7
       4
       7
       3
       5
       5
       5
       7
       3
       9
       5
       2
       5
       4
       4
       6
       4
       7
       7
       4
       5
       5
       9
       4
       6
       5
       4
       3
       5
       3
      12
       5
       1
       5
       8
       2
       3
       6
       6
       2
       6
       6
       4
       5
      11
       3
       5
       4
      10
       3
       3
       2
       6
       0
       5
       5
       6
       7
       4
       3
       4
       2
       3
       5
       6
       5
       5
       3
       7
       7
      29
      83
     250
     570
     790
     782
     412
     161
      45
      11
       1
       2
       1
       3
       2
       3
       2
       0
       1
       3
       4
       1
       1
       2
       1
       3
       1
       0
       0
       0
       0
       0
       1
       1
       1
       3
       2
       3
       1
       2
       4
       1
       1
       0
       1
       2
       4
       0
       1
       0
       1
       2
       0
       1
       1
       3
       2
       2
       0
       2
       0
       3
       0
       2
       2
       2
       2
       3
       1
       4
       1
       0
       0
       3
       2
       1
       3
       4
       3
       2
       3
       3
       2
       1
       2
       1
       0
       2
       2
       1
       1
       3
       0
       1
       1
       2
       1
       2
       1
       3
       0
       1
       0
       0
       3
       1
       0
       3
       2
       1
       0
       0
       1
       1
       1
       4
       0
       4
       0
       2
       2
       2
       4
       2
       2
       2
       0
       2
       3
       1
       1
       6
       5
       7
       9
       5
       2
       3
       2
       3
       0
       1
       0
       4
       0
       2
       3
       1
       2
       2
       4
       0
       0
       0
       2
       3
       0
       3
       2
       2
       5
       1
       2
       0
       1
       1
       0
       1
       0
       3
       0
       1
       1
       1
       1
       2
       2
       0
       1
       3
       3
       1
       3
       2
       0
       2
       0
       1
       2
       4
       1
       0
       0
       1
       0
       2
       1
       1
       2
       0
       2
       2
       1
       0
       0
       0
       2
       0
       2
       2
       0
       2
       1
       3
       1
       2
       1
       3
       0
       4
       1
       0
       1
       1
       1
       1
       1
       0
       0
       0
       2
       0
       1
       0
       0
       2
       1
       2
       1
       0
       0
       4
       0
       1
       3
       0
       1
       1
       1
       0
       0
       2
       2
       1
       0
       0
       1
       1
       2
       4
       2
       0
       1
       1
       1
       0
       3
       0
       0
       0
       0
       1
       0
       1
       0
       0
       0
       1
       1
       2
       0
       1
       1
       1
       3
       2
       1
       1
       0
       2
       2
       2
       1
       2
       1
       0
       0
       0
       0
       1
       2
       0
       1
       2
       0
       3
       1
       3
       1
       1
       0
       0
       1
       0
       1
       1
       0
       0
       1
       0
       0
       1
       1
       0
       1
       0
       0
       2
       0
       1
       4
       0
       0
       2
       0
       2
       3
       1
       0
       0
       0
       2
       0
       1
       0
       1
       0
       0
       0
       1
       2
       0
       0
       2
       1
       2
       0
       2
       0
       0
       1
       0
       1
       0
       1
       1
       2
       0
       1
       2
       0
       0
       1
       2
       0
       2
       2
       0
       0
       2
       2
       1
       2
       1
       3
       0
       1
       1
       3
       3
       1
       3
       1
       0
       1
       0
       0
       1
       2
       0
       1
       1
       0
       1
       1
       1
       0
       0
       0
       0
       0
       1
       1
       1
       1
       1
       1
       2
       1
       1
       1
       0
       2
       1
       3
       1
       2
       0
       1
       2
       3
       1
       0
       2
       1
       1
       1
       1
       0
       1
       1
       0
       1
       1
       0
       0
       0
       1
       1
       2
       0
       0
       1
       2
       1
       1
       1
       0
       1
       1
       1
       0
       1
       0
       0
       0
       2
       0
       3
       2
       1
       0
       0
       1
       1
       1
       1
       0
       0
       0
       1
       0
       2
       0
       2
       1
       0
       0
       1
       1
       0
       1
       1
       3
       0
       0
       1
       1
       1
       0
       2
       0
       1
       0
       0
       0
       0
       0
       1
       0
       2
       1
       1
       0
       0
       0
       0
       1
       0
       0
       0
       0
       0
       2
       0
       0
       0
       1
       0
       0
       1
       0
       1
       0
       0
       1
       1
       0
       1
       3
       1
       0
       0
       1
       1
       0
       0
       0
       1
       0
       0
       0
       0
       2
       0
       1
       0
       1
       0
       0
       2
       1
       2
       1
       1
       2
       0
       0
       0
       0
       1
       1
       0
       0
       0
       1
       0
       0
       3
       1
       1
       1
       0
       0
       0
       0
       1
       0
       0
       0
       2
       3
       0
       0
       1
       0
       2
       1
       0
       0
       1
       0
       0
       0
       0
       0
       1
       1
       0
       1
       0
       0
       0
       1
       1
       1
       1
       0
       0
       2
       0
       1
       2
       0
       0
       1
       1
       1
       0
       1
       0
       1
       1
       0
       1
       1
       0
       1
       0
       0
       1
       0
       1
       1
       2
       0
       1
       0
       0
       0
       0
       0
       0
       1
       0
       0
       1
       0
       0
       1
       0
       1
       2
       0
       0
       1
       3
       2
       2
       1
       1
       0
       1
       0
       0
       0
       0
       0
       0
       0
       0
       0
       0
       0
       1
       1
       0
       0
       0
       2
       0
       1
       0
       0
       0
       0
       0
       1
       0
       0
       0
       0
       0
       1
       0
       1
       0
       0
       0
       0
       1
       1
       0
       0
       0
       0
       1
       0
       1
       0
       1
       0
       0
       0
       0
       1
       0
       0
       1
       0
       1
       1
       1
       0
       0
       0
       1
       0
       1
       0
       1
       0
       1
       1
       0
       1
       0
       0
       1
       2
       0
       0
       0
       0
       0
       0
       0
       0
       0
       1
       1
       0
       3
       0
       1
       0
       0
       1
       1
       1
       1
       2
       1
       0
       1
       0
       1
       1
       1
       2
       0
       2
       1
       0
       2
       0
       1
       0
       1
       0
       0
       1
       0
       0
       0
       1
       0
       1
       0
       0
       1
       0
       1
       0
       0
       2
       0
       1
       2
       0
       0
       1
       0
       1
       1
       2
       0
       0
       0
       1
       0
       1
       2
       1
       0
       1
       1
       1
       0
       1
       1
       0
       0
       1
       0
       0
       0
       0
       0
       0
       0
       0
       1
       0
       0
       0
       1
       0
       1
       2
       1
       0
       0
       1
       0
       2
       0
       1
       0
       0
       0
       1
       2
       2
       1
       0
       1
       0
       0
       1
       0
       0
       0
       1
       0
       0
       1
       0
       1
       0
       0
       0
       1
       2
       1
       0
       0
       0
       1
       0
       0
       1
       0
       0
       0
       1
       2
       0
       0
       0
       0
       1
       1
       0
       0
       0
       1
       1
       0
       0
       0
       1
       1
       0
       1
       0
       0
       0
       0
       2
       0
       0
       0
       1
       0
       1
       0
       1
       0
       0
       0
       0
       0
       0
       1
       1
       0
       1
       1
       1
       0
       0
       0
       0
       0
       0
       1
       2
       1
       0
       1
       0
       1
       0
       0
       0
       0
       0
       0
       2
       0
       0
       0
       0
       0
       0
       0
       0
       0
       0
       0
       0
       1
       0
       0
       0
       1
       0
       1
       2
       0
       0
       2
       0
       0
       0
       0
       0
       2
       2
       3
       1
       0
       0
       0
       1
       1
       0
       0
       0
       0
       0
       0
       0
       0
       1
       0
       0
       0
       0
       1
       1
       0
       0
       1
       0
       1
       0
       0
       0
       0
       1
       0
       0
       0
       1
       1
       0
       0
       0
       0
       1
       0
       0
       0
       2
       0
       0
       0
       0
       0
       1
       0
       1
       0
       0
       0
       0
       0
       0
       0
       0
       0
       0
       0
       0
       0
       1
       0
       0
       0
       0
       0
       1
       1
       0
       0
       0
       0
       0
       0
       1
       0
       1
       0
       0
       1
       0
       1
       0
       0
       0
       1
       0
       0
       2
       2
       0
       0
       0
       0
       0
       0
       0
       0
       1
       1
       0
       0
       0
       0
       0
       0
       0
       0
       0
       0
       0
       0
       0
       0
       1
       0
       0
       0
       0
       0
       0
       0
       0
       0
       0
       0
       0
       3
       2
       0
       0
       0
       0
       1
       1
       0
       1
       0
       0
       1
       0
       0
       0
       0
       2
       0
       0
       0
       1
       1
       0
       0
       0
       1
       1
       0
       0
       0
       1
       0
       0
       0
       0
       0
       0
       0
       0
       0
       0
       0
       0
       0
       0
       0
       1
       1
       0
       1
       1
       0
       1
       0
       2
       4
       2
       0
       1
       0
       1
       0
       0
       0
       0
       0
       0
       0
       0
       0
       0
       0
       1
       0
       0
       0
       0
       0
       0
       1
       0
       0
       0
       0
       0
       0
       0
       0
       0
       0
       0
       0
       0
       0
       0
       0
       0
       0
       0
       0
       0
       2
       0
       0
       1
       0
       0
       1
       0
       0
       0
       0
       0
       0
       0
       0
       0
       0
       0
       1
       0
       0
       0
       0
       0
       1
       0
       0
       0
       0
       0
       0
       0
       0
       0
       0
       0
       0
       0
       0
       0
       0
       0
       0
       0
       0
       0
       1
       1
       0
       0
       0
       1
       0
       0
       0
       0
       0
       0
       0
       0
       1
       1
       1
       0
       1
       3
       3
       2
       1
       0
       1
       0
       0
       0
       0
       0
       0
       0
       0
       0
       0
       0
       0
       0
       0
       1
       0
       0
       0
       0
       0
       0
       0
       0
       0
       0
       0
       0
       1
       1
       0
       0
       0
       0
       0
       0
       2
       0
       0
       2
       1
       1
       0
       0
       0
       1
       0
       1
       1
       0
       0
       0
       0
       0
       0
       1
       0
       0
       0
       0
       0
       0
       0
       1
       0
       0
       0
       0
       0
       0
       0
       0
       0
       0
       0
       0
       0
       0
       0
       0
       0
       0
       0
       0
       0
       1
       0
       0
       0
       0
       1
       0
       0
       0
       0
       0
       0
       0
       0
       0
       0
       0
       0
       1
       1
       1
       0
       0
       0
       0
       0
       0
       1
       0
       0
       0
       0
       0
       0
       0
       1
       0
       0
       0
       0
       0
       0
       0
       0
       1
       0
       0
       0
       0
       0
       0
       0
       1
       0
       0
       0
       0
       0
       0
       0
       0
       0
       1
       0
       0
       0
       0
       0
       0
       0
       0
       0
       0
       0
       1
       0
       0
       0
       0
       0
       0
       0
       0
       0
       0
       1
       1
       0
       0
       0
       0
       0
       0
       0
       0
       1
       0
       1
       0
       1
       0
       1
       0
       0
       0
       1
       0
       0
       0
       0
       0
       0
       0
       0
       0
       0
       0
       0
       0
       0
       0
       0
       0
       0
       0
       0
       0
       0
       0
       0
       0
       0
       1
       0
       0
       0
       0
       0
       0
       0
       0
       0
       0
       0
       0
       0
       0
       0
       1
       0
       0
       0
       0
       0
       0
       0
       0
       1
       0
       1
       0
       1
       0
       0
       1
       0
       0
       0
       0
       0
       0
       0
       1
       0
       0
       0
       0
       1
       0
       0
       0
       0
       1
       0
       0
       0
       0
       0
       0
       0
       0
       0
       0
       0
       0
       0
       0
       0
       0
       1
       0
       0
       2
       0
       0
       0
       0
       0
       0
       0
       0
       0
       0
       0
       0
       0
       0
       0
       0
       0
       0
       0
       0
       0
       0
       0
       0
       0
       0
       0
       1
       0
       0
       0
       0
       0
       0
       0
       0
       0
       0
       0
       1
       0
       0
       0
       0
       0
       1
       0
       1
       0
       0
       1
       0
       0
       0
       0
       0
       0
       0
       0
       0
       1
       0
       0
       0
       0
       0
       0
       0
       0
       1
       0
       1
       0
       0
       0
       0
       0
       0
       0
       0
       0
       0
       0
       0
       0
       1
       0
       0
       0
       0
       0
       0
       1
       0
       0
       0
       0
       0
       1
       1
       0
       0
       0
       0
       0
       0
       0
       0
       1
       0
       0
       0
       0
       1
       0
       1
       0
       0
       0
       1
       0
       2
       0
       0
       0
       0
       0
       1
       0
       0
       0
       0
       0
       0
       0
       0
       0
       0
       0
       0
       0
       1
       0
       0
       0
       0
       1
       0
       0
       0
       0
       0
       0
       0
       0
       0
       0
       1
       0
       1
       0
       1
       0
       1
       0
       0
       0
       0
       0
       1
       0
       0
       0
       0
       0
       0
       1
       0
       1
       1
       0
       0
       0
       0
       0
       0
       0
       0
       0
       1
       0
       0
       0
       0
       0
       0
       0
       0
       0
       0
       0
       0
       0
       0
       0
       1
       0
       0
       0
       0
       0
       0
       0
       0
       0
       0
       0
       1
       0
       0
       0
       1
       0
       1
       0
       0
       1
       0
       1
       0
       0
       0
       0
       0
       0
       0
       0
       0
       0
       0
       0
       0
       0
       0
       1
       0
       0
       0
       0
       0
       0
       0
       0
       0
       0
       0
       0
       0
       0
       1
       0
       0
       0
       0
       0
       0
       0
       0
       0
       0
       0
       1
       0
       0
       0
       0
       0
       0
       0
       0
       0
       0
       0
       0
       1
       0
       0
       0
       0
       0
       0
       0
       0
       0
       0
       0
       0
       0
       0
       0
       0
       0
       0
       0
       0
       0
       0
       0
       0
       0
       0
       0
       0
       0
       0
       0
       0
       0
       0
       0
       0
       0
       0
       1
       0
       0
       0
       1
       0
       0
       0
       0
       1
       0
       0
       0
       0
       0
       0
       0
       0
       0
       0
       1
       0
       0
       0
       0
       0
       0
       0
       1
       0
       0
       1
       0
       0
       0
       0
       0
       0
       1
       0
       0
       0
       0
       0
       0
       0
       0
       0
       0
       0
       0
       0
       0
       0
       0
       0
       0
       0
       0
       0
       0
       0
       1
       0
       0
       0
       0
       0
       0
       0
       0
       0
       0
       1
       0
       0
       0
       0
       1
       0
       1
       0
       0
       1
       0
       1
       0
       0
       0
       0
       0
       1
       0
       0
       0
       0
       0
       0
       1
       0
       0
       0
       0
       0
       0
       0
       0
       0
       1
       0
       0
       0
       0
       0
       0
       0
       0
       0
       0
       0
       1
       0
       0
       0
       0
       0
       0
       0
       0
       0
       0
       0
       0
       0
       1
       0
       0
       0
       0
       0
       0
       0
       0
       0
       0
       1
       1
       0
       0
       1
       0
       0
       0
       0
       0
       1
       0
       0
       0
       0
       0
       0
       0
       0
       0
       1
       1
       0
       0
       0
       0
       0
       0
       1
       0
       1
       0
       0
       0
       0
       0
       0
       1
       0
       1
       0
       0
       0
       0
       0
       0
       0
       0
       0
       0
       0
       0
       0
       0
       0
       0
       0
       1
       0
       0
       1
       0
       0
       0
       0
       1
       0
       0
       0
       0
       0
       0
       0
       0
       0
       0
       0
       0
       0
       1
       0
       0
       0
       0
       0
       1
       0
       0
       1
       0
       0
       0
       0
       1
       0
       0
       0
       0
       0
       0
       0
       0
       0
       0
       0
       1
       0
       1
       0
       0
       0
       0
       0
       0
       0
       0
       0
       0
       0
       0
       0
       0
       0
       0
       0
       0
       0
       0
       0
       0
       0
       0
       0
       0
       0
       0
       0
       0
       0
       0
       1
       0
       0
       0
       0
       0
       0
       0
       0
       0
       0
       1
       0
       0
       0
       0
       0
       0
       0
       0
       0
       0
       0
       0
       0
       0
       0
       0
       0
       0
       0
       0
       0
       0
       0
       1
       0
       0
       1
       0
       0
       0
       0
       0
       0
       0
       0
       2
       0
       0
       0
       0
       0
       0
       0
       0
       0
       0
       0
       0
       0
       0
       0
       1
       0
       0
       0
       0
       0
       0
       0
       0
       0
       0
       0
       0
       0
       0
       0
       0
       0
       0
       0
       0
       0
       0
       0
       0
       0
       0
       0
       0
       0
       0
       0
       0
       0
       0
       0
       0
       0
       0
       0
       1
       0
       0
       0
       0
       0
       0
       1
       0
       0
       0
       0
       0
       0
       0
       0
       0
       0
       0
       0
       0
       0
       0
       1
       0
       0
       0
       0
       0
       0
       0
       0
       0
       0
       0
       0
       1
       0
       0
       0
       0
       0
       0
       0
       0
       0
       0
       0
       0
       0
       0
       1
       0
       0
       0
       0
       0
       0
       0
       0
       0
       0
       0
       0
       0
       0
       0
       0
       0
       0
       0
       0
       1
       0
       0
       0
       0
       0
       0
       0
       2
       0
       0
       0
       0
       0
       0
       0
       1
       0
       0
       0
       0
       0
       0
       0
       0
       1
       0
       0
       0
       0
       0
       0
       0
       0
       0
       0
       0
       1
       0
       0
       0
       0
       1
       0
       0
       0
       0
       0
       0
       0
       0
       0
       0
       0
       0
       0
       0
       0
       1
       1
       0
       0
       0
       0
       0
       0
       0
       0
       0
       0
       0
       0
       0
       0
       0
       0
       1
       0
       0
       0
       0
       0
       0
       0
       0
       0
       0
       0
       0
       0
       0
       0
       0
       0
       0
       0
       0
       0
       0
       0
       0
       0
       0
       0
       0
       0
       0
       0
       0
       0
       0
       0
       0
       0
       0
       0
       0
       1
       0
       0
       0
       0
       0
       0
       0
       0
       0
       0
       0
       0
       1
       1
       0
       0
       0
       0
       0
       1
       0
       0
       0
       0
       1
       0
       0
       0
       0
       0
       0
       0
       0
       0
       0
       0
       1
       0
       0
       1
       1
       0
       0
       0
       0
       0
       0
       0
       0
       0
       0
       0
       0
       0
       0
       0
       0
       0
       0
       0
       0
       0
       0
       0
       0
       0
       1
       0
       0
       0
       0
       0
       0
       0
       0
       0
       0
       0
       0
       0
       0
       2
       0
       0
       0
       0
       0
       0
       0
       0
       0
       0
       0
       0
       0
       0
       0
       0
       0
       0
       0
       0
       0
       0
       0
       0
       0
       0
       1
       0
       0
       0
       0
       1
       0
       0
       0
       1
       0
       0
       0
       0
       0
       0
       0
       0
       0
       0
       0
       0
       0
       0
       0
       0
       0
       0
       0
       0
       0
       0
       0
       0
       0
       0
       0
       0
       0
       0
       0
       0
       0
       0
       0
       0
       0
       0
       0
       0
       0
       0
       0
       0
       0
       0
       0
       0
       0
       0
       0
       0
       0
       0
       0
       0
       0
       0
       0
       0
       0
       0
       0
       0
       0
       0
       0
       0
       0
       0
       0
       0
       0
       0
       0
       0
       0
       0
       0
       0
       0
       0
       0
       0
       0
       0
       0
       0
       0
       0
       0
       0
       0
       0
       0
       0
       0
       0
       0
       0
       0
       0
       0
       0
       0
       0
       0
       0
       0
       0
       0
       0
       0
       0
       0
       0
       0
       0
       0
       0
       0
       0
       0
       0
       0
       0
       0
       0
       0
       0
       0
       0
       0
       0
       0
       0
       0
       0
       0
       0
       0
       0
       0
       0
       0
       0
       0
       0
       0
       0
       0
       0
       0
       0
       0
       0
       0
       0
       0
$ROI:
0
$PRESETS:
None
0
0
$ENER_FIT:
0.000000 0.000000
$MCA_CAL:
3
0.000000E+000 0.000000E+000 0.000000E+000 
$SHAPE_CAL:
3
0.000000E+000 0.000000E+000 0.000000E+000
