$SPEC_ID:
No sample description was entered.
$SPEC_REM:
DET# 1
DETDESC# SCE-SOPA-00035 MCB 133
AP# Maestro Version 7.01
$DATE_MEA:
10/30/2019 15:50:53
$MEAS_TIM:
69540 69554
$DATA:
0 4095
       0
       0
       0
       0
       0
       0
       0
       0
       0
       0
       0
       0
       0
       0
       0
       0
       0
       0
       0
       0
       1
       0
       2
       0
       2
       2
      59
     178
      76
     258
    1461
    1542
    1508
    1566
    1462
    1600
    1493
    1578
    1531
    1533
    1548
    1501
    1582
    1564
    1650
    1721
    1941
    2047
    2041
    1892
    1973
    2094
    2278
    2527
    3206
    3633
    4182
    4864
    5192
    5091
    5090
    5332
    5635
    6095
    6193
    7405
   21092
   75919
  148322
  133653
   54610
   12274
    4241
    3620
    3682
    4140
    8521
   39947
  118667
  162006
  100031
   27954
    4947
    2077
    1821
    1832
    1736
    1647
    1673
    1584
    1576
    1606
    1881
    2017
    1823
    1636
    1487
    1424
    1527
    1424
    1414
    1405
    1349
    1408
    1411
    1410
    1418
    1420
    1422
    1456
    1507
    1462
    1409
    1495
    1474
    1533
    1401
    1498
    1518
    1556
    1520
    1544
    1597
    1611
    1643
    1676
    1733
    1763
    1816
    1985
    2036
    2151
    2246
    2332
    2527
    2628
    2620
    2825
    2869
    2925
    3144
    3361
    4053
    5047
    7014
   12290
   20589
   22871
   14302
    5039
    1941
    1488
    1535
    1475
    1453
    1424
    1444
    1571
    1455
    1466
    1518
    1485
    1488
    1489
    1463
    1525
    1532
    1495
    1613
    1631
    1773
    1664
    1706
    1753
    1746
    1775
    1748
    1759
    1752
    1689
    1722
    1764
    1682
    1686
    1706
    1700
    1852
    1790
    1815
    1638
    1567
    1666
    1588
    1623
    1576
    1610
    1619
    1537
    1543
    1623
    1581
    1543
    1576
    1603
    1685
    1560
    1565
    1580
    1553
    1614
    1599
    1692
    1552
    1655
    1597
    1555
    1632
    1560
    1539
    1537
    1529
    1511
    1565
    1484
    1440
    1574
    1481
    1514
    1504
    1468
    1469
    1440
    1465
    1431
    1440
    1441
    1373
    1456
    1450
    1464
    1564
    1493
    1442
    1433
    1397
    1445
    1455
    1423
    1433
    1310
    1376
    1329
    1430
    1368
    1413
    1401
    1393
    1353
    1331
    1401
    1349
    1440
    1363
    1338
    1379
    1387
    1412
    1395
    1394
    1414
    1435
    1365
    1393
    1390
    1338
    1443
    1373
    1358
    1388
    1413
    1375
    1365
    1391
    1362
    1435
    1366
    1399
    1407
    1366
    1397
    1430
    1394
    1364
    1378
    1413
    1455
    1364
    1454
    1467
    1427
    1372
    1448
    1470
    1431
    1364
    1463
    1518
    1500
    1498
    1440
    1541
    1504
    1559
    1525
    1537
    1495
    1524
    1579
    1577
    1662
    1622
    1627
    1621
    1649
    1635
    1569
    1679
    1655
    1676
    1668
    1709
    1680
    1671
    1570
    1691
    1649
    1604
    1684
    1592
    1555
    1581
    1457
    1466
    1403
    1308
    1234
    1206
    1227
    1067
    1054
    1070
    1105
    1041
    1086
    1037
    1056
     952
     942
     934
     982
     904
     912
     889
     884
     908
     897
     908
     864
     864
     857
     797
     851
     839
     835
     809
     822
     799
     785
     730
     774
     802
     775
     749
     772
     747
     762
     727
     672
     726
     679
     717
     710
     684
     672
     690
     628
     669
     644
     626
     663
     675
     586
     630
     567
     592
     575
     559
     562
     521
     542
     523
     539
     585
     537
     498
     546
     526
     538
     492
     522
     492
     483
     462
     457
     501
     533
     501
     483
     485
     487
     504
     497
     503
     477
     502
     516
     482
     537
     472
     460
     470
     474
     442
     434
     456
     488
     456
     481
     458
     461
     458
     498
     473
     488
     460
     453
     459
     446
     469
     472
     467
     427
     415
     471
     497
     457
     461
     477
     432
     460
     497
     452
     451
     457
     422
     410
     443
     493
     423
     429
     447
     464
     440
     482
     428
     426
     434
     431
     412
     430
     435
     482
     444
     449
     453
     428
     427
     487
     475
     450
     422
     468
     494
     474
     497
     444
     480
     534
     759
    1555
    4502
   12041
   24678
   33967
   30964
   19282
    8115
    2683
     916
     526
     429
     369
     383
     378
     382
     381
     380
     357
     360
     331
     363
     369
     329
     355
     349
     333
     347
     344
     318
     339
     291
     329
     316
     339
     333
     330
     358
     304
     332
     306
     332
     311
     315
     306
     324
     326
     317
     361
     344
     358
     329
     325
     319
     347
     331
     308
     343
     333
     343
     311
     345
     321
     327
     337
     311
     294
     299
     290
     311
     303
     330
     311
     313
     314
     348
     345
     358
     317
     286
     280
     310
     330
     320
     329
     310
     321
     300
     316
     302
     315
     292
     313
     305
     305
     290
     317
     307
     300
     324
     312
     331
     337
     363
     329
     344
     312
     311
     292
     283
     289
     312
     303
     338
     305
     281
     318
     318
     317
     326
     323
     279
     296
     324
     282
     296
     284
     271
     311
     319
     300
     326
     297
     295
     296
     307
     307
     294
     353
     355
     305
     312
     300
     315
     295
     318
     346
     310
     309
     298
     309
     296
     299
     281
     311
     319
     307
     306
     293
     319
     304
     303
     334
     313
     271
     292
     308
     301
     289
     301
     312
     310
     320
     323
     335
     341
     322
     334
     345
     305
     307
     321
     328
     316
     324
     325
     352
     337
     332
     312
     324
     320
     321
     336
     354
     323
     300
     314
     293
     331
     302
     316
     320
     318
     260
     282
     314
     298
     286
     302
     318
     328
     306
     303
     342
     300
     296
     310
     309
     311
     318
     305
     285
     352
     302
     303
     329
     312
     313
     328
     337
     313
     340
     324
     323
     310
     298
     329
     330
     308
     361
     329
     318
     323
     302
     313
     305
     325
     299
     325
     352
     298
     324
     336
     332
     306
     312
     326
     323
     343
     322
     341
     337
     315
     313
     327
     357
     318
     312
     329
     336
     284
     334
     293
     334
     340
     313
     335
     332
     374
     340
     335
     315
     333
     328
     340
     363
     312
     347
     321
     339
     318
     341
     358
     330
     340
     365
     350
     334
     331
     359
     327
     348
     353
     317
     368
     353
     354
     343
     342
     361
     325
     320
     355
     348
     359
     323
     342
     361
     336
     345
     379
     357
     342
     362
     362
     365
     354
     353
     350
     363
     356
     368
     360
     368
     359
     348
     357
     375
     382
     395
     368
     384
     375
     378
     356
     390
     420
     394
     393
     384
     364
     424
     339
     396
     366
     375
     372
     396
     384
     362
     366
     393
     382
     370
     373
     383
     415
     357
     403
     410
     420
     401
     406
     479
     437
     444
     451
     452
     409
     405
     428
     392
     413
     435
     441
     420
     446
     440
     446
     426
     463
     453
     430
     427
     463
     451
     466
     417
     409
     445
     405
     465
     464
     472
     458
     464
     482
     491
     455
     463
     484
     464
     474
     480
     487
     520
     502
     528
     477
     483
     536
     493
     521
     496
     500
     578
     510
     532
     557
     511
     563
     529
     533
     560
     543
     549
     521
     490
     467
     502
     496
     437
     435
     407
     429
     390
     376
     323
     341
     362
     353
     368
     312
     338
     354
     345
     346
     314
     328
     328
     330
     303
     311
     357
     301
     348
     311
     287
     284
     311
     320
     279
     290
     333
     267
     272
     305
     289
     272
     287
     282
     275
     280
     284
     290
     281
     267
     262
     264
     269
     227
     236
     250
     252
     264
     277
     259
     243
     235
     254
     251
     258
     248
     260
     236
     233
     229
     234
     252
     246
     239
     208
     245
     235
     225
     213
     211
     216
     232
     200
     212
     211
     182
     185
     205
     176
     200
     190
     168
     165
     181
     182
     190
     179
     164
     163
     159
     179
     158
     153
     162
     168
     168
     134
     148
     148
     152
     134
     122
     141
     126
     149
     123
     126
     130
     147
     141
     132
     116
     147
     112
     112
     108
     123
     122
     124
     120
     106
     121
     117
     127
     124
     116
     136
     100
     140
     119
     100
     108
     125
      97
     104
     130
     108
     112
     116
     112
     149
     113
     126
      97
     109
     114
     123
     104
     117
     128
     126
     126
     121
     110
     116
     130
     113
     105
     128
     132
     130
      81
     127
     106
     124
     112
     121
     116
     126
     113
     116
     114
     110
      97
     107
     120
     130
     100
     119
      88
     107
      89
     127
      92
     116
     100
     115
     118
      96
      99
     132
     118
     112
     136
     120
     101
     121
     136
     114
     142
     335
    1090
    3454
    7781
   11523
   10713
    6051
    2130
     498
     148
      99
      93
      90
      97
     104
     102
      87
      84
      83
      79
      84
      88
      89
      73
      95
      88
      75
     104
      83
      92
      94
      94
      83
      97
      87
      83
     103
      84
      83
      73
      74
      93
      82
      79
      79
      80
      61
      91
      83
      68
      70
      92
      71
      64
      86
      70
      69
     106
      70
      68
      80
      61
      72
      81
      77
      89
      93
      85
      69
      74
      77
      76
      77
      68
      82
      91
      87
      89
      59
      81
      78
      66
      65
      75
      69
      84
      84
      80
      82
      90
      82
      76
      80
      71
      91
      84
      72
      62
      84
      72
      76
      80
      66
      59
      69
      78
      62
      64
      79
      84
      69
      68
      67
      70
      68
      63
      65
      76
      75
      63
      76
      65
      57
      82
      75
      69
      78
      70
      84
      87
      71
      72
      63
      70
      63
      70
      80
      81
      72
      52
      69
      64
      60
      68
      68
      65
      62
      53
      69
      62
      77
      64
      68
      66
      68
      66
      71
      67
      57
      51
      46
      64
      59
      80
      61
      55
      60
      60
      68
      49
      71
      75
      65
      72
      65
      90
      65
      75
      75
      79
      66
      84
      66
      68
      57
      56
      90
      64
      63
      64
      60
      67
      71
      53
      72
      52
      69
      53
      68
      67
      69
      53
      52
      57
      70
      55
      61
      57
      57
      51
      61
      52
      67
      58
      68
      66
      54
      33
      56
      59
      63
      64
      63
      59
      55
      63
      62
      55
      57
      56
      36
      71
      49
      67
      52
      67
      53
      54
      49
      62
      56
      64
      66
      48
      37
      49
      56
      47
      52
      52
      50
      52
      60
      68
      45
      61
      69
      60
      54
      52
      62
      40
      61
      51
      38
      58
      60
      67
      54
      56
      54
      52
      50
      53
      60
      51
      72
      66
      55
      52
      51
      61
      70
      57
      56
      61
      60
      61
      71
      70
      57
      50
      64
      47
      60
      52
      66
      57
      70
      53
      58
      61
      65
      61
      57
      71
      79
      74
     122
     128
     131
      84
      60
      51
      55
      63
      34
      47
      34
      47
      61
      46
      63
      44
      38
      52
      62
      52
      48
      34
      47
      42
      58
      45
      51
      59
      38
      46
      50
      48
      52
      58
      52
      55
      40
      61
      81
     127
     113
     126
      83
      50
      43
      31
      29
      36
      34
      39
      28
      39
      32
      34
      44
      28
      29
      37
      28
      33
      33
      26
      24
      28
      25
      26
      37
      37
      26
      35
      38
      25
      27
      26
      34
      24
      26
      35
      20
      30
      26
      21
      16
      27
      28
      24
      20
      19
      25
      20
      28
      20
      19
      27
      21
      19
      16
      13
      22
      18
      23
      20
      16
      16
      18
      17
      26
      14
      18
      21
      17
      24
      18
      20
      21
      16
      15
      25
      17
      22
      15
      23
      15
      17
      19
      14
      27
      19
      25
      17
      17
      23
      24
      23
      18
      26
      17
      17
      15
      18
      11
      18
      23
      16
      13
      17
      19
      12
      13
      16
      19
      21
      15
      19
      14
      14
      18
      15
      12
      20
      18
      21
      21
      14
      13
      16
      22
      17
      15
      14
      13
      20
      18
      18
       8
      13
      12
      12
       8
      11
      16
      22
      13
      21
      15
      11
      19
      14
      14
      11
      12
       8
      12
      16
      11
      14
      13
      15
      11
      15
      16
      20
      18
      25
      49
     102
     173
     329
     450
     461
     391
     243
     100
      36
      22
      13
      12
      16
      11
      13
       7
      13
      17
      16
       6
      11
      16
      16
      11
      12
      15
      10
       7
      13
      15
       8
       7
      14
      11
      13
       8
       8
      10
       8
      15
       8
       8
      13
      12
      12
       6
      10
      10
      13
       9
      13
      18
      16
      15
      14
       9
      14
      12
      11
       8
       4
      10
      11
      14
      12
       7
      11
      11
       8
       9
       6
       9
      13
      16
       8
      14
      11
       9
       8
      13
      12
      11
       9
      10
       8
       7
      11
       8
       9
       8
      10
       7
      11
       9
       9
      17
      15
       5
      11
      15
      25
      10
      18
      10
       6
       5
      13
       9
      14
      10
      12
       8
       5
       3
       6
       8
       6
      13
       6
      12
      10
       8
       7
      10
       5
       3
       9
      14
      12
       6
       8
       4
      14
       9
      12
       6
      13
      10
       6
       8
      13
       6
       6
      14
      10
       6
       8
       6
      11
       8
      15
       7
       7
       9
      10
      11
      12
       9
       8
      10
       4
       7
       9
       8
       9
      13
      14
       8
       7
       7
      12
       8
       6
      11
      10
      11
       9
      12
       8
      11
       7
       6
       7
       8
       8
      12
       6
      12
       7
       9
      11
      12
       6
       4
      11
      11
      14
       6
       6
      17
       4
       9
       8
       7
      16
      12
       3
      10
       8
      12
      14
       6
       7
       6
      10
      17
       7
       9
      10
       9
      10
       8
       4
      13
      10
       6
      13
       8
       9
       7
      10
       6
       6
      11
      13
       5
      12
       8
      10
       7
       9
       7
       7
      10
       7
       9
      11
       9
       7
       5
       9
       6
       5
      11
       7
       5
       8
       9
      13
       7
       9
       5
       7
       8
       6
      10
       8
      10
      11
      10
       5
       4
       9
       7
       9
      10
       7
       6
      10
      10
       5
       3
       8
      12
       4
      10
       7
       8
       6
       9
      11
       7
       7
       5
       5
      12
       9
       5
      10
       4
       5
       9
       9
      10
      11
      11
       6
      12
       7
      12
       9
       6
       8
       7
      10
       5
      12
       9
       6
       4
       7
       7
       6
      11
       8
       6
      11
       6
       3
       5
       4
       4
       7
       5
       4
       6
       3
      13
       5
       8
       7
       4
       5
       4
       6
       4
       5
       7
       3
       2
      14
       6
       7
       3
      11
       4
       6
       9
       5
      11
       3
       8
       4
       3
      10
       3
       5
       3
       5
       2
       4
       5
       6
       6
       7
       5
       9
      10
       6
       3
       5
       6
       8
       5
       2
       5
       4
       7
      12
       5
       2
       7
      11
       4
       2
       7
       4
       5
       7
       7
       7
       5
       2
       6
       9
       4
      13
       4
       6
       7
       6
       6
       6
       2
       5
       6
       7
       6
       3
       7
       5
       5
       8
       8
       6
       6
       9
       5
      10
       7
       3
       5
       2
       5
       8
       9
      10
       6
      12
      12
      16
      17
      15
       7
      12
       3
       6
       8
       3
       8
       6
       6
       9
       9
       6
      15
       7
       4
       5
       7
       9
       7
       8
       4
       6
       7
       5
       4
       4
       4
       6
       5
       4
       3
       3
       1
      11
       9
       3
      10
       2
       9
       9
      11
       6
      10
       4
       1
       5
       4
      10
       4
       4
       5
       3
       6
       7
       6
       8
       7
       7
       6
       6
       5
       3
       4
       2
       3
       6
       8
       6
       6
      11
       8
       5
       4
       8
       5
       8
       7
       3
      10
       2
       7
       4
       2
       3
       5
       8
       3
       7
       5
       4
       8
       6
       6
       5
      11
       4
       6
       4
       5
       6
      11
       6
       7
       3
       8
       5
       2
       9
       6
       5
       9
       6
       5
       8
       3
       8
       7
       5
       3
       6
       5
       4
       7
       4
       5
       9
       3
       4
       7
       4
       3
       2
       6
       3
       2
       5
       6
       4
       4
       5
       7
       3
       6
       4
       5
       7
       5
       7
       7
       5
       3
       6
       5
       3
       4
       4
       5
       3
       3
       2
      10
       6
       4
       8
       7
       3
       4
       4
       3
       0
       3
       7
       4
       2
       7
       9
       3
       5
       2
       6
       9
       5
       4
       3
       6
       7
       9
       4
       8
       5
       6
       7
       6
       3
       8
       8
       9
       5
       3
       8
       3
       3
       3
       2
       6
       6
       7
       4
       7
       5
       5
       2
       2
      10
       2
       4
       5
       6
       7
       2
      11
       5
       2
       8
       5
       6
       1
       8
       5
       5
       4
       7
       4
       7
       5
       1
       2
       6
       8
       5
      11
       6
       4
       4
       3
       5
       3
       6
       6
       6
       2
       5
       3
       4
       7
       6
       4
       2
       4
       9
       9
       5
      10
       7
      11
      10
       4
       6
       4
       4
       4
       3
       7
       6
       2
       5
       5
       2
       4
       4
       9
       4
       6
       6
       7
       8
       6
       1
       6
       7
       6
       5
       1
       4
       1
       1
      10
       6
       3
       2
       4
       9
       4
       3
       1
       2
       3
       2
       3
       5
       1
       1
       4
       4
       5
       5
       4
       7
       7
       3
       5
       3
       2
       3
       5
       6
       3
       5
       1
       3
       7
       7
      11
       5
       6
       3
       4
       7
       4
       5
       3
       3
       3
      11
       5
       1
       4
       6
       1
       3
       7
       3
       1
       4
       3
       1
       2
       2
       4
       2
       6
       7
       7
       2
       2
       3
       6
       5
       5
       2
       4
       6
       2
       3
       3
       6
       2
       6
       6
       2
       7
       2
       9
       7
       5
       3
       2
       3
       2
       2
       2
       8
       5
       4
       5
       4
       5
       6
       3
       4
      11
       3
       3
       3
       2
       4
       5
       0
       1
       4
       5
       3
       8
       2
       4
       5
       1
       3
       3
       1
       2
       1
       1
       2
       4
       2
       5
       3
       5
       4
       5
       2
       2
       3
       4
       4
       2
       2
       0
       2
       1
       4
       3
       5
       1
       1
       5
       3
       3
       1
       4
       2
       1
       1
       3
       4
       4
       3
       3
       4
       1
       3
       6
       2
       5
       2
       3
       1
       4
       4
       1
       3
       5
       1
       2
       0
       5
       5
       3
       2
       2
       3
       5
       4
       0
       1
       1
       5
       4
       4
       4
       5
       5
       1
       5
       2
       4
       7
       4
       3
       4
       2
       2
       3
       2
       3
       9
       4
      26
      28
      38
      29
      26
      12
       9
       6
       1
       1
       7
       1
       2
       2
       3
       5
       1
       5
       3
       1
       2
       4
       0
       3
       8
       1
       4
       5
       1
       2
       2
       2
       3
       3
       4
       4
       1
       6
       4
       1
       2
       3
       3
       5
      13
      10
       7
       7
       5
       1
       1
       2
       1
       2
       3
       3
       2
       2
       3
       0
       2
       2
       1
       2
       4
       2
       3
       3
       8
       1
       1
       1
       7
       2
       1
       1
       4
       2
       3
       1
       2
       5
       3
       1
       0
       0
       4
       4
       1
       2
       3
       1
       6
       6
       4
       2
       2
       3
       3
       4
       4
       2
       2
       3
       1
       1
       3
       4
       5
       0
       2
       5
       2
       3
       0
       2
       0
       1
       3
       5
       5
       3
       1
       3
       2
       3
       5
       2
       3
       1
       3
       3
       3
       3
       5
       4
       2
       3
       2
       3
       3
       2
       0
       0
       6
       4
       2
       3
       5
       1
       6
       7
       1
       3
       4
       1
       4
       2
       2
       4
       2
       3
       1
       5
       3
       3
       3
       1
       2
       1
       5
       2
       2
       1
       2
       1
       2
       1
       3
       2
       2
       2
       2
       1
       1
       4
       2
       2
       2
       6
       7
       4
       1
       0
       3
       2
       2
       0
       2
       4
       1
       3
       2
       3
       3
       5
       2
       0
       4
       2
       5
       3
       2
       1
       4
       1
       2
       1
       1
       1
       4
       4
       7
       1
       2
       3
       2
       1
       3
       1
       2
       3
       2
       3
       1
       3
       3
       6
       0
       3
       3
       2
       3
       0
       3
       2
       1
       8
       0
       1
       0
       4
       1
       1
       3
       1
       3
       1
       0
       5
       2
       6
       3
       1
       4
       3
       1
       0
       3
       2
       5
       4
       1
       2
       1
       2
       1
       3
       1
       3
       1
       3
       1
       3
       3
       3
       3
       0
       3
       0
       0
       4
       1
       2
       3
       2
       1
       1
       2
       1
       5
       1
       3
       3
       3
       5
       2
       3
       0
       2
       1
       2
       4
       5
       2
       5
       5
       3
       2
       4
       1
       4
       2
       1
       1
       1
       1
       2
       5
       6
       1
       3
       0
       1
       3
       3
       1
       2
       2
       2
       1
       2
       5
       5
       0
       0
       4
       3
       4
       3
       0
       2
       2
       5
       3
       4
       4
       1
       2
       3
       2
       2
       2
       1
       2
       3
       6
       1
       1
       4
       1
       1
       4
       1
       0
       5
       1
       3
       5
       5
       4
       1
       6
       0
       2
       3
       1
       2
       4
       0
       3
       3
       1
       4
       1
       4
       3
       3
       2
       7
       2
       1
       1
       1
       3
       2
       0
       1
       2
       2
       1
       2
       1
       0
       2
       0
       1
       1
       1
       3
       2
       0
       2
       3
       0
       2
       2
       5
       3
       4
       8
       3
       0
       1
       2
       0
       3
       2
       1
       0
       0
       3
       3
       1
       2
       4
       1
       2
       0
       0
       2
       4
       1
       2
       1
       1
       2
       3
       0
       1
       6
       3
       2
       1
       2
       4
       3
       1
       1
       2
       1
       1
       4
       4
       0
       4
       3
       5
       3
       1
       2
       4
       2
       2
       2
       0
       0
       2
       2
       4
       3
       3
       2
       3
       3
       2
       3
       5
       1
       1
       3
       3
       1
       0
       1
       0
       3
       4
       1
       5
       4
       1
       3
       3
       2
       1
       2
       2
       6
       2
       2
       0
       3
       4
       0
       1
       1
       2
       3
       7
       0
       3
       1
       2
       1
       1
       2
       4
       2
       2
       2
       1
       3
       2
       2
       5
       1
       2
       3
       1
       4
       3
       3
       1
       1
       4
       0
       2
       1
       4
       3
       3
       2
       2
       2
       3
       3
       3
       0
       2
       3
       3
       1
       1
       5
       1
       1
       2
       2
       1
       3
       0
       5
       4
       1
       0
       1
       2
       0
       2
       3
       0
       2
       3
       1
       1
       0
       3
       3
       4
       9
       2
       2
       4
       1
       3
       1
       2
       1
       2
       2
       0
       2
       1
       1
       4
       3
       2
       0
       1
       3
       2
       3
       1
       4
       2
       2
       6
       5
       0
       1
       2
       1
       0
       3
       3
       2
       3
       2
       2
       5
       1
       2
       5
       0
       2
       3
       1
       2
       0
       2
       0
       3
       4
       3
       2
       1
       4
       2
       4
       2
       2
       2
       2
       3
       5
       1
       4
       2
       3
       0
       7
       1
       3
       6
       2
       1
       0
       5
       5
       4
       2
       6
       3
       3
       3
       3
       2
       2
       2
       2
       1
       1
       5
       2
       2
       2
       1
       1
       1
       2
       1
       3
       2
       2
       1
       3
       2
       1
       1
       2
       4
       3
       1
       3
       1
       1
       2
       6
       2
       3
       3
       0
       2
       2
       2
       2
       3
       3
       0
       1
       5
       1
       1
       5
       0
       3
       3
       2
       3
       3
       5
       2
       3
       5
       6
       2
       2
       1
       1
       0
       2
       1
       1
       1
       2
       2
       1
       2
       0
       2
       2
       1
       1
       1
       1
       2
       3
       0
       2
       1
       3
       1
       1
       0
       0
       1
       1
       0
       3
       3
       1
       2
       0
       0
       2
       0
       2
       1
       1
       2
       2
       2
       1
       5
       0
       1
       3
       1
       3
       4
       2
       2
       1
       0
       3
       2
       1
       0
       3
       2
       1
       6
       2
       3
       1
       3
       7
       2
       1
       2
       0
       1
       1
       2
       2
       3
       1
       2
       2
       1
       2
       2
       4
       1
       0
       2
       1
       0
       2
       1
       4
       1
       3
       1
       2
       5
       2
       2
       5
       4
       2
       2
       0
       3
       3
       1
       2
       2
       6
       1
       0
       0
       3
       3
       3
       2
       1
       3
       0
       3
       2
       2
       1
       4
       1
       2
       2
       1
       4
       1
       2
       2
       1
       2
       0
       0
       1
       2
       0
       1
       3
       0
       4
       0
       1
       2
       1
       0
       4
       0
       1
       2
       2
       2
       3
       3
       4
       1
       2
       0
       3
       4
       3
       3
       1
       0
       2
       0
       3
       1
       3
       0
       1
       1
       0
       0
       2
       4
       4
       1
       3
       2
       1
       2
       1
       0
       0
       1
       1
       1
       1
       1
       3
       4
       2
       1
       1
       2
       3
       1
       0
       0
       1
       0
       2
       1
       1
       4
       1
       1
       4
       1
       1
       2
       5
       1
       4
       4
       1
       4
       2
       4
       3
       3
       3
       2
       2
       0
       2
       0
       1
       0
       0
       2
       1
       3
       2
       3
       3
       0
       1
       2
       2
       3
       5
       1
       2
       1
       2
       3
       2
       2
       0
       2
       1
       3
       0
       1
       2
       0
       1
       2
       3
       4
       4
       6
       0
       0
       0
       0
       1
       0
       3
       1
       4
       0
       1
       1
       0
       1
       0
       2
       1
       1
       4
       4
       2
       3
       1
       3
       4
       1
       1
       3
       3
       1
       3
       4
       1
       2
       1
       3
       2
       1
       0
       1
       0
       0
       0
       3
       3
       2
       1
       1
       4
       1
       3
       3
       2
       3
       1
       2
       0
       0
       2
       2
       0
       1
       4
       2
       1
       1
       2
       1
       1
       2
       1
       1
       0
       2
       3
       2
       1
       2
       1
       1
       2
       0
       0
       2
       0
       2
       1
       2
       2
       2
       3
       2
       2
       3
       1
       0
       4
       2
       1
       0
       1
       3
       1
       1
       0
       3
       3
       2
       0
       1
       1
       2
       4
       2
       0
       1
       2
       1
       2
       0
       0
       2
       1
       0
       1
       3
       2
       5
       3
       0
       2
       2
       1
       0
       2
       0
       1
       1
       0
       1
       0
       1
       0
       1
       3
       1
       2
       0
       1
       4
       1
       1
       2
       3
       0
       1
       1
       3
       3
       4
       1
       1
       2
       1
       3
       2
       3
       3
       4
       0
       2
       3
       3
       1
       1
       2
       2
       3
       0
       0
       3
       0
       1
       0
       1
       0
       3
       4
       1
       3
       3
       1
       1
       0
       2
       2
       1
       1
       2
       0
       0
       0
       2
       3
       1
       1
       2
       1
       3
       1
       2
       1
       1
       1
       1
       1
       1
       0
       2
       2
       2
       5
       0
       1
       1
       3
       2
       2
       3
       3
       4
       1
       2
       1
       2
       3
       1
       4
       1
       1
       1
       0
       3
       2
       3
       2
       1
       2
       1
       4
       4
       1
       2
       4
       0
       2
       0
       1
       4
       4
       1
       2
       2
       0
       1
       1
       1
       1
       5
       4
       1
       1
       3
       2
       2
       2
       1
       1
       0
       1
       0
       2
       2
       1
       4
       1
       4
       1
       0
       0
       2
       2
       0
       1
       1
       4
       0
       1
       2
       3
       2
       1
       2
       0
       0
       0
       0
       0
       0
       0
       0
       0
       0
       0
       0
       0
       0
       0
       0
       0
       0
       0
       0
       0
       0
       0
       0
       0
       0
       0
       0
       0
       0
       0
       0
       0
       0
       0
       0
       0
       0
       0
       0
       0
       0
       0
       0
       0
       0
       0
       0
       0
       0
       0
       0
       0
       0
       0
       0
       0
       0
       0
       0
       0
       0
       0
       0
       0
       0
       0
       0
       0
       0
       0
       0
       0
       0
       0
       0
       0
       0
       0
       0
       0
       0
       0
       0
       0
       0
       0
       0
       0
       0
       0
       0
       0
       0
       0
       0
       0
       0
       0
       0
       0
       0
       0
       0
       0
       0
       0
       0
       0
       0
       0
       0
       0
       0
       0
       0
       0
       0
       0
       0
       0
       0
       0
       0
       0
       0
       0
       0
       0
       0
       0
       0
       0
       0
       0
       0
       0
       0
       0
       0
       0
       0
       0
       0
       0
       0
       0
       0
       0
       0
       0
       0
       0
       0
       0
$ROI:
0
$PRESETS:
None
0
0
$ENER_FIT:
0.000000 0.000000
$MCA_CAL:
3
0.000000E+000 0.000000E+000 0.000000E+000 
$SHAPE_CAL:
3
0.000000E+000 0.000000E+000 0.000000E+000
