$SPEC_ID:
No sample description was entered.
$SPEC_REM:
DET# 1
DETDESC# SCE-SOPA-00035 MCB 133
AP# Maestro Version 7.01
$DATE_MEA:
11/05/2019 13:54:19
$MEAS_TIM:
3480 3481
$DATA:
0 4095
       0
       0
       0
       0
       0
       0
       0
       0
       0
       0
       0
       0
       0
       0
       0
       0
       0
       0
       0
       0
       0
       0
       0
       0
       0
       0
       5
       6
      13
      28
     143
     142
     135
     154
     135
     166
     140
     158
     150
     146
     166
     146
     163
     158
     161
     148
     173
     179
     152
     143
     137
     137
     136
     138
     144
     149
     156
     165
     186
     158
     150
     164
     152
     130
     157
     144
     148
     160
     138
     146
     149
     147
     149
     153
     169
     151
     160
     142
     151
     157
     141
     137
     144
     143
     155
     167
     145
     155
     162
     126
     164
     154
     171
     216
     174
     151
     138
     174
     152
     162
     172
     181
     150
     171
     152
     166
     167
     172
     167
     189
     175
     178
     170
     170
     162
     185
     204
     194
     189
     193
     201
     187
     220
     177
     196
     189
     179
     185
     215
     182
     171
     207
     176
     180
     202
     225
     188
     204
     204
     190
     206
     207
     213
     196
     189
     183
     166
     177
     193
     181
     188
     200
     175
     203
     196
     171
     188
     190
     168
     175
     173
     184
     175
     157
     175
     182
     188
     200
     172
     190
     192
     183
     178
     195
     168
     169
     198
     178
     197
     179
     182
     171
     170
     185
     181
     202
     193
     198
     211
     163
     179
     186
     174
     190
     179
     174
     196
     165
     183
     164
     157
     150
     152
     201
     182
     170
     196
     164
     207
     188
     194
     192
     205
     175
     214
     211
     211
     207
     214
     217
     213
     216
     193
     239
     189
     215
     204
     201
     213
     181
     194
     186
     198
     196
     167
     155
     174
     153
     195
     179
     168
     162
     175
     150
     173
     168
     156
     190
     158
     154
     148
     189
     155
     170
     137
     160
     151
     152
     151
     147
     159
     161
     132
     141
     144
     165
     144
     111
     171
     149
     134
     141
     153
     158
     142
     154
     147
     139
     131
     129
     124
     137
     134
     115
     110
     127
     111
     125
     119
     146
     135
     122
     113
     132
     135
     125
     138
     113
     110
     140
     140
     121
     120
     109
     134
     121
     131
     108
     103
     114
      97
     126
     126
     112
     102
     109
     101
     110
     128
     117
     131
     124
     120
     111
     107
     110
     110
     123
      96
     114
     124
      84
     104
     116
     108
     101
     101
     101
     126
     113
      95
     119
     102
      85
     104
      80
     114
      98
      96
     101
     107
      83
      92
      88
     100
     102
     109
      96
      91
     104
      85
      98
      97
      88
      77
      97
     108
     100
     113
      94
     103
      97
      90
     102
      78
     107
      97
      94
      77
      76
      91
      75
      87
      88
      82
      79
      99
      96
      97
      85
     108
      75
      91
      94
      80
      92
     101
      76
     100
      79
      83
      92
      78
      79
      82
      78
     106
      77
      88
      85
     101
      84
      90
      78
      77
      91
      87
      97
      90
      87
      84
      77
      96
      73
      90
      80
      81
      97
      77
      76
      90
      89
      90
      93
      88
      94
      82
     105
      98
      82
     103
      66
      76
      79
      82
      81
      93
      84
      74
      85
      81
      76
      77
      82
      88
      98
      70
      66
      86
      79
      98
      84
      72
      67
      67
      74
      81
      78
      91
      90
      83
      93
      78
      92
      88
      84
      58
      87
      93
      93
      65
      83
      86
      80
      80
      93
      73
      77
      67
      72
      73
      82
      77
      56
      71
      79
      85
      88
      73
      87
      96
      69
      83
      90
      70
      78
      77
      77
      82
      71
      71
      95
      98
      90
      94
      78
      69
      66
      70
      89
      71
      71
      69
      74
      92
      84
      88
      69
      82
      68
      83
      87
      77
      72
      54
      71
      71
      80
      83
      70
      67
      82
      67
      72
      59
      87
      60
      63
      77
      69
      78
      79
      81
      77
      67
      87
      71
      88
      89
      62
      86
      72
      82
      84
      78
      74
      63
      66
      81
      84
      74
      82
      78
      82
      67
      67
      66
      70
      75
      79
      72
      72
      77
      77
      71
      61
      73
      83
      85
      84
      53
      68
      86
      85
      72
      70
      69
      62
      69
      57
      68
      91
      60
      63
      84
      67
      73
      71
      82
      52
      83
      69
      71
      80
      68
      68
      82
      59
      65
      72
      65
      67
      66
      62
      72
      74
      62
      94
      70
      63
      68
      74
      62
      65
      76
      73
      80
      68
      72
      61
      68
      82
      97
      75
      69
      66
      74
      65
      73
      74
      76
      82
      95
      68
      84
      73
      65
      91
      73
      78
      77
      62
      66
      73
      75
      91
      92
      78
      74
      70
      70
      59
      85
      67
      77
      71
      67
      83
      62
      69
      86
      71
      74
      83
      63
      84
      67
      80
      69
      69
      72
      97
      76
      69
      62
      66
      70
      68
      67
      87
      67
      71
      78
      57
      72
      76
      70
      79
      74
      78
      74
      81
      69
      66
      85
      62
      82
      68
      64
      67
      85
      79
      74
      70
      70
      68
      72
      76
      73
      77
      70
      82
      78
      81
      66
      80
      78
      75
      72
      77
      68
      75
      75
      71
      66
      64
      65
      79
      72
      63
      76
      57
      89
      87
      77
      89
      61
      74
      81
      71
      82
      68
      79
      87
      61
      65
      76
      73
      81
      74
      74
      89
      79
      83
      57
      79
      80
      67
     102
      69
      84
      84
      88
      77
      80
      57
      84
      77
      69
      82
      71
      86
      81
      75
      78
      76
      95
      69
      68
      82
      88
      92
      87
      65
      68
      66
      63
      82
      90
      74
      70
      80
      76
      77
      77
      80
      73
     102
      84
      72
      76
      99
      85
      86
      96
      67
      98
      97
      91
      75
      85
      94
      88
      68
      81
      93
      90
     100
      87
      79
      87
      89
      77
      71
      86
      82
      71
      93
      73
      94
      89
     100
      93
      78
      76
     101
      80
      99
      75
      74
      84
      80
      75
      90
      66
      96
      89
      96
      80
      85
     102
      87
      72
      82
      82
      93
      95
      94
      90
      81
     100
      85
      88
      75
      85
      91
      85
     100
      94
      99
      90
      86
     112
      93
      82
      77
      81
      93
      87
      98
      91
      94
     104
      88
     104
      92
      87
      84
      89
      92
      88
     128
     116
      99
      82
     102
      90
     119
     100
     107
     101
      95
     127
      97
     107
     108
     105
      99
     135
     113
     102
     128
     111
      93
     100
      91
     100
      95
     113
      88
     103
     108
      99
     106
     104
     107
     131
     117
      98
     121
     127
     128
     110
     106
     116
     103
     101
     111
     123
     104
     133
     124
     112
     122
     100
     119
     115
     116
     118
      85
      70
      89
      95
     104
      95
      81
      81
      82
      80
      90
      96
      80
      69
      81
      82
      95
      92
      73
      79
      88
      84
      86
      90
      76
      87
      92
      82
      87
      79
     120
      79
      74
      90
      77
      72
      77
     100
      75
      72
      89
      84
      76
      85
      78
      94
      75
      76
      80
      82
      59
      89
      75
      70
      91
      91
      74
      83
      50
      93
      80
      82
      96
      61
      70
      84
      85
      88
      62
      61
      85
      72
      85
      75
      66
      66
      86
      62
      78
      92
      74
      66
      75
      78
      71
      82
      73
      72
      73
      61
      78
      69
      78
      81
      71
      71
      69
      73
      68
      68
      82
      83
      83
      70
      78
      83
      79
      79
      67
      73
      75
      89
      72
      57
      79
      87
      89
      75
      72
      93
      74
      75
      74
      73
      77
      84
      94
      88
      77
      82
      92
      75
      72
      70
      84
      87
      64
      78
      84
      70
      97
      64
      68
      75
      85
      73
      61
      73
      83
      67
      73
      73
      60
      70
      74
      51
      67
      59
      61
      49
      60
      35
      58
      53
      46
      40
      43
      48
      58
      38
      50
      54
      38
      40
      41
      50
      36
      40
      45
      42
      55
      49
      40
      52
      31
      50
      42
      43
      51
      41
      38
      39
      41
      38
      38
      49
      36
      30
      52
      39
      38
      48
      42
      53
      81
     168
     489
    1186
    1797
    1823
    1101
     410
     123
      36
      41
      32
      37
      29
      26
      25
      29
      35
      35
      22
      33
      29
      27
      31
      28
      26
      29
      30
      20
      16
      31
      18
      27
      15
      24
      32
      24
      15
      24
      22
      28
      22
      16
      18
      14
      21
      15
      25
      22
      20
      21
      12
      24
      12
      18
      19
      21
      13
      22
      12
      13
      22
      14
      11
      13
      16
      11
       8
      20
      18
       6
      16
      14
       4
       5
      16
      12
       7
      11
       9
      13
      10
      15
      12
      12
      10
       9
      14
      11
       5
      14
      15
       8
      14
      10
      10
       9
      15
      14
       7
       9
       7
       8
      13
      16
       7
      10
      15
       6
      10
      14
      11
       6
      12
      14
      13
       7
       7
       7
       8
      16
      11
      13
       7
      13
      15
       5
       7
       8
      12
      15
       6
       7
      10
      10
      10
       7
      10
       7
       5
       9
      11
      14
       5
       8
      12
      11
       7
      15
       7
       7
      15
      14
      11
      12
      11
      19
      14
      14
      15
      67
     213
     547
    1123
    1700
    1591
     891
     310
      63
      10
       5
       4
       8
       0
       3
       6
      11
       3
       2
       3
       2
       3
       2
       2
       2
       5
       5
       5
       3
       1
       1
       1
       5
       5
       6
       4
      10
       4
       6
       3
       5
       3
       4
       6
       3
       6
       5
       3
       7
       4
       0
       7
       2
       1
       3
       4
       3
       3
       3
       2
       3
       1
       2
       3
       4
       4
       5
       2
       5
       7
       5
       4
       3
       6
       7
       4
       1
       0
       1
       0
       4
       0
       0
       1
       4
       4
       7
       4
       5
       3
       3
       4
       3
       1
       6
       2
       3
       5
       3
       2
       2
       2
       4
       2
       1
       3
       8
       5
       1
       2
       1
       1
       8
       2
       1
       4
       7
       3
       4
       3
       3
       3
       5
       2
       1
       4
       3
       4
       5
       3
       4
       1
       6
       8
       5
      10
       2
       4
       6
       0
       3
       1
       2
       0
       5
       1
       3
       3
       4
       4
       5
       6
       2
       1
       4
       0
       6
       3
       0
       1
       2
       4
       4
       2
       0
       1
       3
       3
       2
       2
       2
       1
       4
       3
       2
       2
       2
       2
       4
       4
       3
       2
       3
       4
       6
       4
       1
       2
       2
       3
       3
       3
       5
       2
       3
       3
       2
       1
       2
       4
       3
       4
       2
       2
       2
       5
       2
       5
       8
       2
       6
       5
       3
       6
       3
       1
       4
       6
       6
       2
       1
       5
       6
       1
       1
       2
       2
       1
       1
       2
       6
       1
       0
       3
       4
       1
       4
       4
       4
       2
       2
       6
       5
       3
       4
       2
       2
       4
       3
       1
       2
       4
       1
       4
       3
       4
       4
       7
       0
       6
       4
       1
       7
       3
       6
       4
       4
       3
       2
       3
       3
       1
       2
       4
       4
       0
       2
       1
       1
       3
       0
       3
       2
       1
       3
       2
       2
       2
       5
       6
       5
       1
       2
       5
       3
       4
       1
       3
       6
       2
       1
       3
       2
       0
       1
       3
       1
       1
       2
       3
       2
       2
       3
       6
       2
       2
       0
       4
       1
       0
       1
       2
       2
       1
       5
       2
       3
       4
       1
       1
       4
       3
       1
       2
       0
       0
       0
       6
       1
       2
       3
       1
       8
       1
       2
       4
       0
       2
       3
       2
       1
       6
       1
       0
       4
       1
       1
       1
       1
       0
       0
       0
       0
       2
       2
       2
       2
       4
       3
       2
       2
       2
       2
       1
       0
       2
       1
       3
       3
       3
       4
       1
       3
       6
       2
       1
       2
       4
       1
       3
       2
       0
       2
       3
       1
       1
       2
       4
       1
       0
       0
       5
       2
       1
       3
       0
       2
       0
       1
       1
       4
       2
       3
       3
       3
       2
       0
       0
       3
       1
       2
       2
       3
       2
       0
       2
       0
       0
       2
       2
       2
       2
       3
       0
       3
       5
       3
       1
       2
       3
       3
       2
       1
       0
       1
       2
       1
       1
       4
       0
       2
       3
       2
       1
       1
       2
       2
       2
       3
       5
       1
       1
       0
       0
       2
       3
       2
       0
       2
       7
       2
       3
       2
       2
       4
       4
       2
       1
       1
       1
       4
       0
       3
       1
       2
       1
       0
       0
       3
       1
       1
       3
       3
       1
       0
       1
       5
       3
       4
       0
       1
       0
       0
       1
       4
       0
       1
       2
       4
       5
       1
       2
       3
       1
       2
       4
       2
       2
       3
       2
       2
       1
       2
       1
       1
       3
       1
       4
       0
       0
       1
       3
       1
       1
       2
       1
       1
       3
       1
       1
       3
       2
       4
       2
       0
       2
       1
       2
       0
       3
       0
       4
       1
       1
       3
       2
       2
       1
       1
       1
       2
       2
       4
       0
       1
       2
       0
       2
       1
       2
       0
       3
       2
       1
       1
       3
       2
       0
       1
       2
       0
       1
       2
       1
       0
       1
       2
       2
       1
       2
       1
       0
       1
       2
       2
       2
       1
       3
       1
       3
       3
       1
       1
       1
       1
       3
       1
       1
       2
       2
       1
       1
       4
       2
       1
       1
       1
       2
       1
       1
       2
       2
       1
       1
       0
       2
       3
       1
       2
       0
       2
       4
       0
       2
       1
       4
       2
       2
       1
       2
       3
       3
       0
       0
       4
       3
       0
       3
       3
       3
       4
       0
       3
       2
       1
       1
       2
       3
       0
       3
       2
       1
       1
       3
       2
       1
       1
       0
       4
       0
       1
       3
       1
       1
       0
       3
       0
       1
       2
       0
       1
       4
       2
       0
       4
       1
       0
       1
       2
       1
       1
       2
       0
       1
       2
       4
       1
       0
       1
       3
       0
       1
       0
       2
       1
       0
       0
       2
       1
       1
       0
       0
       2
       0
       2
       1
       0
       2
       1
       5
       3
       0
       2
       2
       1
       0
       4
       2
       1
       1
       1
       3
       2
       2
       0
       4
       1
       2
       2
       1
       1
       1
       1
       3
       4
       3
       1
       0
       2
       0
       2
       0
       0
       1
       1
       1
       2
       0
       2
       3
       0
       2
       0
       0
       0
       1
       2
       1
       0
       0
       1
       0
       1
       0
       2
       0
       1
       2
       1
       1
       5
       1
       2
       2
       2
       2
       2
       1
       4
       0
       2
       1
       2
       0
       0
       3
       2
       1
       0
       1
       0
       2
       1
       1
       0
       3
       2
       3
       1
       1
       0
       1
       2
       2
       2
       1
       0
       2
       1
       0
       0
       0
       2
       1
       2
       4
       1
       0
       3
       1
       1
       1
       2
       0
       1
       1
       3
       1
       1
       0
       2
       0
       0
       1
       2
       1
       0
       2
       3
       1
       0
       2
       0
       3
       0
       1
       0
       1
       0
       1
       3
       0
       2
       0
       0
       2
       2
       0
       2
       1
       1
       1
       4
       1
       0
       0
       3
       0
       1
       1
       0
       2
       0
       0
       2
       1
       0
       0
       1
       0
       2
       1
       0
       2
       2
       3
       1
       1
       0
       2
       3
       0
       1
       0
       1
       0
       2
       0
       0
       1
       2
       4
       0
       0
       0
       3
       0
       2
       1
       2
       2
       1
       1
       1
       2
       2
       0
       0
       0
       2
       0
       1
       2
       0
       2
       2
       1
       1
       2
       2
       0
       0
       1
       1
       3
       1
       1
       1
       0
       1
       0
       1
       1
       1
       1
       1
       3
       0
       2
       0
       0
       1
       5
       1
       1
       1
       3
       3
       1
       0
       1
       1
       1
       0
       1
       1
       1
       0
       3
       1
       1
       0
       0
       2
       1
       1
       2
       1
       0
       0
       0
       0
       1
       0
       3
       0
       1
       2
       1
       6
       0
       0
       1
       2
       0
       2
       1
       1
       2
       1
       0
       2
       1
       0
       1
       0
       0
       0
       1
       1
       1
       2
       0
       0
       0
       1
       0
       0
       0
       1
       1
       1
       0
       0
       1
       3
       0
       0
       0
       2
       1
       1
       1
       0
       2
       0
       1
       1
       2
       0
       1
       2
       1
       1
       1
       0
       0
       0
       1
       0
       0
       0
       0
       1
       0
       0
       1
       0
       0
       0
       1
       0
       0
       2
       0
       1
       2
       1
       0
       1
       1
       0
       1
       1
       1
       1
       1
       1
       0
       0
       0
       0
       1
       0
       0
       0
       0
       0
       0
       0
       0
       0
       0
       1
       0
       0
       0
       0
       0
       0
       0
       1
       1
       1
       1
       0
       0
       0
       0
       0
       0
       1
       0
       1
       0
       1
       0
       0
       0
       0
       0
       0
       0
       0
       0
       1
       0
       0
       0
       1
       0
       0
       1
       0
       0
       0
       1
       0
       1
       1
       0
       0
       0
       0
       0
       2
       0
       0
       0
       1
       0
       1
       1
       0
       0
       0
       0
       0
       2
       2
       0
       0
       0
       0
       1
       1
       1
       1
       5
       9
      13
      12
       8
       5
       3
       0
       0
       2
       0
       0
       0
       0
       2
       0
       0
       0
       0
       0
       2
       0
       0
       0
       0
       1
       0
       0
       0
       0
       0
       0
       0
       0
       0
       0
       0
       0
       1
       0
       0
       0
       1
       0
       0
       0
       0
       0
       0
       0
       0
       0
       0
       0
       0
       1
       0
       1
       0
       0
       0
       1
       0
       0
       0
       0
       0
       0
       1
       0
       0
       0
       0
       1
       0
       0
       0
       0
       0
       0
       1
       0
       0
       1
       0
       0
       0
       0
       0
       0
       0
       0
       0
       0
       0
       0
       0
       0
       0
       2
       0
       0
       0
       0
       0
       0
       0
       0
       1
       1
       1
       0
       1
       0
       0
       0
       0
       0
       0
       0
       0
       0
       0
       0
       0
       0
       0
       1
       0
       0
       0
       0
       0
       0
       0
       0
       0
       1
       0
       0
       0
       0
       1
       0
       2
       0
       1
       0
       0
       2
       1
       0
       0
       0
       0
       0
       0
       0
       0
       0
       0
       0
       0
       0
       0
       1
       0
       1
       0
       0
       2
       0
       0
       0
       0
       0
       0
       0
       0
       0
       0
       0
       0
       0
       0
       0
       0
       0
       1
       0
       0
       0
       0
       0
       0
       0
       0
       0
       0
       0
       0
       1
       0
       1
       0
       0
       0
       0
       0
       0
       0
       0
       1
       0
       0
       0
       0
       0
       0
       0
       0
       0
       0
       0
       0
       0
       0
       0
       0
       0
       1
       0
       0
       0
       0
       0
       0
       0
       0
       0
       0
       0
       1
       0
       0
       0
       0
       0
       0
       1
       0
       0
       0
       0
       0
       0
       0
       1
       0
       0
       0
       0
       0
       1
       0
       0
       0
       0
       1
       0
       1
       1
       0
       0
       0
       1
       0
       0
       0
       0
       0
       0
       0
       0
       0
       0
       0
       0
       0
       0
       0
       0
       0
       0
       0
       0
       0
       0
       0
       0
       0
       0
       1
       0
       0
       0
       0
       0
       0
       0
       0
       0
       1
       0
       0
       0
       0
       0
       0
       0
       0
       0
       0
       0
       0
       0
       1
       0
       0
       0
       0
       0
       0
       0
       0
       0
       0
       1
       0
       0
       0
       0
       1
       0
       0
       0
       0
       0
       0
       0
       0
       0
       0
       1
       0
       0
       1
       0
       2
       0
       0
       0
       0
       0
       0
       1
       0
       0
       0
       0
       0
       0
       0
       0
       0
       0
       0
       0
       1
       0
       1
       1
       0
       0
       0
       0
       0
       2
       0
       0
       1
       0
       0
       0
       0
       0
       0
       1
       0
       0
       0
       0
       0
       0
       0
       1
       0
       0
       0
       0
       1
       0
       0
       0
       0
       1
       1
       0
       0
       1
       0
       1
       0
       0
       0
       0
       0
       0
       0
       0
       0
       0
       0
       0
       0
       0
       0
       0
       0
       0
       0
       0
       0
       0
       0
       0
       0
       0
       0
       0
       0
       0
       0
       1
       0
       0
       0
       0
       0
       0
       0
       0
       0
       1
       0
       0
       0
       0
       0
       0
       0
       0
       0
       0
       0
       0
       0
       0
       0
       0
       0
       0
       0
       0
       0
       0
       0
       0
       0
       0
       0
       0
       0
       0
       0
       0
       0
       0
       0
       0
       1
       0
       0
       0
       0
       0
       0
       0
       0
       1
       0
       0
       0
       0
       0
       1
       0
       0
       0
       1
       0
       0
       1
       1
       0
       0
       0
       0
       0
       0
       0
       0
       0
       0
       1
       0
       0
       0
       0
       0
       0
       1
       0
       0
       0
       0
       0
       0
       0
       1
       0
       0
       0
       0
       0
       0
       0
       0
       0
       1
       1
       0
       0
       0
       0
       0
       0
       0
       0
       1
       0
       0
       0
       0
       0
       0
       0
       0
       0
       0
       0
       1
       0
       0
       0
       0
       1
       0
       0
       0
       0
       0
       0
       0
       0
       0
       0
       0
       0
       0
       0
       0
       0
       0
       0
       0
       1
       0
       0
       0
       0
       0
       0
       0
       1
       0
       0
       0
       1
       0
       1
       0
       0
       0
       0
       0
       0
       0
       0
       1
       0
       0
       0
       0
       0
       0
       0
       0
       0
       0
       0
       0
       0
       0
       1
       0
       0
       1
       0
       0
       0
       0
       0
       0
       0
       0
       0
       0
       0
       0
       0
       0
       0
       1
       0
       0
       0
       1
       1
       0
       0
       0
       0
       0
       0
       0
       0
       0
       0
       1
       0
       0
       0
       0
       0
       1
       0
       0
       0
       0
       0
       0
       0
       0
       0
       1
       0
       1
       0
       0
       0
       0
       0
       0
       0
       0
       0
       0
       0
       0
       0
       0
       0
       0
       0
       0
       0
       0
       0
       0
       0
       0
       0
       0
       2
       0
       1
       0
       0
       0
       0
       0
       0
       0
       0
       0
       0
       0
       0
       0
       0
       0
       1
       0
       0
       0
       1
       0
       0
       0
       1
       1
       0
       0
       0
       0
       0
       0
       0
       0
       0
       0
       0
       0
       1
       0
       1
       0
       1
       0
       0
       0
       0
       0
       0
       0
       0
       0
       1
       0
       0
       0
       0
       0
       0
       0
       0
       0
       0
       0
       1
       1
       0
       0
       0
       0
       0
       0
       1
       1
       0
       0
       0
       0
       2
       0
       0
       0
       0
       1
       0
       0
       0
       0
       0
       0
       0
       0
       0
       0
       0
       1
       0
       0
       0
       0
       0
       0
       0
       1
       0
       0
       0
       0
       0
       1
       0
       0
       0
       0
       0
       0
       0
       0
       0
       1
       0
       0
       0
       0
       0
       0
       0
       1
       0
       0
       0
       0
       0
       0
       1
       0
       0
       0
       0
       0
       0
       1
       0
       0
       0
       0
       0
       0
       0
       0
       0
       0
       0
       0
       0
       0
       0
       1
       0
       0
       0
       0
       0
       0
       0
       0
       0
       0
       0
       0
       0
       0
       0
       1
       0
       0
       0
       0
       0
       0
       0
       0
       0
       0
       1
       0
       0
       0
       0
       0
       0
       0
       0
       0
       0
       0
       0
       0
       0
       0
       0
       0
       0
       0
       0
       0
       0
       0
       0
       0
       1
       0
       0
       0
       0
       0
       0
       0
       0
       0
       0
       0
       0
       1
       0
       0
       0
       0
       0
       0
       1
       0
       0
       1
       0
       0
       0
       0
       0
       1
       0
       1
       0
       0
       0
       0
       0
       0
       0
       0
       0
       0
       0
       0
       0
       0
       0
       0
       1
       0
       0
       0
       0
       0
       0
       0
       0
       0
       0
       0
       0
       0
       0
       0
       0
       0
       0
       0
       1
       0
       0
       0
       0
       0
       0
       0
       0
       0
       0
       0
       0
       0
       0
       0
       0
       0
       0
       0
       0
       0
       0
       0
       0
       1
       0
       0
       0
       0
       0
       0
       1
       0
       0
       0
       0
       0
       0
       0
       0
       0
       0
       0
       1
       0
       0
       1
       0
       0
       0
       0
       0
       0
       0
       0
       0
       0
       0
       0
       0
       0
       0
       0
       0
       0
       0
       0
       0
       0
       0
       0
       0
       0
       0
       0
       0
       0
       0
       0
       0
       0
       0
       0
       0
       0
       0
       0
       0
       0
       0
       0
       0
       0
       0
       0
       0
       0
       0
       0
       0
       0
       0
       0
       0
       0
       1
       0
       0
       0
       0
       0
       0
       0
       0
       0
       0
       0
       0
       0
       0
       0
       0
       0
       0
       0
       0
       1
       0
       1
       0
       0
       0
       0
       0
       0
       1
       0
       1
       1
       0
       0
       0
       0
       0
       0
       1
       0
       0
       0
       0
       0
       0
       0
       0
       0
       0
       0
       0
       0
       0
       0
       0
       0
       0
       0
       0
       0
       0
       0
       0
       1
       0
       1
       0
       0
       0
       0
       0
       0
       0
       0
       0
       0
       2
       1
       0
       0
       0
       0
       0
       0
       0
       0
       0
       0
       0
       1
       0
       0
       0
       0
       0
       1
       0
       0
       0
       0
       0
       0
       0
       0
       0
       0
       0
       0
       0
       0
       0
       0
       0
       1
       0
       0
       0
       0
       0
       0
       0
       0
       0
       0
       1
       0
       0
       0
       0
       0
       0
       0
       0
       0
       0
       0
       0
       0
       0
       0
       0
       0
       1
       0
       0
       0
       0
       0
       0
       0
       0
       0
       0
       1
       0
       0
       0
       0
       1
       0
       1
       0
       0
       0
       0
       0
       0
       1
       0
       0
       0
       0
       0
       1
       0
       1
       1
       0
       0
       0
       0
       0
       0
       0
       0
       0
       0
       0
       0
       0
       0
       0
       0
       0
       0
       0
       0
       0
       0
       0
       0
       0
       0
       0
       0
       0
       0
       0
       0
       0
       0
       0
       0
       0
       0
       0
       0
       0
       0
       0
       0
       1
       0
       0
       0
       0
       0
       1
       0
       0
       0
       0
       0
       0
       0
       0
       0
       0
       0
       0
       1
       1
       0
       0
       0
       0
       0
       0
       0
       0
       0
       0
       0
       0
       0
       1
       0
       0
       0
       1
       0
       1
       0
       0
       0
       0
       0
       0
       0
       0
       0
       0
       0
       0
       0
       0
       0
       0
       0
       0
       0
       0
       0
       1
       0
       0
       0
       0
       0
       0
       0
       0
       0
       0
       0
       1
       0
       0
       0
       1
       1
       0
       0
       0
       0
       0
       0
       0
       0
       0
       1
       0
       0
       0
       0
       0
       0
       0
       0
       0
       0
       0
       0
       0
       0
       0
       0
       0
       0
       0
       0
       0
       0
       0
       0
       0
       0
       0
       0
       0
       0
       0
       0
       0
       0
       0
       0
       0
       0
       0
       0
       0
       0
       0
       0
       0
       0
       0
       0
       0
       0
       0
       0
       0
       0
       0
       0
       0
       0
       0
       0
       0
       0
       0
       0
       0
       0
       0
       0
       0
       0
       0
       0
       0
       0
       0
       0
       0
       0
       0
       0
       0
       0
       0
       0
       0
       0
       0
       0
       0
       0
       0
       0
       0
       0
       0
       0
       0
       0
       0
       0
       0
       0
       0
       0
       0
       0
       0
       0
       0
       0
       0
       0
       0
       0
       0
       0
       0
       0
       0
       0
       0
       0
       0
       0
       0
       0
       0
       0
       0
       0
       0
       0
       0
       0
       0
       0
       0
       0
       0
       0
       0
       0
       0
       0
       0
       0
       0
       0
       0
       0
       0
       0
       0
       0
       0
       0
       0
       0
       0
       0
       0
       0
$ROI:
0
$PRESETS:
None
0
0
$ENER_FIT:
0.000000 0.000000
$MCA_CAL:
3
0.000000E+000 0.000000E+000 0.000000E+000 
$SHAPE_CAL:
3
0.000000E+000 0.000000E+000 0.000000E+000
