$SPEC_ID:
No sample description was entered.
$SPEC_REM:
DET# 1
DETDESC# SCE-SOPA-00035 MCB 133
AP# Maestro Version 7.01
$DATE_MEA:
11/18/2019 11:28:30
$MEAS_TIM:
3573 3574
$DATA:
0 4095
       0
       0
       0
       0
       0
       0
       0
       0
       0
       0
       0
       0
       0
       0
       0
       0
       0
       0
       0
       0
       0
       0
       0
       0
       0
       0
       2
      16
       9
      19
     115
     119
     125
     139
     123
     110
     129
     121
     152
     153
     149
     152
     137
     134
     116
     147
     150
     151
     115
     143
     148
     134
     118
     124
     141
     124
     114
     133
     127
     137
     127
     126
     144
     146
     109
     159
     136
     134
     150
     126
     136
     132
     122
     123
     135
     123
     114
     129
     153
     140
     127
     140
     143
     133
     128
     133
     124
     131
     130
     143
     135
     156
     135
     143
     176
     171
     143
     142
     143
     129
     130
     148
     136
     152
     153
     154
     142
     150
     157
     146
     167
     149
     176
     159
     155
     159
     156
     149
     146
     162
     169
     161
     165
     158
     180
     179
     160
     165
     156
     163
     173
     171
     164
     162
     143
     186
     192
     175
     168
     187
     177
     164
     156
     169
     178
     177
     157
     169
     170
     180
     151
     167
     184
     195
     159
     159
     173
     155
     179
     152
     180
     176
     186
     169
     202
     152
     162
     165
     182
     162
     154
     153
     159
     152
     150
     136
     170
     148
     157
     175
     168
     167
     162
     137
     141
     152
     145
     158
     150
     151
     145
     146
     146
     135
     137
     138
     169
     155
     151
     158
     147
     158
     142
     162
     152
     197
     172
     179
     160
     161
     176
     174
     164
     198
     177
     202
     215
     209
     212
     180
     201
     196
     195
     186
     190
     190
     190
     183
     190
     199
     163
     162
     198
     176
     191
     154
     163
     150
     155
     148
     136
     136
     129
     133
     155
     149
     140
     166
     134
     138
     149
     144
     120
     129
     134
     131
     142
     139
     134
     138
     131
     117
     114
     113
     127
     110
     122
      98
     131
     136
     109
     108
     109
     120
     111
     108
     120
     117
     113
     112
     100
     112
     128
      94
     115
      96
     109
     125
      95
     115
     109
     104
     101
     116
     116
      92
     101
     111
      94
     103
     100
      95
     112
      96
     107
     104
      87
      86
      97
      85
     105
     112
     109
      97
      85
      80
      89
      96
      83
      87
     103
      94
      95
     106
      91
      90
      73
      95
      96
      86
      79
      95
     103
      81
      91
      81
     110
      95
      95
      94
      87
      81
      96
      84
      80
      90
      97
      82
      95
      80
      96
      74
      95
      85
      88
      92
      96
     101
      67
      97
      82
     105
      93
      71
      90
      84
      92
      68
      64
      68
      87
      74
      66
      96
      85
      83
      84
      88
      73
      76
      86
      62
      72
      85
      79
      92
      76
      78
      76
      81
      64
      71
      85
      82
      78
      81
      96
      75
      79
      76
      89
      75
      61
      99
      69
      73
      83
      86
      78
      74
      67
      80
      77
      74
      71
      71
      77
      67
      56
      79
      71
      76
      85
      79
      77
      60
      77
      81
      64
      78
      72
      89
      71
      72
      60
      72
     100
      81
      62
      81
      69
      66
      73
      91
      71
      81
      68
      65
      77
      72
      79
      78
      81
      77
      61
      63
      67
      62
      69
      80
      79
      64
      67
      66
      63
      74
      69
      74
      58
      73
      81
      70
      42
      73
      71
      84
      66
      70
      68
      75
      77
      57
      54
      63
      74
      58
      63
      68
      65
      90
      66
      72
      89
      67
      64
      77
      72
      72
      68
      74
      62
      71
      61
      59
      70
      60
      58
      61
      46
      72
      74
      62
      63
      70
      86
      82
      77
      76
      65
      63
      59
      66
      61
      72
      75
      68
      67
      60
      59
      67
      74
      54
      70
      61
      71
      59
      63
      74
      57
      81
      72
      60
      41
      72
      71
      76
      66
      59
      67
      61
      58
      49
      59
      79
      65
      58
      69
      65
      50
      52
      65
      49
      63
      76
      63
      76
      70
      58
      58
      66
      62
      60
      56
      70
      50
      70
      70
      57
      58
      53
      64
      79
      73
      72
      57
      53
      65
      47
      54
      54
      57
      52
      57
      68
      62
      68
      55
      65
      52
      63
      72
      57
      62
      58
      74
      53
      65
      63
      65
      73
      60
      53
      65
      75
      69
      79
      64
      76
      60
      69
      63
      80
      74
      64
      73
      50
      63
      62
      66
      64
      60
      70
      53
      55
      58
      54
      63
      77
      77
      60
      51
      57
      53
      62
      59
      75
      59
      61
      62
      61
      67
      60
      48
      61
      60
      71
      61
      59
      65
      62
      66
      70
      58
      60
      51
      68
      65
      60
      56
      61
      81
      64
      59
      50
      71
      61
      62
      59
      67
      58
      57
      71
      73
      55
      73
      67
      70
      45
      62
      55
      59
      67
      60
      70
      72
      58
      80
      63
      65
      67
      60
      56
      70
      62
      79
      63
      62
      77
      68
      59
      57
      69
      59
      68
      58
      53
      76
      75
      62
      65
      71
      63
      66
      56
      62
      58
      72
      68
      62
      51
      68
      79
      79
      82
      65
      64
      50
      61
      70
      68
      60
      42
      54
      56
      70
      57
      74
      72
      61
      63
      67
      39
      62
      74
      66
      68
      58
      62
      63
      67
      77
      76
      74
      59
      67
      56
      67
      59
      60
      55
      70
      79
      66
      67
      70
      75
      61
      67
      70
      65
      54
      80
      70
      76
      68
      77
      75
      71
      61
      78
      76
      67
      69
      60
      65
      73
      52
      82
      61
      68
      66
      61
      60
      71
      75
      57
      72
      62
      66
      67
      62
      68
      80
      73
      73
      60
      74
      70
      69
      69
      68
      82
      67
      62
      67
      75
      68
      93
      72
      68
      69
      72
      61
      79
      79
      89
      73
      73
      69
      64
      68
      82
      84
      74
      80
      70
      93
      81
      78
      77
      63
      77
      74
      90
      69
      79
      64
      85
      97
      79
      83
      78
      70
      80
      77
      73
      91
      82
      85
      86
      85
      57
      72
      78
      71
      98
      63
      83
      87
      94
      73
      83
      84
      79
      77
      77
      93
      85
      76
      80
      81
      69
      86
      87
      77
      79
      67
      83
      73
      81
      76
      78
      78
      83
      79
      73
      99
      65
      91
      81
      95
      88
      85
      75
      98
      87
      88
      66
      97
      90
      81
      99
     114
      77
      89
      77
      72
      76
      91
      96
      79
      77
      96
      78
      90
      96
      89
      88
      99
      76
     104
      92
      91
      98
     100
      89
      95
     114
      94
      98
      90
     104
     110
      86
     124
      96
     104
      80
      81
      97
     120
     107
      90
      93
     104
      88
      81
      88
      90
      82
      70
      82
      84
      68
      84
      87
      79
      83
      60
      78
      65
      64
      63
      65
      75
      71
      75
      52
      72
      64
      79
      66
      73
      76
      85
      55
      74
      67
      79
      70
      69
      74
      60
      77
      54
      69
      64
      64
      74
      71
      65
      69
      67
      70
      66
      67
      63
      62
      58
      89
      70
      51
      52
      66
      79
      72
      67
      64
      72
      66
      72
      69
      70
      60
      65
      70
      66
      63
      66
      65
      59
      81
      62
      70
      68
      63
      63
      67
      73
      68
      76
      79
      69
      49
      63
      51
      65
      59
      67
      59
      78
      55
      75
      44
      61
      58
      54
      70
      65
      64
      76
      68
      50
      65
      66
      54
      63
      55
      69
      52
      62
      59
      65
      52
      56
      57
      48
      65
      80
      56
      65
      62
      54
      69
      58
      66
      72
      66
      71
      72
      49
      58
      57
      78
      44
      64
      63
      69
      63
      62
      53
      84
      67
      78
      69
      60
      62
      57
      48
      62
      64
      60
      51
      57
      47
      57
      42
      40
      49
      53
      60
      31
      47
      42
      37
      33
      35
      35
      41
      46
      40
      36
      43
      46
      42
      50
      44
      41
      38
      39
      34
      30
      37
      45
      30
      25
      43
      26
      44
      34
      32
      37
      45
      31
      32
      44
      37
      27
      34
      42
      29
      33
      29
      43
      70
     148
     470
     973
    1478
    1479
     880
     333
      69
      32
      34
      38
      35
      16
      29
      24
      28
      17
      19
      22
      32
      20
      18
      33
      21
      24
      21
      22
      20
      20
      23
      14
      18
      21
      19
      27
      21
      11
      22
      22
      13
      25
      16
      11
      16
      10
      24
      11
      14
      14
      16
      12
      13
      12
      22
      18
      10
      17
      18
       9
      10
      13
      16
      12
      10
      12
      13
       6
      12
      15
      14
      15
      13
      11
      11
      11
       7
      15
      19
      11
       9
      10
      15
      12
      16
      10
       8
      11
       7
      10
      13
       6
       4
       5
       2
      12
       7
      10
      14
       5
       6
      13
      10
       6
       8
      10
      10
       9
       7
       7
      10
       5
      10
       7
      11
       8
      11
       9
       9
       5
       7
       6
       6
       8
       7
       4
       8
       5
      13
       5
       6
      11
       4
       9
       4
       7
       7
      11
       5
      10
       7
       8
       6
       7
       9
       5
       9
       8
       6
      15
       8
      17
      10
      10
       7
       7
      11
      12
      12
      22
      42
     138
     414
     921
    1343
    1199
     699
     214
      68
      11
       6
       3
       6
       1
       6
       3
       2
       2
       2
       3
       5
       3
       4
       6
       1
       1
       3
       5
       4
       2
       4
       5
       3
       3
       2
       3
       5
       3
       1
       0
       3
       4
       4
       2
       6
       3
       2
       1
       2
       2
       4
       1
       1
       3
       2
       1
       1
       4
       4
       3
       3
       5
       0
       1
       4
       4
       1
       1
       3
       2
       3
       2
       5
       2
       3
       4
       4
       3
       2
       1
       2
       5
       5
       0
       4
       4
       2
       2
       1
       3
       1
       4
       1
       4
       2
       3
       6
       2
       1
       3
       4
       1
       3
       3
       5
       0
       0
       4
       6
       1
       4
       1
       1
       0
       2
       3
       4
       3
       3
       1
       3
       1
       3
       4
       2
       4
       4
       2
       1
       4
       7
       1
       6
       4
       9
       2
       2
       2
       2
       3
       1
       3
       2
       1
       2
       3
       4
       2
       0
       3
       0
       0
       1
       0
       0
       2
       0
       2
       3
       5
       4
       4
       2
       2
       2
       3
       1
       2
       2
       3
       2
       2
       2
       2
       3
       3
       2
       2
       4
       1
       2
       1
       1
       2
       0
       2
       2
       0
       2
       2
       1
       1
       1
       6
       3
       2
       2
       3
       3
       1
       4
       3
       1
       1
       1
       3
       4
       1
       0
       1
       1
       0
       0
       3
       1
       1
       4
       2
       0
       5
       6
       1
       3
       0
       1
       0
       2
       3
       2
       1
       0
       3
       1
       2
       5
       2
       3
       2
       2
       2
       0
       4
       2
       2
       0
       3
       4
       3
       3
       2
       2
       1
       0
       2
       0
       2
       1
       0
       0
       2
       3
       1
       2
       3
       3
       3
       2
       3
       4
       1
       4
       1
       1
       1
       2
       2
       2
       2
       1
       0
       1
       2
       2
       0
       1
       1
       1
       1
       1
       1
       0
       1
       0
       1
       2
       3
       2
       4
       2
       4
       3
       3
       1
       4
       1
       3
       2
       2
       0
       1
       2
       2
       1
       2
       2
       3
       1
       0
       4
       1
       1
       1
       0
       0
       3
       1
       2
       2
       2
       1
       0
       1
       2
       1
       2
       1
       1
       0
       3
       3
       1
       2
       2
       0
       0
       2
       0
       1
       0
       0
       1
       1
       4
       3
       2
       1
       2
       0
       0
       0
       1
       0
       0
       2
       1
       0
       2
       2
       1
       2
       0
       2
       0
       2
       2
       3
       0
       0
       2
       1
       0
       1
       3
       2
       1
       0
       0
       4
       2
       3
       2
       3
       0
       2
       2
       3
       2
       0
       0
       1
       1
       1
       2
       1
       1
       1
       6
       0
       2
       2
       1
       1
       4
       0
       1
       3
       3
       1
       1
       2
       4
       1
       3
       1
       1
       0
       2
       1
       1
       0
       2
       1
       0
       2
       1
       1
       2
       2
       1
       4
       2
       4
       1
       0
       3
       3
       0
       1
       0
       0
       1
       1
       3
       3
       2
       1
       2
       2
       2
       5
       2
       0
       2
       0
       1
       2
       1
       1
       1
       1
       0
       1
       4
       0
       0
       0
       0
       2
       2
       6
       2
       1
       1
       0
       5
       1
       4
       3
       2
       1
       1
       1
       4
       2
       4
       2
       1
       2
       2
       1
       2
       2
       2
       1
       2
       2
       1
       3
       2
       0
       0
       6
       0
       1
       1
       2
       1
       0
       1
       1
       1
       3
       1
       0
       3
       1
       2
       0
       4
       0
       3
       1
       2
       0
       1
       1
       4
       3
       3
       1
       3
       0
       2
       0
       3
       1
       2
       2
       3
       2
       2
       2
       1
       5
       2
       0
       0
       2
       2
       1
       1
       2
       2
       2
       0
       4
       3
       0
       1
       0
       0
       1
       2
       1
       3
       1
       2
       1
       0
       1
       0
       1
       1
       0
       0
       3
       1
       0
       3
       2
       1
       0
       2
       1
       1
       2
       1
       0
       1
       0
       0
       2
       1
       1
       0
       3
       0
       1
       2
       2
       1
       0
       0
       1
       0
       0
       2
       0
       2
       2
       2
       1
       2
       0
       1
       0
       0
       2
       1
       1
       1
       3
       0
       1
       3
       0
       1
       0
       2
       2
       0
       2
       0
       1
       0
       0
       1
       0
       2
       1
       0
       0
       2
       3
       0
       1
       1
       1
       1
       2
       1
       1
       1
       0
       2
       0
       0
       0
       1
       1
       0
       1
       1
       1
       3
       1
       0
       1
       2
       4
       1
       0
       0
       1
       2
       0
       2
       1
       1
       1
       1
       1
       1
       2
       0
       0
       1
       0
       0
       0
       1
       3
       0
       0
       1
       1
       0
       0
       1
       0
       0
       0
       1
       3
       1
       2
       2
       1
       0
       3
       1
       2
       2
       1
       1
       0
       1
       1
       0
       0
       1
       1
       0
       1
       1
       0
       0
       1
       2
       1
       1
       0
       1
       0
       1
       0
       2
       1
       3
       2
       1
       0
       2
       2
       1
       1
       0
       2
       1
       1
       1
       1
       2
       1
       2
       2
       1
       0
       0
       0
       0
       3
       1
       0
       0
       1
       3
       0
       0
       2
       2
       3
       2
       0
       2
       3
       0
       0
       0
       0
       5
       1
       0
       0
       2
       1
       1
       0
       0
       1
       2
       0
       2
       0
       1
       1
       0
       0
       1
       0
       1
       2
       0
       4
       2
       0
       2
       1
       0
       1
       0
       0
       2
       2
       0
       1
       3
       2
       0
       0
       2
       0
       0
       1
       1
       0
       0
       1
       0
       1
       3
       0
       1
       0
       0
       0
       2
       1
       1
       1
       2
       1
       2
       0
       0
       2
       2
       0
       0
       1
       0
       0
       0
       0
       0
       1
       1
       0
       1
       2
       0
       1
       1
       2
       0
       1
       0
       3
       0
       3
       0
       0
       0
       0
       4
       0
       3
       1
       3
       0
       1
       0
       0
       2
       3
       0
       2
       0
       0
       2
       0
       0
       1
       0
       0
       1
       2
       0
       2
       0
       2
       0
       1
       1
       1
       3
       1
       0
       0
       0
       4
       0
       0
       0
       1
       0
       0
       0
       0
       0
       0
       0
       0
       0
       1
       1
       2
       1
       2
       0
       1
       1
       1
       1
       0
       1
       1
       3
       0
       3
       0
       1
       2
       0
       1
       1
       2
       0
       0
       0
       0
       1
       0
       2
       1
       1
       1
       0
       2
       0
       2
       1
       2
       0
       1
       0
       0
       0
       0
       1
       0
       0
       1
       0
       0
       0
       2
       0
       0
       1
       1
       0
       0
       0
       1
       0
       1
       0
       1
       1
       0
       1
       0
       0
       0
       1
       0
       1
       0
       0
       0
       0
       1
       1
       0
       0
       1
       1
       0
       0
       0
       0
       1
       1
       0
       0
       0
       1
       0
       0
       0
       0
       0
       1
       0
       0
       0
       0
       0
       2
       0
       0
       0
       2
       0
       0
       0
       0
       1
       0
       0
       0
       2
       0
       0
       0
       1
       1
       0
       2
       0
       0
       1
       0
       0
       0
       0
       0
       0
       0
       0
       1
       1
       1
       0
       1
       1
       0
       1
       1
       0
       1
       0
       0
       0
       0
       1
       0
       1
       0
       0
       0
       0
       0
       1
       1
       0
       0
       0
       0
       0
       0
       0
       0
       0
       1
       0
       0
       0
       0
       1
       0
       1
       0
       0
       0
       0
       1
       1
       1
       0
       1
       0
       0
       1
       0
       0
       0
       1
       1
       0
       0
       0
       1
       0
       0
       0
       0
       0
       0
       2
       0
       1
       0
       0
       0
       0
       0
       0
       0
       1
       0
       0
       0
       0
       1
       0
       0
       0
       0
       0
       0
       0
       0
       0
       0
       0
       0
       0
       1
       1
       0
       1
       0
       2
       0
       1
       1
       2
       6
       0
       4
       6
       5
       6
       2
       1
       1
       1
       1
       0
       0
       0
       0
       0
       0
       0
       1
       0
       0
       0
       1
       0
       0
       0
       0
       0
       0
       0
       0
       1
       0
       0
       0
       0
       1
       0
       0
       0
       0
       0
       1
       0
       0
       0
       2
       0
       0
       0
       0
       0
       0
       0
       0
       0
       0
       1
       0
       1
       0
       0
       0
       0
       0
       0
       0
       0
       0
       0
       1
       0
       0
       0
       0
       1
       1
       0
       1
       0
       0
       0
       0
       0
       0
       0
       0
       0
       0
       1
       0
       1
       0
       0
       0
       0
       0
       0
       0
       1
       1
       0
       0
       0
       0
       0
       0
       0
       0
       1
       2
       0
       3
       0
       0
       1
       0
       1
       0
       0
       0
       0
       0
       0
       0
       0
       0
       0
       0
       1
       0
       1
       0
       0
       0
       0
       0
       0
       0
       1
       0
       0
       0
       1
       0
       1
       0
       1
       1
       0
       0
       0
       0
       0
       0
       1
       0
       0
       0
       0
       0
       1
       1
       0
       1
       0
       0
       1
       1
       0
       0
       0
       0
       0
       0
       0
       0
       0
       0
       0
       0
       0
       0
       0
       0
       0
       0
       1
       1
       0
       0
       0
       0
       0
       0
       0
       0
       0
       0
       1
       0
       0
       0
       1
       0
       1
       0
       0
       1
       0
       1
       0
       0
       0
       1
       0
       0
       0
       1
       0
       1
       0
       0
       1
       0
       0
       0
       0
       0
       1
       0
       0
       0
       0
       0
       0
       0
       0
       0
       0
       0
       0
       0
       0
       0
       0
       1
       0
       0
       0
       0
       1
       0
       0
       1
       0
       0
       0
       0
       0
       0
       0
       0
       0
       0
       0
       0
       0
       0
       0
       0
       0
       0
       1
       0
       0
       0
       0
       0
       0
       0
       0
       1
       0
       0
       0
       0
       1
       0
       0
       1
       0
       0
       0
       0
       0
       0
       0
       0
       0
       0
       0
       1
       1
       0
       0
       0
       0
       0
       0
       0
       0
       0
       0
       0
       1
       0
       0
       0
       0
       0
       0
       0
       0
       0
       0
       1
       0
       0
       2
       0
       0
       0
       0
       0
       0
       0
       0
       0
       0
       0
       0
       0
       0
       0
       0
       0
       0
       0
       0
       0
       0
       0
       0
       0
       0
       0
       0
       0
       0
       0
       0
       0
       0
       0
       0
       1
       0
       0
       0
       0
       0
       0
       0
       0
       0
       0
       0
       0
       0
       0
       1
       0
       0
       0
       1
       1
       0
       0
       0
       0
       0
       0
       0
       0
       0
       1
       0
       0
       0
       0
       0
       0
       0
       0
       0
       0
       0
       0
       0
       0
       0
       0
       1
       0
       0
       0
       0
       0
       0
       0
       0
       0
       0
       0
       0
       0
       0
       0
       0
       0
       0
       1
       0
       0
       0
       0
       0
       0
       0
       0
       0
       0
       0
       0
       0
       0
       0
       0
       0
       0
       0
       0
       0
       0
       0
       0
       0
       0
       0
       0
       0
       0
       0
       0
       0
       0
       1
       0
       0
       0
       0
       0
       0
       0
       1
       1
       1
       0
       0
       0
       0
       0
       0
       0
       0
       0
       0
       0
       0
       0
       2
       0
       0
       0
       0
       1
       0
       0
       0
       0
       0
       0
       1
       1
       0
       0
       0
       0
       0
       0
       0
       0
       0
       0
       1
       0
       0
       0
       0
       0
       0
       0
       0
       0
       0
       0
       0
       0
       0
       0
       1
       0
       0
       0
       0
       0
       0
       0
       0
       0
       0
       0
       0
       0
       1
       0
       0
       0
       0
       0
       0
       1
       1
       1
       0
       0
       0
       0
       0
       0
       1
       0
       0
       0
       0
       0
       0
       0
       0
       0
       0
       0
       0
       0
       0
       0
       0
       0
       0
       0
       1
       0
       0
       0
       0
       0
       0
       0
       0
       0
       1
       0
       0
       2
       0
       0
       0
       0
       0
       0
       0
       0
       0
       1
       0
       0
       0
       0
       0
       0
       0
       0
       0
       0
       0
       0
       0
       0
       0
       0
       0
       0
       0
       0
       0
       0
       0
       0
       0
       0
       0
       0
       0
       0
       0
       1
       0
       0
       0
       0
       1
       0
       0
       0
       0
       0
       0
       0
       0
       0
       0
       0
       0
       0
       0
       0
       1
       0
       0
       0
       0
       0
       0
       0
       0
       0
       0
       0
       1
       1
       0
       0
       0
       0
       0
       0
       0
       0
       0
       0
       0
       0
       0
       0
       0
       0
       0
       0
       0
       0
       0
       0
       0
       0
       1
       0
       0
       0
       0
       0
       0
       1
       1
       0
       0
       0
       0
       0
       0
       0
       0
       0
       0
       0
       0
       0
       0
       0
       1
       0
       0
       0
       0
       1
       0
       1
       0
       0
       1
       0
       0
       0
       0
       0
       0
       0
       0
       0
       1
       0
       0
       1
       0
       0
       0
       0
       0
       0
       0
       0
       1
       0
       0
       0
       0
       0
       0
       0
       0
       0
       0
       0
       0
       0
       0
       0
       0
       0
       0
       0
       0
       0
       0
       0
       0
       0
       1
       0
       1
       0
       1
       0
       0
       1
       0
       0
       0
       0
       0
       0
       0
       1
       0
       0
       0
       0
       0
       0
       0
       1
       0
       0
       0
       1
       0
       0
       0
       0
       0
       1
       0
       0
       0
       0
       1
       0
       0
       0
       0
       0
       0
       0
       0
       0
       0
       0
       0
       0
       0
       0
       1
       0
       0
       0
       0
       1
       1
       0
       0
       0
       1
       0
       0
       0
       0
       0
       0
       0
       0
       0
       0
       0
       0
       1
       0
       0
       0
       0
       0
       0
       0
       0
       0
       1
       0
       0
       0
       0
       1
       0
       0
       0
       0
       0
       0
       0
       0
       0
       0
       0
       0
       0
       0
       0
       0
       0
       1
       1
       1
       0
       1
       0
       0
       0
       0
       0
       0
       0
       1
       0
       0
       0
       1
       0
       0
       1
       0
       0
       0
       0
       0
       0
       0
       0
       1
       0
       0
       0
       0
       0
       1
       0
       0
       0
       0
       0
       0
       1
       0
       1
       0
       0
       1
       0
       0
       0
       0
       0
       0
       0
       0
       0
       0
       0
       0
       0
       0
       0
       0
       0
       0
       0
       0
       0
       0
       0
       0
       0
       0
       1
       0
       0
       0
       0
       0
       0
       0
       0
       0
       0
       0
       1
       0
       0
       0
       0
       0
       0
       0
       0
       0
       0
       0
       0
       0
       0
       0
       0
       0
       0
       0
       0
       0
       0
       0
       0
       0
       0
       0
       0
       0
       0
       0
       0
       0
       0
       0
       0
       0
       0
       0
       0
       0
       0
       0
       0
       0
       0
       0
       0
       0
       0
       0
       1
       0
       0
       0
       0
       0
       0
       0
       0
       0
       2
       0
       0
       0
       0
       0
       0
       0
       0
       1
       0
       0
       0
       0
       0
       0
       0
       0
       0
       0
       0
       0
       0
       1
       0
       0
       0
       0
       0
       0
       0
       0
       0
       0
       0
       0
       0
       0
       1
       0
       0
       0
       1
       0
       0
       0
       0
       0
       0
       0
       0
       0
       0
       0
       0
       0
       0
       0
       0
       0
       1
       0
       0
       0
       0
       0
       0
       0
       0
       0
       0
       0
       0
       0
       0
       0
       0
       0
       0
       1
       0
       0
       0
       0
       0
       0
       0
       0
       0
       0
       0
       0
       0
       0
       0
       0
       0
       0
       1
       0
       0
       0
       0
       0
       0
       1
       0
       0
       0
       0
       0
       0
       0
       0
       1
       0
       0
       0
       0
       0
       0
       0
       0
       0
       0
       0
       0
       0
       0
       1
       0
       0
       0
       0
       1
       0
       0
       0
       0
       0
       0
       0
       0
       0
       0
       0
       1
       0
       0
       1
       0
       0
       0
       0
       0
       0
       0
       0
       0
       0
       0
       0
       0
       0
       0
       0
       1
       0
       0
       0
       0
       0
       1
       0
       0
       0
       0
       0
       0
       0
       0
       0
       0
       0
       0
       0
       0
       0
       0
       0
       0
       1
       0
       0
       0
       0
       0
       0
       1
       0
       0
       0
       0
       0
       0
       0
       0
       0
       0
       0
       0
       0
       0
       0
       0
       0
       0
       0
       0
       0
       0
       0
       0
       0
       0
       0
       0
       1
       0
       0
       0
       0
       0
       0
       0
       1
       0
       0
       0
       0
       0
       0
       0
       0
       0
       0
       0
       0
       0
       0
       0
       0
       0
       0
       0
       0
       0
       0
       0
       0
       0
       0
       1
       1
       0
       0
       0
       0
       1
       0
       0
       0
       0
       0
       0
       0
       1
       0
       0
       0
       0
       0
       1
       0
       0
       0
       1
       0
       0
       0
       0
       0
       0
       1
       0
       0
       0
       0
       0
       0
       0
       0
       0
       0
       0
       0
       1
       1
       0
       0
       0
       0
       0
       0
       0
       0
       0
       0
       0
       0
       0
       0
       0
       0
       0
       0
       0
       0
       0
       0
       0
       0
       0
       0
       0
       0
       0
       0
       0
       0
       0
       1
       0
       0
       0
       0
       0
       0
       1
       0
       0
       0
       0
       0
       0
       0
       2
       1
       0
       0
       0
       0
       0
       0
       0
       0
       0
       0
       0
       2
       0
       0
       0
       0
       0
       0
       0
       0
       0
       0
       0
       0
       0
       0
       0
       0
       0
       0
       0
       0
       0
       1
       0
       0
       0
       0
       0
       0
       0
       0
       0
       0
       0
       0
       0
       0
       0
       0
       0
       0
       0
       0
       0
       0
       0
       0
       0
       0
       0
       0
       0
       0
       0
       0
       0
       0
       0
       0
       0
       0
       0
       0
       0
       0
       0
       0
       0
       0
       0
       0
       0
       0
       0
       0
       0
       0
       0
       0
       0
       0
       0
       0
       0
       0
       0
       0
       0
       0
       0
       0
       0
       0
       0
       0
       0
       0
       0
       0
       0
       0
       0
       0
       0
       0
       0
       0
       0
       0
       0
       0
       0
       0
       0
       0
       0
       0
       0
       0
       0
       0
       0
       0
       0
       0
       0
       0
       0
       0
       0
       0
       0
       0
       0
       0
       0
       0
       0
       0
       0
       0
       0
       0
       0
       0
       0
       0
       0
       0
       0
       0
       0
       0
       0
       0
       0
       0
       0
       0
       0
       0
       0
       0
       0
       0
       0
       0
       0
       0
       0
       0
       0
       0
       0
       0
       0
       0
       0
       0
       0
$ROI:
0
$PRESETS:
None
0
0
$ENER_FIT:
0.000000 0.000000
$MCA_CAL:
3
0.000000E+000 0.000000E+000 0.000000E+000 
$SHAPE_CAL:
3
0.000000E+000 0.000000E+000 0.000000E+000
