$SPEC_ID:
No sample description was entered.
$SPEC_REM:
DET# 1
DETDESC# SCE-SOPA-00035 MCB 133
AP# Maestro Version 7.01
$DATE_MEA:
11/21/2019 10:26:26
$MEAS_TIM:
3704 3705
$DATA:
0 4095
       0
       0
       0
       0
       0
       0
       0
       0
       0
       0
       0
       0
       0
       0
       0
       0
       0
       0
       0
       0
       0
       0
       0
       0
       1
       0
       3
      13
       4
      13
      55
      69
      52
      66
      59
      73
      71
      65
      76
      73
      69
      68
      79
      54
      78
      68
      71
      77
      84
      81
      70
      62
      65
      65
      68
      51
      71
      69
      75
      67
      68
      55
      78
      67
      70
      76
      60
      57
      62
      63
      76
      85
      70
      74
      79
      58
      64
      70
      70
      93
      68
      72
      63
      73
      78
      78
      66
      66
      74
      64
      72
      89
      93
     101
     101
      86
      90
      86
      69
      61
      72
      82
      70
      83
      81
      98
     100
      92
      80
      78
      88
      91
      80
      87
      89
     106
      80
      87
      96
      83
      84
     111
      90
      85
     106
      92
      88
      87
      80
      86
      84
     110
      89
      95
      88
     107
     112
      97
     106
     103
     119
      90
      83
      88
     109
      97
     110
      86
      93
     104
      95
      80
     107
      95
     110
      93
     101
      98
      98
      99
      84
      87
      73
      89
      84
      79
      85
     103
      78
      95
      86
      94
      99
      77
     102
      82
      73
      78
      83
      76
     101
      90
      92
      98
      78
      80
      97
      87
     102
      73
      84
      88
      89
     101
      86
      86
      72
     106
      78
      88
      73
      86
      86
      80
      87
      87
     106
      91
      99
      87
      80
      97
      85
      76
      91
      99
      84
     100
      94
      88
     104
      92
     100
      98
     106
     105
     100
      88
      79
      95
      90
      94
      82
      92
      71
      73
      85
      85
      86
      86
      87
      71
      71
      60
      84
      63
      60
      87
      65
      66
      71
      79
      84
      82
      62
      60
      53
      72
      65
      70
      58
      68
      57
      62
      61
      47
      69
      61
      62
      60
      61
      69
      58
      63
      62
      52
      51
      75
      62
      69
      41
      51
      52
      59
      44
      49
      51
      47
      40
      49
      47
      57
      44
      53
      51
      34
      43
      58
      56
      40
      38
      44
      47
      45
      49
      53
      39
      42
      42
      50
      42
      48
      46
      48
      46
      43
      42
      34
      41
      42
      44
      56
      51
      34
      38
      40
      58
      42
      41
      41
      38
      39
      43
      40
      33
      33
      36
      40
      53
      35
      46
      28
      45
      41
      36
      42
      36
      44
      42
      38
      35
      27
      39
      34
      38
      43
      43
      18
      28
      32
      37
      32
      33
      29
      40
      29
      37
      28
      28
      37
      41
      37
      29
      35
      28
      38
      36
      18
      27
      28
      43
      36
      35
      35
      31
      31
      23
      42
      34
      29
      25
      27
      26
      39
      37
      30
      42
      34
      28
      33
      32
      32
      28
      27
      31
      35
      27
      30
      20
      32
      32
      30
      30
      26
      34
      24
      30
      36
      33
      35
      27
      26
      28
      31
      29
      24
      26
      23
      40
      30
      28
      35
      25
      22
      31
      28
      32
      23
      26
      24
      24
      34
      20
      35
      28
      32
      31
      33
      30
      36
      39
      25
      22
      28
      30
      34
      31
      19
      35
      28
      24
      27
      32
      27
      29
      40
      26
      33
      22
      19
      31
      26
      31
      16
      26
      21
      29
      24
      33
      26
      23
      16
      32
      29
      26
      29
      28
      23
      23
      27
      31
      27
      22
      30
      22
      16
      20
      31
      27
      32
      31
      27
      33
      23
      19
      27
      18
      29
      21
      26
      22
      34
      28
      33
      32
      34
      34
      31
      30
      26
      24
      29
      26
      24
      28
      30
      23
      25
      21
      27
      30
      30
      25
      22
      31
      31
      23
      24
      15
      14
      27
      31
      23
      24
      27
      22
      19
      31
      27
      31
      19
      22
      27
      12
      26
      25
      21
      26
      22
      26
      16
      29
      19
      26
      28
      23
      33
      15
      27
      26
      20
      25
      18
      18
      27
      18
      28
      30
      31
      27
      18
      23
      25
      17
      24
      30
      24
      17
      22
      28
      24
      20
      25
      24
      11
      22
      23
      37
      17
      26
      24
      31
      28
      28
      26
      18
      22
      20
      25
      24
      30
      14
      26
      21
      26
      17
      24
      27
      25
      26
      22
      20
      24
      23
      22
      22
      22
      23
      22
      28
      19
      26
      24
      18
      24
      17
      23
      23
      17
      20
      29
      21
      20
      23
      25
      33
      17
      27
      30
      20
      29
      22
      16
      24
      20
      27
      21
      18
      21
      30
      19
      23
      26
      21
      15
      26
      21
      18
      14
      21
      23
      21
      20
      26
      29
      12
      20
      21
      32
      26
      18
      30
      21
      18
      26
      20
      22
      19
      23
      27
      22
      23
      19
      17
      22
      24
      17
      28
      27
      33
      24
      25
      25
      28
      21
      20
      25
      24
      20
      20
      21
      25
      28
      17
      29
      29
      26
      19
      17
      26
      28
      34
      21
      24
      19
      31
      22
      30
      21
      20
      21
      18
      29
      18
      24
      20
      19
      21
      30
      22
      27
      18
      19
      29
      24
      28
      31
      34
      16
      18
      18
      29
      23
      30
      17
      29
      24
      35
      16
      18
      29
      21
      23
      23
      35
      23
      18
      18
      13
      32
      23
      19
      17
      27
      27
      18
      25
      27
      19
      28
      24
      21
      33
      16
      29
      31
      21
      16
      22
      20
      15
      21
      21
      29
      23
      28
      25
      19
      30
      32
      31
      20
      24
      23
      25
      27
      14
      23
      30
      16
      24
      30
      25
      21
      21
      22
      19
      15
      25
      19
      26
      21
      24
      32
      31
      27
      17
      24
      33
      22
      19
      26
      29
      29
      35
      30
      28
      26
      28
      35
      27
      33
      20
      27
      24
      18
      28
      30
      14
      21
      28
      28
      25
      22
      24
      27
      27
      29
      19
      21
      29
      30
      17
      30
      25
      26
      30
      27
      22
      30
      27
      27
      31
      19
      30
      34
      19
      27
      21
      25
      31
      30
      25
      35
      27
      22
      27
      32
      28
      26
      24
      34
      32
      24
      29
      26
      16
      26
      36
      30
      28
      37
      31
      27
      29
      36
      35
      37
      25
      20
      39
      34
      28
      31
      28
      39
      28
      30
      34
      25
      40
      30
      29
      36
      32
      31
      34
      33
      41
      24
      24
      32
      31
      27
      33
      32
      30
      34
      24
      30
      35
      24
      38
      28
      32
      31
      38
      32
      26
      30
      35
      30
      30
      36
      39
      32
      31
      38
      28
      25
      30
      39
      29
      30
      37
      28
      31
      23
      31
      45
      38
      35
      21
      29
      25
      30
      31
      35
      28
      20
      25
      21
      31
      22
      20
      27
      38
      23
      30
      23
      34
      20
      30
      31
      23
      21
      28
      25
      29
      16
      25
      21
      25
      22
      22
      27
      30
      30
      18
      29
      19
      15
      23
      22
      28
      25
      24
      30
      21
      24
      20
      22
      15
      34
      22
      27
      22
      25
      24
      30
      30
      26
      25
      24
      27
      27
      20
      15
      21
      23
      23
      26
      30
      25
      17
      14
      33
      25
      13
      21
      12
      31
      12
      26
      28
      28
      20
      14
      19
      18
      18
      18
      19
      22
      22
      32
      13
      22
      20
      24
      14
      12
      17
      21
      28
      17
      29
      25
      19
      24
      17
      20
      17
      20
      16
      15
      23
      29
      16
      15
      23
      30
      16
      19
      19
      20
      15
      19
      17
      18
      18
      25
      17
      21
      32
      27
      20
      25
      30
      28
      15
      16
      21
      25
      24
      27
      32
      15
      25
      21
      17
      25
      16
      15
      20
      24
      14
      15
      27
      13
      16
      16
      19
      17
      17
      17
      11
       9
      12
      11
      12
      16
       8
      19
      17
       7
      17
      10
      11
      12
      16
      14
      15
      11
       7
      17
       9
       9
      16
       8
       5
      19
      15
      14
      12
      17
      19
      19
       9
      11
      18
      15
      12
      17
      17
      24
      77
     215
     434
     536
     485
     220
      65
       9
       7
       7
      11
       8
      11
       7
      11
       6
       5
      10
       6
       5
       9
       5
      10
      11
       9
       5
       6
       9
       7
       8
      13
       8
       6
       4
       8
       6
       6
       5
       7
       6
       6
       7
       9
      15
       3
       1
       6
       4
       5
       9
       3
       4
       7
       2
       4
      12
       5
       6
       7
       3
       4
      10
       6
       1
       3
       2
       4
       6
       3
       4
       4
       1
       3
       6
       5
       3
       4
       5
       2
       8
       2
       6
       4
       5
       2
       4
       5
       1
       2
       4
       2
       2
       5
       4
       5
       4
       5
       2
       1
       1
       5
       2
       3
       2
       3
       5
       5
       4
       1
       5
       5
       2
       4
       5
       0
       9
       4
       3
       3
       3
       4
       3
       1
       3
       5
       3
       2
       5
       2
       4
       3
       1
       1
       5
       8
       3
       3
       1
       4
       0
       6
       3
       3
       4
       3
       2
       4
       6
       2
       3
       1
       5
       5
       3
       3
       3
       4
       3
       7
      21
      69
     181
     357
     469
     406
     218
      59
      14
       5
       1
       2
       1
       1
       0
       0
       0
       3
       1
       1
       3
       1
       2
       1
       1
       1
       1
       0
       1
       1
       0
       1
       0
       1
       0
       1
       1
       0
       0
       1
       4
       1
       3
       1
       1
       3
       2
       1
       0
       3
       1
       0
       0
       2
       0
       1
       3
       0
       0
       0
       4
       1
       0
       3
       2
       2
       1
       2
       0
       1
       3
       5
       1
       1
       1
       3
       1
       3
       1
       0
       0
       0
       1
       1
       1
       2
       3
       0
       0
       1
       1
       0
       0
       2
       2
       3
       2
       1
       1
       0
       0
       0
       2
       0
       1
       1
       0
       0
       4
       1
       1
       2
       0
       0
       0
       1
       1
       3
       4
       1
       0
       0
       0
       0
       2
       0
       0
       0
       1
       0
       1
       5
       2
       5
       5
       2
       0
       0
       1
       0
       2
       0
       1
       0
       4
       4
       1
       1
       0
       0
       0
       1
       1
       0
       1
       0
       1
       2
       1
       1
       2
       1
       3
       2
       1
       0
       0
       1
       0
       0
       1
       2
       0
       0
       1
       0
       2
       2
       3
       1
       1
       0
       2
       1
       2
       1
       0
       0
       2
       0
       1
       2
       0
       2
       2
       0
       1
       2
       1
       1
       0
       1
       1
       2
       1
       1
       0
       1
       0
       1
       3
       1
       1
       0
       1
       1
       1
       2
       3
       1
       2
       3
       1
       1
       1
       0
       1
       1
       0
       1
       3
       0
       1
       0
       0
       1
       1
       1
       3
       2
       1
       2
       1
       1
       0
       0
       1
       0
       1
       1
       0
       1
       0
       1
       1
       0
       0
       0
       1
       2
       0
       2
       2
       1
       0
       1
       1
       2
       1
       1
       0
       0
       0
       0
       0
       1
       1
       1
       0
       2
       1
       0
       0
       2
       0
       1
       2
       1
       0
       1
       1
       1
       1
       3
       1
       0
       0
       1
       0
       2
       0
       2
       1
       1
       2
       0
       0
       0
       0
       2
       1
       1
       0
       2
       0
       0
       0
       2
       2
       0
       0
       0
       1
       2
       0
       1
       0
       0
       1
       0
       0
       2
       0
       0
       3
       0
       1
       1
       2
       1
       0
       0
       0
       2
       0
       1
       1
       2
       2
       0
       1
       0
       0
       0
       0
       2
       0
       1
       0
       0
       0
       0
       0
       0
       1
       1
       1
       1
       1
       1
       0
       2
       0
       0
       2
       1
       1
       2
       0
       3
       0
       1
       0
       1
       0
       0
       1
       2
       0
       1
       1
       0
       3
       0
       0
       1
       1
       0
       3
       2
       0
       0
       0
       0
       0
       1
       0
       0
       0
       1
       0
       2
       0
       1
       2
       0
       1
       0
       1
       0
       0
       0
       1
       1
       0
       0
       0
       1
       2
       1
       3
       0
       0
       1
       0
       2
       1
       0
       1
       0
       2
       3
       0
       1
       1
       2
       2
       1
       1
       2
       0
       0
       0
       1
       0
       0
       1
       1
       0
       0
       0
       0
       5
       0
       1
       0
       0
       0
       1
       1
       0
       0
       0
       0
       0
       0
       0
       1
       0
       1
       0
       0
       0
       2
       1
       0
       0
       1
       0
       0
       0
       0
       0
       0
       1
       0
       0
       0
       1
       1
       0
       1
       0
       1
       0
       2
       1
       1
       0
       0
       0
       0
       0
       1
       0
       0
       0
       0
       1
       1
       1
       2
       1
       1
       1
       0
       1
       0
       0
       0
       0
       2
       2
       1
       1
       1
       1
       3
       0
       2
       0
       1
       0
       0
       0
       0
       1
       0
       0
       0
       1
       0
       1
       1
       0
       1
       0
       0
       2
       0
       0
       2
       1
       1
       1
       0
       1
       0
       0
       0
       0
       1
       0
       1
       0
       1
       0
       0
       3
       1
       1
       0
       0
       0
       1
       1
       1
       0
       0
       0
       0
       1
       0
       0
       2
       0
       1
       2
       0
       0
       0
       1
       2
       1
       2
       1
       0
       1
       0
       0
       0
       0
       1
       0
       0
       0
       1
       1
       0
       0
       0
       1
       0
       0
       1
       1
       1
       1
       1
       0
       1
       0
       0
       2
       0
       0
       1
       0
       1
       1
       0
       1
       0
       1
       1
       0
       2
       0
       1
       1
       2
       1
       0
       0
       0
       0
       0
       2
       1
       0
       0
       0
       1
       0
       0
       0
       1
       2
       1
       0
       0
       0
       1
       0
       0
       0
       1
       0
       0
       1
       1
       1
       0
       0
       1
       0
       0
       1
       0
       3
       1
       1
       1
       0
       0
       0
       0
       0
       0
       0
       0
       2
       0
       0
       0
       0
       0
       0
       1
       0
       0
       1
       0
       0
       1
       0
       0
       0
       0
       0
       0
       0
       0
       0
       0
       1
       1
       0
       1
       0
       0
       2
       0
       0
       0
       2
       0
       0
       0
       1
       1
       0
       1
       0
       1
       0
       0
       0
       1
       1
       0
       0
       0
       1
       0
       0
       1
       1
       0
       0
       0
       0
       0
       0
       0
       0
       2
       2
       0
       1
       1
       0
       0
       2
       0
       1
       1
       2
       0
       0
       1
       0
       0
       0
       0
       0
       0
       0
       1
       0
       0
       0
       0
       1
       1
       0
       0
       0
       1
       0
       0
       0
       0
       1
       0
       0
       1
       1
       0
       0
       0
       0
       0
       0
       1
       0
       0
       0
       1
       0
       0
       1
       0
       0
       1
       0
       1
       1
       0
       1
       0
       0
       0
       0
       0
       1
       0
       1
       0
       0
       2
       0
       1
       0
       0
       0
       0
       0
       0
       0
       0
       0
       0
       0
       1
       2
       0
       0
       1
       1
       1
       0
       0
       0
       0
       0
       0
       1
       0
       1
       0
       1
       1
       0
       0
       0
       0
       1
       1
       0
       0
       0
       1
       1
       0
       0
       1
       0
       0
       1
       0
       1
       1
       0
       0
       1
       0
       1
       0
       0
       0
       0
       0
       0
       0
       2
       0
       2
       0
       0
       0
       0
       1
       0
       0
       0
       1
       1
       0
       0
       2
       0
       0
       1
       1
       1
       1
       0
       1
       1
       0
       0
       0
       0
       0
       0
       1
       0
       1
       0
       1
       2
       0
       0
       0
       0
       1
       0
       0
       0
       1
       1
       2
       0
       0
       0
       1
       1
       1
       1
       1
       0
       0
       0
       0
       0
       0
       0
       0
       0
       0
       0
       0
       0
       0
       0
       0
       0
       0
       1
       1
       0
       0
       0
       1
       0
       0
       0
       0
       0
       0
       0
       0
       0
       0
       1
       0
       0
       0
       0
       0
       1
       1
       0
       0
       0
       0
       1
       0
       1
       0
       0
       1
       0
       0
       0
       0
       0
       1
       0
       0
       1
       0
       0
       0
       1
       1
       3
       0
       1
       0
       1
       0
       0
       0
       2
       0
       0
       0
       0
       1
       0
       0
       0
       0
       0
       1
       0
       0
       0
       1
       0
       0
       1
       1
       0
       0
       1
       0
       0
       1
       0
       1
       0
       0
       0
       0
       0
       1
       1
       0
       2
       0
       0
       1
       0
       0
       0
       1
       0
       1
       0
       0
       0
       0
       0
       2
       0
       0
       0
       0
       2
       0
       0
       0
       0
       0
       0
       0
       0
       0
       1
       0
       0
       0
       0
       0
       0
       0
       0
       0
       0
       0
       0
       1
       1
       0
       1
       0
       0
       0
       0
       0
       0
       1
       0
       1
       0
       0
       0
       0
       0
       1
       0
       0
       0
       0
       0
       0
       0
       1
       0
       0
       0
       0
       0
       0
       0
       0
       0
       0
       0
       0
       0
       0
       0
       0
       0
       0
       0
       0
       0
       0
       0
       0
       0
       0
       2
       0
       0
       1
       0
       1
       0
       0
       0
       0
       0
       0
       0
       1
       0
       0
       1
       0
       0
       1
       0
       0
       0
       0
       0
       0
       0
       0
       0
       0
       1
       0
       0
       0
       0
       0
       0
       0
       0
       0
       0
       0
       0
       0
       0
       0
       0
       0
       1
       0
       0
       0
       0
       0
       0
       0
       0
       0
       0
       1
       0
       0
       0
       0
       1
       0
       0
       0
       0
       0
       0
       2
       0
       0
       0
       1
       0
       0
       0
       0
       0
       0
       0
       1
       1
       1
       0
       0
       0
       1
       0
       0
       0
       0
       0
       0
       1
       0
       1
       0
       0
       0
       1
       0
       0
       1
       0
       1
       0
       0
       0
       1
       0
       0
       1
       0
       1
       0
       0
       0
       2
       1
       0
       0
       2
       0
       2
       0
       0
       0
       0
       0
       0
       0
       0
       0
       0
       0
       0
       0
       0
       0
       0
       0
       1
       0
       0
       0
       0
       1
       0
       0
       0
       0
       0
       0
       0
       0
       0
       0
       0
       0
       1
       0
       0
       0
       0
       0
       0
       0
       0
       0
       0
       0
       0
       0
       0
       0
       0
       1
       0
       0
       1
       0
       1
       0
       0
       0
       0
       0
       0
       0
       0
       0
       0
       0
       0
       0
       0
       0
       0
       0
       1
       0
       0
       0
       0
       1
       0
       0
       0
       0
       0
       0
       1
       0
       0
       0
       0
       0
       0
       0
       0
       0
       0
       0
       0
       0
       0
       0
       0
       0
       0
       0
       0
       0
       0
       0
       0
       0
       0
       0
       0
       0
       0
       0
       0
       1
       0
       1
       0
       0
       1
       0
       0
       0
       0
       0
       0
       0
       0
       0
       0
       0
       1
       0
       1
       0
       0
       0
       0
       0
       0
       0
       0
       0
       1
       0
       0
       0
       0
       0
       1
       2
       0
       0
       0
       1
       0
       0
       0
       1
       0
       0
       0
       0
       0
       0
       0
       0
       0
       0
       0
       0
       0
       0
       0
       0
       1
       0
       0
       0
       0
       0
       0
       0
       0
       1
       0
       0
       0
       1
       0
       0
       0
       0
       0
       0
       0
       0
       0
       0
       0
       0
       0
       0
       0
       1
       0
       0
       0
       0
       0
       1
       0
       1
       0
       0
       0
       0
       0
       0
       0
       0
       0
       2
       0
       0
       0
       0
       0
       0
       0
       0
       0
       0
       0
       2
       0
       0
       0
       0
       0
       0
       0
       0
       0
       0
       0
       0
       0
       0
       0
       0
       0
       0
       0
       1
       0
       0
       1
       0
       0
       2
       0
       0
       0
       0
       1
       0
       1
       0
       0
       0
       1
       0
       0
       0
       0
       0
       0
       0
       1
       0
       0
       1
       0
       0
       0
       0
       0
       0
       0
       1
       0
       0
       1
       0
       0
       0
       1
       0
       0
       0
       0
       0
       0
       0
       0
       1
       0
       1
       0
       0
       0
       0
       0
       0
       0
       0
       0
       0
       0
       1
       0
       0
       0
       0
       0
       0
       1
       0
       0
       0
       0
       0
       0
       0
       1
       0
       0
       0
       0
       0
       0
       0
       0
       0
       0
       0
       0
       0
       0
       2
       1
       0
       0
       1
       0
       1
       0
       0
       0
       0
       0
       0
       0
       0
       0
       0
       0
       0
       0
       0
       0
       0
       0
       0
       0
       0
       0
       0
       0
       0
       0
       0
       0
       0
       0
       0
       0
       0
       0
       0
       0
       0
       0
       1
       0
       0
       1
       0
       0
       0
       0
       0
       0
       0
       2
       0
       0
       1
       0
       0
       0
       0
       0
       0
       0
       1
       0
       0
       0
       1
       0
       0
       1
       0
       0
       0
       0
       0
       0
       0
       0
       0
       1
       0
       1
       0
       0
       0
       0
       0
       0
       0
       0
       0
       0
       0
       0
       0
       0
       0
       0
       0
       0
       0
       0
       1
       0
       0
       0
       1
       0
       0
       1
       0
       0
       0
       0
       0
       0
       0
       0
       0
       0
       0
       0
       0
       0
       0
       0
       0
       0
       0
       0
       0
       2
       0
       0
       0
       0
       0
       0
       1
       0
       0
       0
       0
       0
       0
       0
       0
       0
       0
       0
       0
       0
       0
       0
       1
       0
       1
       0
       1
       0
       0
       1
       0
       0
       0
       0
       0
       0
       0
       0
       0
       0
       0
       0
       0
       0
       0
       0
       1
       0
       1
       0
       0
       0
       0
       0
       0
       0
       0
       0
       0
       0
       1
       0
       1
       0
       0
       0
       0
       0
       0
       0
       0
       0
       0
       0
       0
       0
       0
       0
       0
       0
       0
       0
       1
       0
       0
       0
       0
       0
       0
       0
       0
       0
       0
       0
       0
       0
       0
       0
       0
       0
       1
       0
       0
       0
       0
       0
       0
       0
       1
       0
       0
       0
       0
       0
       0
       2
       0
       0
       0
       0
       0
       0
       0
       0
       0
       0
       0
       0
       0
       1
       0
       0
       1
       0
       0
       0
       0
       0
       0
       0
       0
       0
       0
       0
       0
       0
       0
       0
       0
       0
       1
       0
       0
       0
       0
       0
       0
       0
       0
       0
       0
       0
       0
       0
       0
       0
       0
       0
       0
       0
       0
       0
       1
       0
       1
       0
       0
       0
       0
       0
       0
       0
       0
       0
       0
       0
       0
       0
       0
       0
       0
       0
       0
       0
       0
       0
       0
       1
       0
       0
       0
       0
       1
       0
       0
       0
       0
       0
       0
       0
       0
       0
       0
       0
       0
       0
       0
       0
       0
       0
       0
       0
       0
       0
       0
       0
       0
       0
       0
       0
       0
       0
       0
       0
       0
       0
       0
       0
       0
       0
       0
       0
       0
       0
       0
       0
       0
       0
       0
       0
       0
       0
       0
       0
       0
       0
       0
       0
       0
       0
       0
       0
       0
       1
       0
       0
       0
       1
       0
       0
       0
       0
       0
       0
       0
       0
       0
       0
       0
       0
       0
       0
       1
       0
       1
       0
       0
       0
       0
       0
       0
       0
       0
       0
       0
       0
       0
       0
       0
       1
       0
       0
       0
       0
       0
       0
       0
       0
       0
       0
       0
       0
       0
       0
       0
       0
       1
       0
       0
       0
       0
       0
       0
       0
       0
       0
       0
       0
       0
       0
       0
       0
       0
       0
       0
       0
       0
       1
       0
       0
       1
       0
       0
       0
       1
       0
       0
       0
       0
       0
       0
       0
       0
       0
       0
       0
       0
       0
       0
       0
       0
       0
       0
       0
       0
       0
       0
       1
       0
       0
       0
       0
       0
       0
       0
       0
       0
       0
       0
       0
       0
       0
       0
       0
       0
       0
       0
       0
       0
       0
       0
       1
       1
       1
       0
       0
       0
       0
       0
       0
       0
       0
       0
       0
       0
       0
       0
       0
       0
       0
       0
       0
       0
       0
       0
       0
       0
       0
       0
       0
       0
       1
       0
       0
       0
       0
       0
       0
       0
       0
       0
       0
       0
       0
       1
       0
       0
       0
       0
       0
       0
       1
       0
       0
       0
       0
       0
       0
       0
       0
       0
       0
       0
       0
       0
       0
       0
       0
       1
       0
       0
       1
       0
       0
       0
       0
       0
       1
       0
       0
       0
       0
       0
       0
       0
       0
       0
       0
       0
       0
       0
       0
       0
       0
       0
       0
       0
       0
       0
       0
       0
       1
       0
       0
       0
       0
       0
       0
       0
       0
       0
       0
       0
       1
       0
       0
       0
       0
       0
       0
       0
       0
       0
       0
       0
       0
       0
       1
       0
       0
       0
       0
       1
       0
       0
       0
       0
       0
       0
       1
       0
       0
       0
       0
       0
       0
       0
       0
       1
       0
       0
       0
       0
       0
       0
       0
       0
       0
       0
       0
       0
       0
       0
       0
       0
       0
       0
       0
       0
       0
       0
       0
       0
       0
       0
       0
       0
       0
       0
       0
       0
       0
       0
       0
       0
       0
       0
       0
       0
       0
       0
       0
       0
       0
       0
       0
       0
       0
       0
       0
       0
       0
       1
       0
       0
       0
       0
       1
       0
       0
       0
       0
       0
       0
       0
       0
       0
       0
       0
       0
       0
       0
       0
       0
       0
       0
       0
       0
       0
       0
       0
       0
       1
       0
       0
       0
       0
       0
       1
       0
       0
       0
       0
       0
       0
       0
       0
       0
       0
       0
       0
       0
       0
       0
       0
       0
       0
       0
       0
       0
       0
       0
       2
       0
       0
       0
       0
       0
       0
       0
       1
       0
       0
       0
       0
       0
       0
       0
       0
       0
       0
       0
       0
       0
       0
       0
       0
       0
       0
       0
       0
       0
       0
       0
       0
       0
       0
       0
       0
       0
       0
       1
       0
       0
       0
       0
       0
       0
       0
       0
       0
       0
       0
       1
       0
       0
       0
       0
       0
       0
       0
       0
       0
       0
       0
       1
       0
       0
       0
       0
       1
       0
       0
       0
       0
       0
       1
       1
       0
       0
       0
       0
       0
       0
       0
       0
       0
       0
       0
       0
       0
       0
       1
       0
       0
       1
       0
       0
       0
       0
       0
       0
       0
       0
       0
       0
       1
       0
       0
       0
       1
       0
       0
       0
       0
       1
       0
       0
       0
       1
       0
       0
       0
       0
       0
       0
       0
       0
       0
       0
       0
       0
       0
       1
       0
       0
       0
       1
       0
       0
       0
       0
       0
       0
       0
       0
       0
       0
       0
       0
       0
       0
       0
       0
       0
       0
       0
       0
       0
       0
       0
       0
       0
       0
       0
       0
       0
       1
       0
       0
       0
       0
       0
       0
       0
       0
       0
       0
       0
       0
       0
       0
       0
       0
       0
       0
       0
       0
       0
       0
       0
       0
       0
       0
       0
       0
       0
       0
       0
       0
       0
       0
       0
       0
       0
       0
       0
       0
       0
       0
       0
       0
       0
       0
       0
       0
       0
       0
       0
       0
       0
       0
       0
       0
       0
       0
       0
       0
       0
       0
       0
       0
       0
       0
       0
       0
       0
       0
       0
       0
       0
       0
       0
       0
       0
       0
       0
       0
       0
       0
       0
       0
       0
       0
       0
       0
       0
       0
       0
       0
       0
       0
       0
       0
       0
       0
       0
       0
       0
       0
       0
       0
       0
       0
       0
       0
       0
       0
       0
       0
       0
       0
       0
       0
       0
       0
       0
       0
       0
       0
       0
       0
       0
       0
       0
       0
       0
       0
       0
       0
       0
       0
       0
       0
       0
       0
       0
       0
       0
       0
       0
       0
       0
       0
       0
       0
       0
       0
       0
       0
       0
       0
       0
       0
       0
$ROI:
0
$PRESETS:
None
0
0
$ENER_FIT:
0.000000 0.000000
$MCA_CAL:
3
0.000000E+000 0.000000E+000 0.000000E+000 
$SHAPE_CAL:
3
0.000000E+000 0.000000E+000 0.000000E+000
