$SPEC_ID:
No sample description was entered.
$SPEC_REM:
DET# 1
DETDESC# SCE-SOPA-00035 MCB 133
AP# Maestro Version 7.01
$DATE_MEA:
11/11/2019 13:44:54
$MEAS_TIM:
3524 3524
$DATA:
0 4095
       0
       0
       0
       0
       0
       0
       0
       0
       0
       0
       0
       0
       0
       0
       0
       0
       0
       0
       0
       0
       0
       0
       0
       0
       0
       0
       1
       2
       3
       9
      61
      91
      85
      77
      81
      92
      79
      80
      70
      77
      85
      87
      76
      86
      83
      94
      85
      97
      82
      76
      81
      93
      96
      75
      91
      79
      77
      74
      81
      84
      81
      78
      91
      90
      91
      91
      74
      69
      76
      84
      89
      86
      80
      90
      71
      94
      87
      94
      82
      84
      80
     111
      91
      81
      94
      82
      73
      94
      98
      86
      82
      90
     115
     121
     111
      94
      88
      89
      92
     103
      83
      98
      95
      79
      97
     106
      94
      96
      97
     105
     103
     100
      98
      96
      93
      88
     115
     116
     100
     107
     102
     119
     107
     102
     117
     104
      91
     102
      95
     123
     128
     129
     106
     128
     129
     123
     116
     103
     109
     119
     114
     110
     105
     117
     122
     123
     101
     111
     113
     127
     129
     126
      99
     111
     117
      96
     112
     104
     100
     100
     132
     102
     103
      93
     108
      89
      88
     109
      86
      84
     102
     104
     107
      93
      90
     108
     111
      89
      90
      88
      94
      86
      99
     102
      99
     118
     109
     127
     114
     123
     114
     110
     108
     108
     121
     111
     114
     106
      99
     105
     101
     110
     102
     102
     124
      89
     111
      98
     107
     102
      96
     116
     127
     130
     125
     117
     118
     136
     129
     118
     104
     111
     116
     117
     109
     112
     133
     112
     108
     106
     119
     113
     119
     113
     105
      91
      97
      81
     102
      98
     118
     100
      93
      87
      93
      96
      86
      84
      71
      90
      79
     103
      89
      75
      86
      84
      88
      70
      82
      93
      62
      81
      64
      82
      74
      79
      90
      83
      67
      80
      63
      69
      53
      70
      66
      68
      73
      59
      62
      74
      60
      64
      70
      67
      56
      49
      60
      86
      47
      57
      60
      53
      70
      62
      64
      69
      60
      50
      58
      52
      48
      59
      64
      64
      68
      65
      58
      47
      52
      61
      48
      66
      60
      58
      56
      46
      34
      58
      61
      55
      59
      39
      55
      52
      55
      53
      43
      46
      59
      56
      45
      52
      50
      49
      38
      58
      45
      43
      49
      51
      57
      49
      62
      49
      42
      52
      55
      43
      39
      51
      42
      44
      50
      47
      48
      47
      52
      41
      47
      41
      53
      36
      48
      57
      45
      37
      38
      54
      43
      42
      32
      41
      36
      50
      34
      43
      36
      51
      47
      33
      43
      43
      34
      42
      23
      33
      37
      48
      39
      40
      28
      36
      32
      41
      40
      59
      47
      56
      33
      42
      41
      36
      45
      36
      34
      38
      45
      28
      46
      43
      34
      35
      35
      30
      39
      36
      40
      37
      45
      39
      36
      38
      33
      40
      33
      43
      32
      37
      46
      38
      36
      50
      35
      33
      53
      45
      33
      34
      40
      33
      27
      33
      27
      38
      39
      33
      25
      30
      37
      46
      26
      26
      45
      28
      37
      33
      35
      40
      34
      40
      31
      40
      56
      53
      45
      42
      42
      37
      38
      31
      33
      41
      37
      34
      45
      36
      35
      43
      26
      31
      34
      27
      33
      28
      32
      36
      33
      41
      47
      40
      35
      47
      28
      40
      39
      45
      35
      40
      31
      32
      26
      39
      30
      33
      31
      25
      37
      36
      45
      32
      36
      37
      63
      56
      40
      42
      34
      31
      26
      38
      46
      27
      30
      37
      39
      35
      34
      27
      37
      32
      33
      29
      41
      35
      30
      32
      36
      49
      30
      41
      39
      31
      37
      42
      30
      33
      40
      35
      32
      35
      23
      38
      34
      35
      41
      37
      33
      39
      29
      44
      40
      25
      35
      32
      29
      33
      37
      44
      36
      28
      52
      36
      28
      25
      30
      38
      25
      30
      31
      38
      35
      36
      41
      31
      38
      30
      36
      32
      36
      33
      26
      22
      36
      26
      32
      30
      32
      23
      40
      29
      48
      32
      30
      31
      33
      23
      27
      42
      20
      33
      44
      31
      30
      33
      33
      45
      35
      18
      30
      24
      26
      39
      27
      31
      35
      30
      28
      34
      25
      20
      31
      29
      32
      41
      35
      37
      29
      26
      45
      29
      29
      37
      30
      34
      33
      46
      34
      31
      27
      44
      27
      33
      40
      29
      40
      39
      34
      48
      29
      24
      34
      22
      34
      21
      29
      31
      36
      34
      37
      30
      29
      34
      44
      32
      32
      20
      25
      32
      22
      31
      33
      37
      21
      32
      41
      35
      36
      34
      30
      33
      35
      28
      37
      34
      33
      30
      40
      31
      25
      32
      28
      31
      30
      31
      31
      34
      28
      32
      31
      31
      33
      40
      36
      27
      34
      39
      31
      30
      40
      31
      27
      35
      29
      29
      33
      38
      35
      29
      32
      25
      28
      41
      31
      33
      38
      32
      35
      22
      31
      28
      33
      46
      34
      35
      21
      39
      40
      25
      21
      26
      36
      42
      25
      32
      32
      35
      29
      32
      30
      28
      44
      36
      37
      37
      28
      34
      29
      35
      26
      47
      33
      31
      35
      31
      32
      29
      33
      34
      32
      36
      31
      41
      30
      26
      28
      35
      33
      23
      26
      27
      34
      24
      39
      33
      30
      36
      45
      30
      30
      31
      41
      33
      42
      23
      33
      36
      34
      36
      37
      45
      32
      45
      39
      34
      40
      39
      34
      46
      39
      31
      27
      40
      34
      34
      50
      38
      31
      33
      36
      33
      39
      34
      32
      45
      39
      26
      32
      40
      33
      46
      51
      40
      29
      37
      36
      28
      26
      39
      23
      34
      25
      42
      34
      40
      37
      39
      40
      35
      50
      46
      34
      25
      33
      38
      41
      36
      38
      34
      32
      29
      32
      35
      35
      32
      33
      40
      33
      35
      43
      44
      46
      50
      41
      37
      33
      36
      50
      44
      41
      39
      38
      45
      38
      42
      44
      37
      51
      34
      36
      48
      44
      38
      44
      45
      37
      42
      41
      44
      35
      44
      42
      43
      53
      48
      46
      42
      46
      54
      28
      40
      50
      48
      50
      42
      49
      46
      41
      42
      41
      56
      46
      43
      36
      50
      46
      36
      43
      59
      28
      49
      46
      41
      43
      44
      52
      41
      45
      50
      65
      43
      59
      56
      54
      49
      47
      42
      62
      55
      43
      48
      46
      52
      43
      48
      47
      39
      46
      48
      37
      38
      56
      47
      37
      42
      39
      39
      37
      38
      38
      31
      32
      42
      41
      42
      28
      38
      40
      36
      40
      35
      28
      33
      32
      33
      29
      32
      37
      45
      36
      40
      34
      35
      43
      35
      24
      30
      38
      41
      30
      37
      34
      38
      32
      30
      36
      24
      33
      22
      37
      39
      40
      31
      28
      28
      36
      44
      39
      36
      30
      46
      27
      33
      37
      47
      34
      33
      37
      21
      30
      37
      40
      37
      34
      28
      25
      38
      39
      31
      31
      24
      33
      36
      31
      38
      46
      38
      37
      25
      35
      43
      38
      31
      34
      24
      41
      29
      30
      39
      31
      23
      25
      32
      23
      19
      33
      29
      26
      29
      31
      27
      27
      35
      33
      30
      41
      42
      43
      29
      30
      32
      31
      38
      19
      34
      40
      38
      29
      30
      35
      33
      29
      30
      26
      35
      34
      34
      34
      29
      34
      30
      26
      31
      32
      32
      37
      37
      37
      39
      40
      33
      33
      30
      38
      24
      21
      20
      25
      22
      14
      32
      15
      12
      25
      24
      23
      26
      21
      22
      17
      21
      21
      17
      13
      18
      24
      21
      28
      21
      27
      22
      14
      17
      18
      16
      17
      26
      14
      16
      22
      15
      15
      18
      11
      16
      15
      28
      14
      22
      21
      20
      21
      17
      15
      26
      38
     146
     361
     700
     796
     632
     257
      78
      30
      12
      14
      18
      21
      20
      15
       7
      11
      12
      15
       7
      13
       5
      13
      14
      13
      10
       7
      15
       9
      12
      11
       7
      13
      11
       7
      12
       9
      10
      12
      14
       7
       7
       9
       6
      12
       4
       6
       8
      10
       6
       4
      11
       6
      11
      10
       6
      11
      12
       7
       7
       6
      10
       5
       5
       1
       4
       6
       8
       7
       5
       5
       5
       2
       5
       5
       6
       1
       6
       4
       4
       2
       3
       5
      10
       5
       4
       4
       4
       4
       4
       1
       5
       7
       6
       5
       1
       7
       5
       2
       5
       5
       4
       1
       2
       5
       4
       2
       4
       9
       3
       2
      11
       4
       5
       8
       7
       4
       6
       5
       7
       2
       6
       7
       4
       4
       5
       5
       2
       3
       3
       8
       3
       2
       2
       6
       2
       4
       2
       2
       5
       3
       4
       4
      10
       8
       4
       5
       6
       3
       4
       8
       6
       8
       6
       5
      10
       7
      10
       6
      14
      53
     175
     350
     597
     675
     453
     207
      42
      16
       5
       3
       4
       6
       2
       0
       3
       0
       2
       0
       1
       2
       1
       4
       1
       3
       0
       0
       2
       2
       2
       2
       0
       0
       2
       0
       1
       0
       1
       0
       2
       1
       2
       1
       2
       3
       0
       2
       1
       0
       1
       0
       1
       1
       2
       0
       3
       2
       0
       0
       0
       2
       1
       1
       2
       5
       0
       4
       1
       0
       2
       1
       3
       0
       3
       1
       2
       5
       0
       0
       4
       2
       2
       0
       1
       1
       2
       0
       0
       3
       1
       2
       3
       0
       0
       2
       0
       1
       1
       2
       1
       0
       2
       1
       2
       2
       1
       1
       2
       0
       1
       0
       1
       1
       1
       0
       2
       1
       0
       1
       2
       2
       1
       1
       1
       0
       2
       0
       2
       0
       1
       1
       5
       5
       6
       3
       1
       1
       0
       1
       2
       0
       1
       2
       1
       1
       0
       0
       0
       2
       0
       2
       2
       2
       1
       0
       1
       1
       3
       2
       0
       1
       1
       0
       1
       2
       1
       3
       0
       2
       1
       1
       2
       1
       1
       0
       0
       0
       0
       1
       1
       2
       2
       0
       0
       0
       1
       1
       1
       3
       0
       1
       2
       0
       0
       2
       1
       1
       1
       1
       0
       0
       1
       2
       1
       0
       1
       2
       0
       0
       0
       1
       0
       2
       1
       0
       2
       3
       1
       2
       0
       0
       0
       0
       1
       1
       0
       1
       0
       0
       2
       1
       2
       0
       1
       0
       0
       1
       1
       1
       1
       3
       1
       1
       1
       2
       0
       0
       1
       1
       0
       0
       2
       0
       1
       0
       2
       1
       1
       0
       1
       2
       1
       3
       0
       0
       1
       0
       2
       1
       0
       1
       1
       0
       1
       1
       0
       2
       1
       2
       2
       1
       1
       1
       1
       0
       0
       2
       0
       2
       1
       2
       1
       0
       0
       2
       1
       0
       1
       2
       1
       1
       2
       0
       0
       0
       1
       2
       2
       1
       3
       3
       0
       0
       2
       0
       1
       2
       0
       0
       0
       0
       0
       0
       3
       1
       1
       0
       4
       1
       0
       1
       0
       0
       0
       0
       1
       0
       1
       1
       2
       0
       3
       1
       0
       1
       1
       1
       0
       1
       0
       1
       0
       0
       3
       1
       1
       1
       0
       0
       0
       2
       0
       1
       0
       2
       2
       0
       1
       1
       1
       0
       0
       0
       2
       2
       2
       0
       2
       2
       0
       0
       1
       0
       1
       0
       1
       0
       0
       1
       1
       1
       0
       0
       1
       1
       1
       2
       1
       2
       0
       0
       0
       0
       1
       0
       0
       0
       1
       0
       2
       1
       0
       0
       0
       0
       0
       0
       0
       0
       0
       1
       0
       0
       1
       3
       0
       0
       2
       0
       0
       0
       0
       0
       2
       2
       1
       3
       2
       1
       1
       2
       1
       0
       1
       0
       0
       0
       0
       1
       0
       0
       3
       0
       0
       1
       0
       0
       0
       1
       0
       0
       1
       1
       0
       0
       0
       1
       1
       2
       0
       1
       1
       0
       1
       0
       0
       1
       0
       3
       1
       0
       0
       1
       0
       0
       0
       0
       0
       2
       0
       0
       0
       0
       0
       0
       1
       3
       1
       0
       1
       1
       0
       2
       0
       1
       0
       1
       1
       0
       1
       0
       4
       2
       0
       1
       2
       0
       0
       0
       0
       1
       1
       0
       0
       0
       0
       1
       1
       1
       1
       0
       0
       0
       1
       1
       1
       2
       1
       0
       0
       0
       1
       0
       1
       1
       2
       0
       0
       2
       2
       0
       1
       1
       0
       0
       0
       1
       0
       0
       0
       0
       1
       0
       1
       0
       0
       2
       0
       0
       0
       0
       0
       0
       1
       0
       0
       0
       1
       0
       0
       2
       1
       2
       0
       1
       1
       1
       0
       0
       2
       0
       1
       2
       0
       1
       0
       2
       0
       0
       0
       0
       0
       0
       1
       0
       0
       0
       0
       0
       2
       1
       0
       1
       2
       1
       0
       1
       0
       0
       0
       0
       0
       0
       0
       0
       1
       1
       1
       0
       0
       0
       0
       0
       0
       0
       1
       0
       0
       1
       0
       5
       2
       1
       0
       0
       1
       1
       0
       0
       1
       0
       0
       0
       0
       0
       0
       2
       0
       1
       0
       0
       1
       0
       0
       1
       2
       0
       0
       1
       0
       0
       1
       0
       1
       1
       1
       0
       0
       0
       0
       1
       0
       0
       0
       0
       1
       1
       2
       0
       0
       0
       2
       2
       0
       0
       0
       0
       0
       1
       1
       0
       0
       0
       0
       0
       1
       0
       1
       0
       2
       0
       2
       1
       0
       1
       0
       0
       2
       1
       2
       0
       0
       0
       0
       0
       0
       1
       1
       0
       0
       1
       1
       0
       0
       0
       0
       1
       1
       0
       1
       1
       0
       0
       1
       2
       0
       0
       1
       0
       0
       1
       1
       0
       0
       0
       0
       0
       0
       1
       0
       0
       0
       0
       2
       0
       0
       1
       0
       0
       0
       0
       1
       0
       0
       0
       0
       2
       1
       0
       1
       3
       3
       0
       1
       2
       0
       3
       0
       1
       1
       2
       0
       2
       2
       0
       0
       0
       0
       0
       1
       0
       0
       0
       0
       0
       1
       1
       1
       0
       0
       0
       1
       0
       0
       0
       2
       1
       0
       0
       0
       0
       0
       1
       0
       0
       1
       0
       0
       0
       1
       1
       0
       1
       0
       0
       0
       0
       2
       0
       0
       1
       0
       1
       1
       1
       0
       1
       2
       0
       1
       0
       0
       0
       2
       0
       1
       0
       0
       0
       1
       0
       0
       1
       0
       0
       0
       1
       0
       0
       1
       0
       1
       0
       2
       0
       0
       0
       0
       1
       1
       0
       1
       0
       1
       1
       0
       1
       0
       1
       0
       0
       1
       1
       0
       0
       0
       0
       0
       1
       1
       0
       0
       0
       0
       0
       0
       0
       1
       1
       0
       0
       1
       0
       1
       0
       0
       0
       1
       1
       0
       0
       0
       0
       1
       0
       1
       0
       2
       0
       1
       0
       0
       0
       0
       1
       0
       0
       0
       0
       0
       0
       0
       1
       0
       0
       0
       2
       0
       0
       0
       1
       0
       1
       0
       0
       0
       0
       0
       1
       0
       1
       0
       1
       0
       1
       0
       1
       1
       2
       0
       0
       0
       0
       0
       0
       0
       1
       1
       1
       1
       0
       0
       1
       0
       0
       2
       0
       0
       0
       0
       0
       2
       0
       1
       1
       0
       1
       1
       0
       1
       0
       0
       0
       0
       0
       0
       1
       0
       0
       0
       2
       0
       0
       0
       0
       1
       0
       0
       0
       0
       1
       0
       2
       0
       0
       1
       1
       0
       0
       0
       0
       0
       1
       1
       1
       1
       0
       1
       0
       0
       0
       0
       0
       0
       0
       0
       0
       0
       0
       0
       0
       0
       1
       0
       0
       0
       1
       0
       0
       1
       1
       0
       0
       0
       1
       0
       1
       1
       0
       0
       0
       0
       1
       0
       0
       0
       1
       1
       0
       0
       0
       0
       0
       0
       0
       0
       0
       0
       0
       0
       0
       0
       0
       0
       0
       0
       0
       0
       0
       0
       0
       1
       0
       1
       0
       1
       0
       0
       0
       0
       0
       1
       0
       0
       1
       0
       0
       0
       0
       0
       0
       1
       0
       0
       1
       0
       1
       0
       0
       0
       0
       0
       0
       1
       0
       0
       0
       1
       0
       1
       0
       0
       1
       1
       0
       1
       0
       0
       0
       1
       0
       0
       0
       0
       0
       0
       0
       0
       0
       0
       0
       0
       0
       0
       0
       0
       0
       0
       0
       1
       0
       0
       0
       0
       0
       0
       2
       0
       1
       4
       1
       3
       0
       1
       0
       0
       0
       0
       0
       0
       1
       0
       0
       0
       0
       0
       0
       0
       0
       0
       0
       0
       0
       0
       0
       0
       0
       0
       0
       1
       0
       0
       0
       0
       0
       1
       0
       0
       0
       0
       0
       0
       0
       0
       0
       0
       0
       0
       0
       0
       0
       0
       1
       0
       0
       1
       0
       1
       0
       0
       0
       1
       0
       0
       0
       0
       0
       0
       0
       2
       0
       0
       0
       0
       0
       0
       0
       0
       0
       0
       0
       0
       0
       1
       1
       0
       0
       0
       0
       0
       0
       0
       0
       0
       0
       0
       0
       0
       1
       0
       0
       0
       0
       0
       0
       1
       0
       0
       1
       1
       1
       0
       1
       1
       0
       0
       0
       0
       0
       0
       0
       0
       0
       0
       0
       0
       0
       1
       2
       0
       0
       0
       0
       0
       0
       0
       0
       0
       0
       0
       0
       0
       0
       0
       1
       0
       1
       0
       1
       0
       0
       0
       0
       0
       0
       0
       0
       1
       2
       2
       0
       0
       0
       1
       0
       0
       1
       0
       0
       0
       1
       0
       0
       0
       0
       0
       0
       0
       0
       0
       0
       0
       1
       0
       0
       0
       1
       0
       0
       1
       0
       0
       1
       1
       1
       0
       0
       0
       0
       0
       0
       0
       0
       0
       0
       0
       0
       0
       0
       0
       0
       0
       0
       0
       1
       0
       0
       0
       0
       0
       0
       0
       0
       0
       0
       0
       0
       0
       0
       0
       0
       1
       0
       0
       1
       0
       0
       0
       0
       0
       0
       1
       0
       1
       0
       0
       0
       0
       0
       0
       0
       0
       0
       0
       0
       0
       0
       0
       0
       0
       0
       1
       0
       0
       0
       0
       0
       0
       0
       0
       0
       0
       0
       0
       1
       0
       0
       0
       0
       0
       0
       0
       0
       1
       0
       0
       0
       0
       0
       0
       1
       0
       0
       0
       0
       0
       0
       0
       0
       0
       0
       0
       0
       0
       0
       0
       0
       0
       0
       0
       0
       0
       0
       0
       0
       0
       0
       0
       0
       1
       0
       0
       0
       0
       0
       0
       0
       0
       0
       0
       0
       0
       0
       1
       0
       0
       0
       0
       0
       0
       0
       0
       0
       0
       1
       1
       0
       1
       0
       1
       0
       0
       0
       0
       0
       0
       0
       0
       0
       0
       0
       2
       0
       0
       0
       1
       0
       0
       0
       1
       0
       0
       1
       0
       0
       0
       0
       0
       0
       1
       0
       0
       0
       0
       0
       0
       0
       0
       0
       0
       0
       0
       0
       0
       0
       0
       0
       0
       0
       0
       2
       0
       1
       0
       0
       0
       0
       1
       0
       0
       0
       0
       1
       0
       0
       0
       0
       0
       0
       0
       0
       0
       0
       0
       0
       0
       0
       0
       0
       0
       0
       0
       0
       0
       0
       0
       0
       0
       0
       0
       0
       0
       0
       0
       0
       0
       0
       0
       0
       0
       0
       0
       0
       0
       0
       0
       0
       0
       0
       0
       0
       0
       0
       0
       0
       0
       1
       0
       0
       0
       0
       0
       0
       0
       1
       0
       0
       0
       0
       0
       1
       1
       0
       0
       1
       0
       0
       0
       0
       0
       0
       0
       0
       0
       0
       0
       0
       1
       0
       0
       0
       0
       0
       0
       0
       0
       0
       0
       0
       0
       0
       0
       0
       0
       0
       0
       0
       0
       0
       0
       2
       0
       0
       0
       1
       0
       0
       0
       0
       0
       0
       0
       0
       0
       1
       0
       0
       0
       0
       0
       0
       0
       0
       0
       0
       2
       0
       0
       0
       0
       0
       1
       1
       0
       0
       0
       0
       1
       0
       0
       0
       0
       0
       0
       0
       0
       0
       0
       0
       1
       0
       0
       0
       0
       0
       0
       0
       0
       1
       0
       0
       0
       0
       0
       0
       0
       0
       0
       0
       0
       0
       0
       0
       1
       0
       0
       0
       0
       0
       2
       0
       0
       0
       0
       0
       0
       0
       0
       1
       0
       1
       0
       1
       0
       0
       0
       0
       0
       0
       0
       0
       0
       1
       1
       0
       0
       0
       0
       0
       0
       0
       0
       0
       1
       0
       0
       1
       0
       0
       0
       0
       0
       1
       0
       0
       0
       0
       0
       0
       0
       0
       0
       0
       0
       0
       0
       0
       1
       0
       1
       0
       0
       0
       0
       0
       0
       0
       0
       0
       1
       1
       0
       1
       0
       0
       0
       0
       0
       0
       0
       0
       0
       0
       0
       0
       0
       0
       1
       0
       0
       0
       0
       0
       0
       0
       0
       0
       0
       0
       0
       0
       1
       0
       0
       0
       0
       0
       1
       0
       0
       0
       0
       0
       0
       0
       0
       0
       0
       0
       0
       0
       1
       0
       0
       0
       0
       0
       0
       0
       0
       0
       0
       1
       0
       0
       0
       0
       0
       0
       0
       0
       0
       0
       1
       0
       2
       0
       0
       0
       0
       0
       0
       0
       1
       0
       1
       0
       0
       0
       0
       0
       0
       0
       0
       0
       0
       1
       0
       0
       0
       0
       0
       0
       0
       0
       0
       0
       0
       0
       0
       0
       0
       0
       0
       0
       0
       0
       0
       0
       0
       0
       0
       0
       0
       0
       0
       0
       0
       0
       0
       0
       0
       0
       0
       0
       0
       0
       0
       0
       0
       0
       0
       0
       0
       0
       0
       0
       0
       0
       0
       0
       0
       0
       0
       0
       0
       0
       0
       0
       0
       0
       0
       0
       0
       0
       0
       0
       0
       1
       2
       0
       0
       0
       0
       0
       0
       0
       0
       0
       0
       0
       0
       0
       0
       0
       0
       0
       0
       0
       0
       0
       0
       0
       0
       0
       0
       0
       0
       1
       0
       1
       0
       0
       0
       0
       0
       0
       0
       0
       1
       0
       0
       0
       0
       0
       0
       0
       1
       0
       0
       1
       0
       0
       0
       0
       0
       0
       0
       0
       0
       1
       0
       0
       1
       0
       0
       0
       0
       0
       1
       0
       0
       1
       0
       1
       0
       0
       0
       1
       0
       0
       0
       0
       0
       0
       0
       0
       0
       0
       0
       0
       1
       0
       0
       0
       0
       0
       0
       0
       0
       0
       0
       0
       0
       0
       0
       0
       1
       0
       0
       1
       0
       0
       0
       0
       0
       0
       0
       0
       0
       0
       0
       1
       0
       1
       0
       0
       0
       1
       0
       0
       0
       0
       0
       0
       0
       0
       0
       0
       0
       0
       0
       0
       0
       2
       0
       0
       1
       0
       0
       0
       0
       0
       0
       0
       0
       0
       0
       0
       0
       0
       0
       0
       0
       0
       0
       0
       0
       0
       0
       0
       0
       0
       0
       1
       1
       0
       0
       0
       0
       0
       0
       0
       0
       0
       0
       0
       0
       1
       0
       0
       0
       0
       0
       1
       2
       0
       0
       0
       0
       0
       0
       0
       0
       0
       0
       2
       1
       0
       0
       0
       0
       0
       0
       0
       1
       0
       0
       0
       0
       0
       0
       0
       0
       0
       0
       0
       0
       0
       1
       0
       0
       0
       0
       0
       0
       0
       0
       0
       0
       0
       0
       1
       0
       0
       0
       0
       0
       0
       0
       0
       0
       0
       0
       0
       0
       0
       0
       0
       0
       0
       0
       0
       0
       0
       0
       0
       0
       0
       0
       0
       0
       0
       0
       0
       0
       0
       0
       0
       0
       0
       0
       0
       0
       0
       0
       0
       0
       0
       0
       0
       0
       0
       0
       0
       0
       0
       0
       1
       0
       0
       1
       1
       0
       0
       0
       2
       0
       0
       0
       0
       0
       0
       0
       0
       1
       0
       0
       0
       0
       0
       0
       0
       0
       0
       0
       0
       0
       0
       0
       0
       0
       0
       0
       0
       0
       0
       0
       0
       0
       0
       0
       0
       0
       0
       0
       0
       1
       0
       0
       0
       0
       1
       0
       0
       0
       0
       0
       0
       0
       0
       0
       0
       0
       0
       0
       0
       0
       0
       1
       0
       0
       0
       1
       0
       0
       0
       0
       0
       0
       0
       0
       0
       0
       0
       0
       0
       0
       1
       0
       0
       0
       0
       0
       0
       0
       0
       1
       0
       1
       0
       0
       0
       0
       0
       0
       0
       0
       0
       1
       0
       0
       0
       0
       0
       0
       1
       0
       0
       0
       1
       0
       0
       0
       0
       0
       0
       0
       0
       0
       0
       0
       0
       0
       0
       0
       0
       0
       0
       0
       0
       0
       0
       0
       0
       0
       0
       0
       0
       0
       0
       0
       0
       0
       1
       0
       0
       0
       0
       0
       0
       0
       0
       0
       0
       0
       0
       0
       0
       0
       0
       0
       0
       0
       0
       0
       0
       0
       0
       0
       0
       0
       0
       0
       0
       0
       0
       0
       0
       0
       0
       0
       0
       0
       0
       0
       0
       0
       0
       0
       0
       0
       0
       0
       0
       0
       0
       0
       0
       0
       0
       0
       0
       0
       0
       0
       0
       1
       0
       0
       0
       0
       0
       0
       0
       0
       0
       0
       0
       1
       1
       1
       0
       0
       0
       0
       0
       0
       0
       0
       1
       0
       0
       0
       0
       0
       0
       0
       0
       0
       0
       0
       0
       0
       0
       0
       0
       1
       0
       1
       1
       0
       1
       0
       0
       0
       0
       1
       0
       0
       0
       0
       0
       0
       1
       0
       0
       0
       0
       0
       0
       0
       0
       0
       0
       0
       1
       0
       0
       0
       0
       0
       0
       0
       0
       0
       0
       0
       0
       0
       0
       0
       0
       0
       0
       0
       0
       0
       0
       0
       0
       0
       0
       0
       0
       0
       0
       0
       0
       0
       0
       0
       0
       0
       0
       0
       0
       0
       0
       0
       0
       0
       0
       0
       0
       0
       0
       0
       0
       0
       0
       0
       0
       0
       0
       0
       0
       0
       0
       0
       0
       0
       0
       0
       0
       0
       0
       0
       0
       0
       0
       0
       0
       0
       0
       0
       0
       0
       0
       0
       0
       0
       0
       0
       0
       0
       0
       0
       0
       0
       0
       0
       0
       0
       0
       0
       0
       0
       0
       0
       0
       0
       0
       0
       0
       0
       0
       0
       0
       0
       0
       0
       0
       0
       0
       0
       0
       0
       0
       0
       0
       0
       0
       0
       0
       0
       0
       0
       0
       0
       0
       0
       0
       0
       0
       0
       0
       0
       0
       0
       0
       0
       0
       0
       0
       0
       0
       0
       0
       0
       0
       0
$ROI:
0
$PRESETS:
None
0
0
$ENER_FIT:
0.000000 0.000000
$MCA_CAL:
3
0.000000E+000 0.000000E+000 0.000000E+000 
$SHAPE_CAL:
3
0.000000E+000 0.000000E+000 0.000000E+000
