$SPEC_ID:
No sample description was entered.
$SPEC_REM:
DET# 1
DETDESC# SCE-SOPA-00035 MCB 133
AP# Maestro Version 7.01
$DATE_MEA:
10/14/2019 11:57:52
$MEAS_TIM:
13143 13143
$DATA:
0 4095
       0
       0
       0
       0
       0
       0
       0
       0
       0
       0
       0
       0
       0
       0
       0
       0
       0
       0
       1
       0
       0
       0
       1
       1
       0
       0
      10
      21
      13
      22
      72
      92
      60
      80
      80
      56
      64
      58
      79
      78
      71
      68
      76
      66
      69
      79
     125
     103
      97
      99
      70
      81
      85
      77
     105
      81
      74
      80
      80
      70
      90
      79
     106
     137
     144
     122
      79
      78
      84
      73
      73
      77
      82
      84
      98
     117
     113
     132
     104
      94
      81
      69
      86
      77
      91
      83
      91
      84
      68
      89
      95
      99
     140
     186
     167
     108
      86
      76
      91
      83
      78
      84
      90
      85
      65
      72
      79
      77
      78
      64
      89
      95
      83
      81
      80
      86
      76
      71
      76
      79
      70
      84
      87
      72
      64
      69
      73
      66
      72
      89
      75
      86
      82
      94
      94
      64
      66
      88
      72
      85
      73
      74
      74
      80
      91
      82
      74
      76
      84
      76
      76
      76
      71
      78
      82
      83
      57
      57
      71
      71
      86
      69
      77
      87
      69
      62
      81
      82
      61
      67
      65
      57
      50
      60
      67
      61
      70
      77
      64
      77
      58
      70
      70
      69
      59
      87
     113
     114
      94
      70
      52
      64
      65
      64
      54
      76
      74
      73
      71
      55
      68
      57
      55
      62
      50
      48
      74
      74
      64
      50
      59
      50
      63
      55
      56
      59
      62
      42
      53
      49
      47
      52
      51
      53
      58
      53
      52
      46
      48
      55
      42
      42
      52
      42
      58
      60
      52
      42
      53
      91
      93
      64
      59
      61
      54
      52
      56
      41
      51
      45
      42
      42
      43
      52
      38
      37
      34
      35
      43
      41
      57
      35
      36
      38
      41
      39
      30
      38
      27
      40
      40
      51
      39
      32
      31
      47
      25
      33
      35
      41
      32
      52
      31
      28
      35
      41
      40
      45
      33
      25
      39
      30
      32
      41
      35
      41
      61
      53
      48
      40
      29
      34
      41
      29
      24
      24
      28
      41
      39
      28
      28
      35
      38
      25
      19
      29
      22
      34
      28
      33
      35
      41
      25
      34
      23
      42
      39
      35
      33
      32
      30
      40
      20
      36
      23
      38
      28
      31
      26
      29
      31
      31
      23
      38
      22
      26
      29
      31
      30
      33
      31
      32
      42
      81
      56
      37
      32
      27
      29
      32
      22
      36
      32
      22
      16
      32
      26
      20
      22
      28
      23
      16
      21
      34
      33
      28
      25
      27
      26
      23
      21
      28
      33
      21
      22
      26
      24
      15
      15
      28
      24
      32
      21
      25
      17
      14
      25
      16
      20
      23
      22
      10
      20
      27
      22
      19
      28
      20
      15
      22
      31
      21
      20
      21
      16
      24
      22
      18
      21
      14
      30
      16
      19
      21
      19
      21
      20
      26
      11
      22
      23
      21
      12
      22
      31
      20
      21
      24
      19
      23
      20
      15
      26
      18
      10
      16
      16
      14
      13
      19
      18
      25
      13
      30
      24
      22
      23
      20
      13
      24
      19
      20
      16
      12
      19
      20
      18
      20
      18
      22
      17
      12
      12
      18
      20
      15
      11
      15
      22
      17
      18
      14
      17
      22
      14
       8
      16
      16
      11
      20
      24
      18
      18
      18
      14
      20
      11
      23
      16
      13
      13
      10
      21
       8
      11
      12
      26
      19
      11
      20
      25
      45
      62
      47
      44
      25
      22
      10
      15
       8
      15
      13
      17
      19
      14
      17
      20
      15
      18
      12
      13
      14
      14
      20
      19
      14
      11
      12
      12
      13
      17
      13
      14
      18
      11
      11
      13
      13
      11
       8
      22
      17
      13
      13
      10
      18
      12
      10
      15
      18
      16
      12
      19
      13
      18
      12
      15
      17
      11
       8
      11
       9
      13
      13
      16
       7
      10
      12
      21
      15
      10
      11
       9
      19
      21
      17
      20
       9
      13
      14
      15
      11
       9
       7
       9
       9
      15
      17
      10
      19
      14
      11
      15
      12
      20
      20
      16
      15
      17
      17
      30
      53
      36
      14
      17
       6
      16
      22
       8
      12
      14
      12
      15
      15
       8
      16
      17
       7
      13
      11
       6
       9
       8
      12
      16
      14
      12
      15
      14
       8
      11
      11
      10
      13
      17
       7
       4
      12
      17
       9
       8
       7
      15
      12
      12
      13
      13
      16
      18
       9
      11
       9
      12
      13
      14
      10
      16
      13
      12
      12
       8
       8
      15
      19
      12
      12
      15
      10
      17
      12
      12
      14
      12
      11
      10
      10
       9
      15
       6
      15
      11
       9
       6
      12
      13
       7
      14
      14
       8
      14
      11
       9
      10
      15
       9
      12
      15
      13
      12
       8
      21
       8
       7
       7
      10
      10
       9
      11
      11
      14
      17
      11
      10
      12
       8
      12
      14
      16
       9
      15
      23
       7
      11
      16
       4
      10
      11
      10
      15
       8
       9
       8
      11
      12
      13
       9
       8
       9
       6
       5
       7
       9
       9
       7
      14
       8
       7
      10
       8
      10
       7
       3
       4
      14
       9
       4
       8
       5
       7
      14
      13
      11
      10
       9
      12
      10
       7
      14
       9
      14
       9
      10
      10
       9
       6
      15
      12
       9
       7
       8
       8
       9
       7
       6
       5
      10
       8
      11
      13
      13
       5
      12
      12
       5
       6
      11
      17
      13
      10
       8
      13
       4
      13
      11
       4
       8
      10
       8
      10
      12
      10
       9
       9
      12
       5
       6
       8
      12
       7
      16
       8
       6
       7
      15
      10
       7
      13
       7
       6
       9
       6
       6
       9
      10
      12
      11
       9
       8
      13
      11
      13
       7
       8
       6
       6
       6
       8
      11
       5
       8
       6
       6
       8
      10
      10
       7
      11
       8
       4
       7
       6
       7
       6
       4
       8
       7
       9
      10
       8
       5
       6
       6
      13
      11
       6
       7
       7
       7
      10
      10
      12
      13
      15
       9
       8
      11
       9
       4
       7
       4
       4
       2
       5
       2
       5
       8
       7
       8
       6
       7
       5
      10
      12
      10
      13
       9
       9
       6
       7
       8
      13
       6
       6
       6
       7
      11
       6
       9
       7
       4
       4
       9
       5
       4
       5
       6
       7
       6
       3
       5
       6
       7
       7
       6
       7
      12
      10
       6
       8
      11
      11
       4
      14
       6
       7
       7
       7
      12
       5
       5
       8
      11
       8
      11
       9
      10
       7
       8
      10
       8
      11
      13
      12
      12
      13
      11
       8
       7
       4
       4
      13
       4
       3
       7
       3
       5
       8
       8
      10
       7
       3
       9
      10
       2
       8
       3
       2
       5
       9
      10
       7
       7
       5
      10
       8
       8
       8
       9
       3
       1
       7
       6
       5
       8
      10
       9
       4
       3
       2
       6
       2
       6
       3
       6
       9
       5
       2
       9
      10
       8
       2
       3
       9
       9
      11
       6
       3
       5
       6
      10
       3
       6
       5
       1
       4
       5
       8
       4
       5
       5
       8
       6
       5
      11
       6
       6
       9
       3
       6
       5
       6
       2
       6
       6
       6
       9
       7
       1
       9
       4
       5
       8
      10
       5
       3
       8
       6
       4
       6
       4
       9
       3
       5
       7
       7
       6
       8
       7
       6
       6
       6
       3
       4
       6
       3
       2
       5
      12
       6
       7
       5
       5
       4
       4
      12
       7
       8
       6
       6
      13
       3
      10
       4
       5
       2
       6
       2
      10
       8
       7
       2
       7
      11
      11
      15
       8
       6
       6
       6
       2
       4
       6
      11
       6
       2
       3
       2
       6
       5
       3
       5
       3
       3
       7
       4
       4
       7
       9
       4
       7
       4
       9
       3
       5
       3
       5
       4
       3
       2
       2
       3
       4
       6
       3
       4
       8
       7
       6
       7
       3
       6
       3
       4
       4
       2
       9
       7
       8
       4
       4
       6
       5
       4
       6
       8
       7
       5
       4
       4
       5
       7
       7
       8
       7
       6
       4
       8
       6
       6
       2
       7
       5
      10
       3
       9
       4
       4
      11
       4
       5
       6
       2
       5
       5
       3
       6
       5
       7
       3
       5
       5
       4
       6
       7
       4
       6
       9
       1
       6
       2
       4
      10
       6
      11
       6
       6
       5
       9
       8
       3
       4
       6
       6
       6
       3
       4
       5
       4
       3
       2
       7
      12
       7
       5
       8
       7
       3
       7
       2
       9
       8
       6
       5
       3
       3
       4
       6
       2
       5
       2
       5
       4
       4
       7
       4
       4
       7
       5
       3
       6
       1
       2
       6
       5
       3
       1
       7
       6
       2
       7
       3
       5
       7
       4
       5
       4
       5
       3
       1
       4
       5
       2
       4
       4
       2
       5
       3
       3
       8
       1
       6
       4
       2
       8
       5
       0
       2
       4
       6
       5
       3
       7
       8
       0
       5
       4
       6
       5
       5
       4
       4
       3
       4
       2
       6
       5
       3
       2
       7
       4
       2
       1
       2
       2
       3
       4
       5
       4
       3
       1
       5
       2
       1
       8
       9
       2
       2
       2
       2
       6
       6
       1
       2
       1
       3
       4
       8
       6
       3
       6
       3
       2
       2
       1
       4
       3
       3
       5
       3
       2
       4
       4
       6
       8
       1
       4
       6
       1
       6
       7
       1
       7
       9
       1
       1
       6
       4
       7
       2
       5
       6
       4
       4
       3
       4
       4
       2
       4
       5
       5
       5
       7
       3
       5
       3
       3
       6
       5
       3
       5
       5
       3
       5
       3
       1
       8
       1
       2
       2
       1
       3
       5
       3
       2
       4
       2
       2
       5
       3
       1
       3
       1
       2
       6
       1
       3
       2
       5
       4
       5
       1
       1
       4
       4
       2
       4
       0
       3
       2
       5
       2
       4
       9
      20
      24
      24
      12
       7
       3
       4
       5
       1
       1
       1
       1
       5
       3
       4
       3
       3
       3
       3
       4
       4
       3
       1
       2
       2
       3
       4
       1
       3
       2
       1
       6
       2
       2
       2
       3
       2
       2
       5
       2
       2
       1
       2
       3
       3
       3
       2
       2
       3
       3
       4
       4
       3
       2
       2
       2
       5
       2
       4
       2
       1
       7
       3
       5
       4
       1
       2
       1
       4
       1
       5
       1
       4
       2
       5
       1
       3
       2
       0
       6
       3
       1
       0
       1
       4
       1
       6
       3
       0
       3
       0
       2
       2
       2
       2
       5
       3
       2
       1
       2
       6
       1
       0
       2
       3
       0
       1
       1
       3
       1
       3
       0
       1
       2
       3
       0
       3
       4
       1
       1
       3
       5
       2
       0
       3
       4
       1
       2
       1
       2
       1
       4
       6
       2
       5
       0
       0
       4
       4
       0
       1
       2
       0
       3
       4
       2
       1
       0
       3
       3
       4
       1
       4
       4
       3
       2
       0
       3
       2
       4
       2
       6
       4
       2
       3
       4
       0
       1
       1
       2
       2
       2
       1
       3
       3
       4
       2
       3
       2
       2
       5
       1
       3
       1
       3
       3
       4
       1
       2
       1
       4
       0
       2
       1
       0
       2
       1
       2
       2
       1
       2
       3
       0
       2
       3
       2
       3
       2
       1
       4
       1
       3
       4
       2
       0
       3
       2
       1
       0
       2
       4
       2
       2
       6
       4
       3
       2
       4
       0
       1
       1
       2
       1
       2
       2
       2
       2
       2
       4
       1
       3
       3
       6
       0
       1
       2
       1
       1
       2
       1
       0
       2
       5
       0
       2
       3
       1
       0
       2
       0
       0
       3
       2
       1
       3
       1
       2
       0
       0
       2
       4
       2
       2
       6
       3
       3
       2
       2
       1
       1
       1
       3
       4
       1
       2
       2
       1
       2
       3
       3
       2
       2
       4
       1
       5
       1
       0
       0
       0
       2
       0
       1
       2
       5
       7
       7
       6
       6
       3
       0
       4
       0
       2
       1
       2
       3
       0
       1
       3
       2
       3
       4
       2
       0
       2
       2
       2
       5
       2
       0
       2
       1
       0
       2
       2
       0
       0
       1
       1
       0
       2
       0
       1
       2
       2
       0
       3
       4
       0
       1
       1
       5
       2
       1
       1
       0
       4
       1
       4
       1
       1
       1
       2
       0
       1
       0
       3
       2
       1
       3
       2
       2
       1
       2
       3
       0
       1
       3
       6
       3
       0
       2
       4
       4
       0
       1
       2
       3
       2
       5
       6
       1
       4
       1
       1
       0
       4
       3
       2
       1
       1
       2
       0
       2
       0
       1
       3
       0
       3
       2
       1
       0
       2
       2
       2
       2
       1
       3
       0
       3
       0
       5
       3
       0
       0
       0
       0
       3
       0
       1
       1
       2
       1
       0
       2
       4
       1
       0
       3
       2
       0
       2
       1
       2
       3
       2
       3
       2
       3
       3
       1
       1
       1
       2
       2
       1
       1
       3
       2
       0
       0
       2
       2
       1
       3
       4
       1
       0
       0
       0
       0
       3
       2
       0
       4
       3
       1
       1
       5
       1
       1
       1
       2
       1
       0
       0
       2
       1
       0
       1
       2
       2
       0
       0
       3
       1
       3
       0
       1
       1
       2
       2
       0
       2
       1
       2
       3
       0
       0
       2
       3
       2
       2
       1
       1
       0
       1
       3
       0
       3
       1
       1
       3
       2
       2
       0
       2
       1
       0
       0
       2
       0
       0
       1
       2
       0
       2
       3
       1
       2
       2
       0
       0
       2
       1
       1
       1
       1
       1
       1
       2
       1
       3
       0
       2
       4
       1
       0
       1
       1
       2
       1
       1
       4
       1
       3
       2
       0
       2
       0
       0
       3
       0
       0
       3
       2
       1
       2
       0
       1
       1
       1
       2
       1
       0
       2
       2
       2
       2
       0
       0
       0
       3
       3
       2
       0
       2
       1
       3
       0
       1
       3
       1
       0
       2
       1
       2
       0
       1
       1
       0
       0
       4
       1
       0
       1
       0
       0
       5
       2
       2
       1
       0
       3
       1
       2
       1
       2
       0
       0
       1
       0
       0
       2
       1
       2
       2
       0
       1
       2
       0
       2
       2
       4
       2
       1
       2
       2
       1
       1
       1
       0
       1
       0
       1
       0
       0
       2
       1
       3
       0
       3
       2
       1
       1
       1
       0
       0
       1
       0
       1
       1
       0
       1
       1
       0
       1
       1
       1
       1
       3
       0
       2
       0
       0
       0
       2
       1
       0
       1
       0
       2
       2
       1
       1
       4
       0
       1
       2
       0
       1
       1
       2
       0
       0
       1
       0
       1
       1
       2
       4
       0
       0
       0
       0
       3
       4
       2
       0
       2
       0
       2
       1
       1
       0
       2
       2
       0
       1
       1
       1
       0
       1
       1
       1
       2
       0
       2
       1
       1
       3
       3
       1
       2
       5
       0
       3
       3
       1
       1
       0
       0
       2
       1
       1
       1
       2
       0
       1
       0
       0
       1
       1
       0
       0
       0
       0
       2
       0
       0
       1
       3
       1
       1
       1
       1
       3
       0
       0
       2
       1
       1
       0
       2
       3
       0
       3
       1
       2
       0
       0
       1
       2
       0
       0
       1
       1
       1
       1
       0
       0
       0
       0
       1
       3
       0
       1
       0
       1
       0
       0
       3
       1
       1
       0
       0
       1
       1
       1
       1
       0
       1
       0
       3
       1
       0
       0
       1
       0
       0
       2
       2
       1
       2
       1
       2
       3
       1
       1
       1
       1
       1
       0
       1
       2
       2
       0
       0
       3
       0
       1
       3
       2
       4
       0
       1
       0
       2
       1
       1
       3
       1
       1
       1
       1
       1
       1
       1
       0
       0
       0
       1
       0
       1
       1
       0
       3
       2
       2
       1
       1
       2
       1
       1
       3
       0
       0
       0
       1
       2
       0
       0
       1
       0
       1
       1
       1
       0
       2
       1
       0
       3
       2
       1
       1
       1
       1
       1
       1
       0
       2
       1
       0
       2
       0
       0
       2
       0
       0
       1
       2
       1
       0
       1
       1
       1
       0
       1
       2
       0
       0
       0
       0
       2
       0
       1
       1
       0
       1
       0
       0
       2
       0
       0
       1
       1
       0
       2
       1
       0
       0
       0
       2
       1
       1
       1
       0
       2
       0
       1
       1
       1
       1
       0
       2
       1
       2
       3
       2
       1
       3
       2
       0
       2
       1
       0
       0
       0
       0
       3
       1
       0
       0
       0
       1
       2
       1
       0
       2
       0
       1
       2
       1
       0
       1
       0
       0
       2
       1
       0
       1
       0
       0
       0
       4
       1
       2
       1
       1
       0
       0
       0
       0
       0
       0
       2
       0
       1
       3
       1
       0
       1
       1
       0
       1
       0
       1
       0
       0
       1
       1
       0
       1
       4
       0
       0
       0
       0
       0
       0
       1
       0
       0
       1
       1
       1
       0
       2
       1
       0
       0
       2
       1
       0
       0
       2
       0
       0
       0
       1
       1
       1
       0
       0
       1
       2
       1
       2
       0
       0
       0
       0
       1
       0
       1
       0
       0
       2
       0
       1
       0
       1
       1
       1
       1
       2
       0
       2
       0
       0
       0
       0
       2
       1
       2
       1
       0
       0
       0
       1
       1
       1
       1
       0
       3
       0
       0
       0
       0
       1
       2
       0
       2
       0
       2
       0
       3
       0
       1
       0
       1
       1
       0
       0
       1
       0
       1
       0
       0
       0
       0
       0
       1
       0
       0
       1
       0
       1
       0
       1
       0
       0
       1
       0
       1
       1
       1
       0
       1
       1
       1
       0
       1
       2
       6
       1
       4
       5
       6
       7
       1
       3
       0
       0
       0
       0
       1
       1
       0
       1
       2
       0
       1
       0
       0
       0
       1
       0
       1
       1
       0
       0
       1
       0
       1
       1
       0
       0
       0
       0
       1
       0
       0
       0
       0
       1
       0
       2
       0
       0
       0
       0
       1
       1
       2
       0
       2
       1
       0
       1
       0
       1
       2
       4
       0
       0
       0
       0
       0
       0
       0
       1
       1
       1
       0
       1
       1
       0
       1
       0
       1
       0
       1
       0
       0
       1
       0
       1
       0
       0
       2
       1
       0
       0
       1
       1
       0
       0
       0
       0
       0
       2
       0
       2
       0
       0
       1
       1
       1
       1
       1
       0
       0
       0
       1
       0
       1
       1
       0
       0
       1
       0
       1
       0
       0
       0
       1
       0
       1
       1
       0
       0
       0
       0
       0
       0
       0
       0
       0
       1
       0
       0
       0
       1
       0
       1
       0
       1
       0
       1
       0
       0
       1
       0
       1
       0
       1
       0
       0
       1
       1
       1
       0
       1
       0
       0
       0
       0
       0
       0
       0
       0
       0
       0
       1
       0
       0
       1
       1
       0
       1
       0
       1
       2
       1
       0
       0
       0
       0
       0
       0
       1
       1
       2
       0
       1
       1
       1
       0
       0
       0
       0
       0
       0
       1
       0
       0
       0
       1
       0
       2
       0
       0
       0
       2
       1
       0
       1
       0
       0
       0
       0
       1
       0
       0
       1
       0
       1
       0
       0
       0
       2
       3
       1
       0
       1
       1
       0
       2
       1
       2
       0
       0
       2
       0
       1
       1
       2
       0
       0
       0
       0
       1
       0
       1
       0
       1
       0
       0
       1
       3
       0
       0
       0
       0
       0
       0
       0
       1
       0
       0
       0
       1
       0
       0
       1
       0
       0
       0
       0
       0
       3
       0
       1
       2
       0
       0
       0
       0
       1
       2
       2
       1
       0
       0
       1
       0
       0
       0
       0
       0
       0
       0
       0
       0
       0
       1
       1
       0
       1
       0
       1
       0
       0
       1
       1
       2
       0
       0
       0
       1
       0
       0
       0
       0
       0
       1
       0
       0
       2
       1
       1
       0
       0
       0
       0
       0
       0
       0
       2
       1
       1
       0
       0
       0
       0
       0
       0
       1
       0
       0
       0
       0
       0
       0
       2
       0
       0
       2
       0
       1
       0
       0
       1
       1
       1
       2
       1
       0
       0
       1
       2
       1
       1
       0
       0
       0
       1
       2
       3
       0
       0
       0
       0
       1
       1
       0
       0
       1
       0
       2
       0
       1
       0
       1
       1
       0
       2
       0
       0
       0
       0
       1
       0
       0
       1
       1
       0
       1
       0
       0
       0
       1
       0
       0
       1
       2
       2
       0
       1
       1
       1
       0
       0
       0
       0
       1
       0
       1
       0
       0
       0
       1
       2
       0
       1
       0
       0
       1
       1
       1
       0
       0
       1
       1
       0
       0
       1
       2
       1
       0
       1
       3
       1
       0
       2
       3
       2
       0
       0
       0
       0
       1
       1
       0
       0
       0
       0
       0
       1
       0
       0
       0
       1
       0
       0
       0
       0
       0
       0
       0
       0
       0
       0
       1
       1
       0
       0
       0
       1
       0
       1
       0
       0
       0
       0
       0
       1
       2
       1
       1
       0
       0
       0
       1
       1
       0
       0
       1
       1
       2
       0
       0
       2
       1
       1
       0
       0
       1
       0
       0
       0
       1
       0
       0
       0
       0
       0
       0
       0
       0
       0
       0
       0
       1
       1
       0
       1
       0
       0
       1
       0
       1
       1
       0
       0
       0
       0
       2
       0
       0
       0
       1
       0
       0
       0
       0
       3
       1
       0
       0
       0
       1
       0
       0
       0
       1
       0
       1
       0
       0
       0
       1
       0
       0
       2
       0
       0
       0
       0
       1
       0
       0
       1
       0
       0
       1
       0
       0
       0
       0
       1
       0
       2
       2
       0
       1
       1
       0
       3
       1
       0
       1
       0
       1
       0
       0
       0
       0
       1
       1
       1
       0
       1
       1
       1
       1
       0
       1
       0
       0
       0
       0
       0
       0
       1
       1
       0
       2
       0
       1
       0
       0
       0
       0
       1
       0
       0
       0
       0
       0
       1
       1
       1
       0
       2
       0
       0
       2
       0
       0
       0
       0
       0
       1
       0
       0
       0
       0
       0
       0
       1
       0
       0
       1
       1
       0
       0
       1
       1
       1
       0
       0
       2
       1
       0
       0
       1
       0
       0
       1
       0
       0
       0
       0
       0
       0
       0
       0
       0
       0
       0
       1
       0
       0
       1
       0
       0
       0
       0
       2
       1
       0
       0
       0
       0
       0
       1
       0
       0
       0
       0
       0
       0
       2
       0
       0
       0
       1
       0
       2
       0
       0
       2
       1
       1
       0
       0
       0
       0
       0
       0
       0
       0
       0
       1
       1
       0
       0
       0
       0
       0
       0
       0
       0
       0
       1
       0
       0
       1
       0
       0
       0
       0
       1
       0
       0
       0
       0
       0
       0
       0
       0
       1
       2
       0
       0
       1
       0
       3
       0
       0
       1
       0
       1
       0
       0
       0
       0
       0
       0
       0
       0
       0
       0
       0
       0
       0
       0
       0
       0
       0
       2
       0
       0
       1
       1
       0
       0
       0
       1
       1
       0
       0
       0
       1
       0
       0
       0
       1
       0
       0
       0
       1
       0
       0
       0
       1
       0
       1
       0
       0
       0
       0
       0
       1
       0
       0
       0
       0
       0
       0
       1
       0
       2
       0
       0
       0
       2
       0
       2
       0
       0
       0
       0
       2
       1
       1
       0
       0
       3
       0
       0
       1
       1
       1
       2
       2
       0
       0
       0
       0
       0
       1
       0
       0
       0
       1
       0
       0
       0
       0
       2
       0
       0
       0
       0
       1
       0
       0
       0
       0
       0
       0
       0
       0
       1
       0
       1
       0
       0
       1
       0
       1
       0
       0
       0
       0
       1
       1
       0
       0
       0
       0
       0
       0
       0
       1
       0
       1
       0
       0
       0
       0
       1
       0
       1
       0
       0
       1
       1
       0
       0
       2
       0
       2
       0
       1
       1
       0
       1
       0
       1
       0
       0
       0
       1
       0
       1
       0
       3
       0
       0
       1
       0
       0
       0
       0
       2
       0
       0
       0
       0
       1
       0
       0
       1
       0
       1
       0
       0
       0
       0
       0
       0
       0
       0
       1
       1
       0
       2
       0
       0
       1
       0
       0
       0
       1
       0
       2
       0
       1
       0
       0
       0
       0
       0
       1
       0
       1
       1
       0
       0
       1
       0
       0
       0
       0
       0
       0
       1
       0
       0
       0
       1
       1
       0
       0
       1
       1
       1
       0
       0
       0
       0
       0
       0
       0
       0
       0
       0
       0
       0
       1
       0
       0
       0
       0
       0
       0
       0
       0
       1
       0
       0
       0
       1
       0
       0
       0
       1
       1
       0
       0
       0
       0
       0
       0
       0
       0
       0
       0
       0
       0
       0
       1
       0
       0
       0
       0
       0
       0
       1
       2
       0
       0
       1
       0
       0
       0
       0
       0
       0
       0
       0
       1
       0
       0
       0
       2
       0
       0
       1
       0
       0
       0
       0
       3
       2
       1
       0
       0
       0
       0
       0
       0
       1
       1
       1
       0
       0
       0
       1
       0
       0
       0
       0
       1
       0
       0
       2
       0
       1
       0
       0
       2
       0
       0
       3
       0
       0
       0
       0
       0
       0
       0
       1
       0
       0
       0
       0
       2
       1
       0
       0
       0
       0
       3
       0
       0
       0
       0
       0
       0
       0
       1
       0
       0
       0
       0
       0
       1
       0
       0
       1
       3
       0
       0
       0
       0
       1
       0
       0
       0
       1
       1
       0
       0
       1
       0
       0
       1
       1
       1
       1
       0
       1
       0
       0
       0
       0
       0
       0
       1
       0
       0
       1
       0
       1
       0
       0
       0
       0
       0
       1
       1
       1
       0
       1
       0
       0
       0
       1
       1
       0
       0
       0
       1
       1
       0
       0
       0
       0
       0
       1
       1
       0
       0
       1
       0
       0
       1
       0
       1
       0
       0
       0
       0
       1
       0
       0
       0
       0
       0
       0
       0
       0
       0
       0
       1
       1
       0
       2
       0
       1
       0
       2
       1
       0
       0
       1
       0
       0
       1
       0
       1
       0
       2
       1
       0
       0
       2
       0
       0
       0
       1
       0
       0
       0
       0
       0
       0
       0
       0
       1
       0
       1
       0
       0
       0
       1
       0
       0
       0
       1
       0
       0
       0
       0
       0
       0
       0
       0
       1
       1
       0
       0
       0
       0
       0
       0
       0
       0
       2
       1
       1
       2
       0
       0
       0
       1
       0
       0
       0
       0
       0
       1
       0
       0
       0
       0
       0
       1
       0
       0
       0
       0
       0
       0
       0
       0
       0
       0
       0
       0
       0
       0
       0
       0
       0
       0
       0
       0
       0
       0
       0
       0
       0
       0
       0
       0
       0
       0
       0
       0
       0
       0
       0
       0
       0
       0
       0
       0
       0
       0
       0
       0
       0
       0
       0
       0
       0
       0
       0
       0
       0
       0
       0
       0
       0
       0
       0
       0
       0
       0
       0
       0
       0
       0
       0
       0
       0
       0
       0
       0
       0
       0
       0
       0
       0
       0
       0
       0
       0
       0
       0
       0
       0
       0
       0
       0
       0
       0
       0
       0
       0
       0
       0
       0
       0
       0
       0
       0
       0
       0
       0
       0
       0
       0
       0
       0
       0
       0
       0
       0
       0
       0
       0
       0
       0
       0
       0
       0
       0
       0
       0
       0
       0
       0
       0
       0
       0
       0
       0
       0
       0
       0
       0
       0
       0
       0
       0
       0
       0
       0
       0
       0
       0
       0
       0
       0
       0
       0
       0
       0
       0
       0
       0
       0
       0
       0
       0
       0
$ROI:
0
$PRESETS:
None
0
0
$ENER_FIT:
0.000000 0.000000
$MCA_CAL:
3
0.000000E+000 0.000000E+000 0.000000E+000 
$SHAPE_CAL:
3
0.000000E+000 0.000000E+000 0.000000E+000
