$SPEC_ID:
No sample description was entered.
$SPEC_REM:
DET# 1
DETDESC# SCE-SOPA-00035 MCB 133
AP# Maestro Version 7.01
$DATE_MEA:
11/14/2019 13:03:29
$MEAS_TIM:
3529 3530
$DATA:
0 4095
       0
       0
       0
       0
       0
       0
       0
       0
       0
       0
       0
       0
       0
       0
       0
       0
       0
       0
       0
       0
       0
       0
       0
       0
       0
       0
       4
      17
      10
      20
      79
      82
      86
      81
      90
      90
      76
      69
      75
      65
      68
      75
     100
      76
      83
      80
      75
      95
      80
      88
      72
      78
      73
      84
      81
      74
      72
      73
      71
      73
      71
      95
      74
      83
      91
      76
      86
      73
      79
      77
      75
      94
      75
      74
      76
      78
      70
      70
      74
      73
      73
      79
      87
      72
     100
      63
      92
      94
      81
      94
     106
      87
     116
      87
      96
      88
     104
      86
      82
      74
      73
      93
     100
      83
      89
      93
      93
      94
      95
      93
     105
      93
     105
      84
     103
      95
     104
      93
      98
      88
      96
     104
      94
     116
     111
     109
     105
     109
     110
     104
     106
      86
     100
      91
     102
     124
     104
     120
     116
     101
     116
     101
      86
     130
     115
      98
      93
      70
     103
     116
      99
     101
      86
      86
     100
     111
      98
     106
     105
     108
      89
      99
     109
     109
     109
     106
     110
      97
      96
      89
      94
     109
      70
      76
      93
      93
      92
      91
      99
      86
      91
      95
     101
      88
      92
     117
      90
     115
     104
     100
      98
     108
      92
     100
      99
      82
      84
      94
     102
     124
      90
      74
      87
      84
     103
      87
     107
     112
      90
      92
      91
      87
      97
     107
     143
     122
     143
     119
     114
     136
     102
     136
     137
     116
     106
     113
     106
     120
     113
     105
     118
     101
     112
     110
      82
     118
     103
      79
      94
      91
      73
      98
      85
      83
      86
      84
      81
      88
      82
      76
      69
      79
      80
      79
      77
      78
      85
      64
      75
      69
      59
      69
      64
      70
      81
      81
      70
      66
      70
      66
      83
      66
      68
      53
      73
      66
      54
      72
      56
      66
      58
      58
      47
      73
      68
      58
      58
      43
      53
      58
      57
      63
      57
      73
      60
      43
      54
      51
      59
      44
      55
      40
      49
      57
      61
      60
      48
      46
      59
      37
      62
      42
      53
      62
      57
      53
      41
      53
      50
      35
      57
      45
      52
      54
      58
      52
      37
      46
      44
      37
      52
      50
      56
      53
      37
      56
      55
      47
      42
      45
      57
      39
      35
      34
      45
      38
      42
      42
      49
      36
      43
      36
      41
      51
      41
      37
      50
      35
      43
      43
      42
      39
      47
      46
      46
      36
      44
      48
      41
      40
      46
      49
      26
      41
      44
      52
      38
      42
      34
      47
      41
      38
      35
      31
      38
      36
      38
      36
      36
      34
      33
      36
      38
      41
      26
      46
      26
      43
      36
      29
      48
      35
      46
      35
      39
      38
      44
      34
      35
      28
      41
      37
      39
      41
      44
      46
      39
      39
      31
      42
      30
      45
      26
      25
      33
      32
      35
      38
      33
      30
      31
      29
      37
      33
      37
      41
      27
      33
      34
      31
      26
      36
      31
      39
      38
      37
      38
      35
      42
      46
      40
      32
      27
      23
      27
      34
      33
      34
      35
      36
      53
      41
      28
      42
      32
      34
      30
      32
      26
      28
      39
      31
      33
      32
      29
      33
      33
      30
      32
      33
      28
      25
      28
      35
      33
      27
      35
      34
      43
      26
      28
      26
      36
      37
      30
      27
      27
      25
      32
      28
      42
      28
      32
      27
      28
      35
      34
      33
      18
      30
      26
      35
      39
      48
      44
      41
      32
      42
      30
      31
      38
      32
      26
      30
      28
      32
      27
      31
      26
      26
      26
      29
      34
      25
      33
      26
      28
      19
      32
      31
      32
      24
      28
      30
      25
      41
      36
      25
      23
      28
      32
      26
      35
      26
      34
      26
      31
      24
      31
      35
      39
      32
      39
      33
      23
      33
      27
      34
      30
      37
      27
      35
      27
      36
      27
      23
      28
      24
      34
      31
      30
      38
      24
      29
      29
      26
      29
      39
      28
      32
      33
      18
      30
      38
      27
      31
      27
      21
      30
      29
      30
      26
      27
      23
      25
      34
      33
      29
      20
      26
      37
      27
      27
      22
      33
      29
      31
      23
      22
      29
      24
      29
      24
      30
      33
      30
      30
      32
      29
      33
      24
      43
      35
      24
      29
      31
      27
      27
      25
      21
      36
      35
      31
      32
      22
      21
      27
      30
      25
      38
      29
      26
      27
      32
      31
      26
      36
      30
      28
      31
      37
      24
      25
      25
      34
      25
      25
      39
      20
      34
      31
      35
      33
      42
      27
      24
      26
      30
      32
      25
      27
      30
      24
      34
      29
      19
      29
      32
      34
      22
      30
      33
      25
      31
      24
      22
      24
      37
      28
      27
      30
      34
      44
      28
      34
      48
      34
      41
      29
      31
      27
      31
      29
      24
      37
      33
      33
      37
      26
      24
      29
      41
      27
      30
      23
      32
      28
      21
      32
      42
      26
      28
      30
      33
      36
      37
      42
      33
      30
      18
      31
      26
      40
      35
      20
      40
      36
      25
      29
      30
      30
      39
      27
      25
      31
      23
      27
      27
      24
      26
      35
      31
      30
      26
      30
      32
      30
      23
      28
      27
      22
      26
      31
      29
      27
      38
      37
      28
      34
      27
      29
      21
      36
      30
      27
      29
      33
      36
      33
      31
      34
      28
      36
      41
      38
      23
      35
      38
      19
      24
      24
      39
      27
      33
      24
      31
      36
      29
      21
      34
      35
      21
      30
      31
      28
      30
      37
      17
      34
      30
      37
      34
      37
      27
      32
      34
      34
      32
      30
      35
      39
      35
      25
      37
      25
      31
      31
      34
      24
      46
      24
      36
      36
      41
      38
      26
      33
      33
      33
      30
      22
      32
      34
      32
      32
      27
      41
      30
      27
      33
      42
      40
      32
      34
      34
      34
      36
      42
      45
      30
      41
      36
      37
      30
      43
      25
      35
      31
      24
      34
      36
      36
      30
      41
      35
      50
      32
      32
      36
      40
      34
      36
      41
      28
      46
      38
      40
      31
      48
      48
      37
      45
      32
      40
      44
      31
      41
      38
      39
      32
      42
      37
      35
      40
      39
      45
      46
      45
      42
      44
      47
      29
      50
      38
      41
      44
      37
      30
      42
      44
      32
      39
      45
      44
      41
      40
      30
      47
      47
      36
      47
      45
      48
      54
      54
      45
      37
      34
      49
      51
      39
      47
      34
      52
      40
      36
      41
      40
      45
      43
      42
      45
      44
      36
      41
      44
      44
      39
      39
      43
      39
      34
      35
      30
      32
      37
      49
      27
      40
      33
      25
      41
      31
      38
      29
      29
      30
      25
      30
      25
      29
      33
      33
      22
      34
      41
      32
      32
      43
      34
      27
      31
      34
      16
      34
      40
      39
      28
      31
      27
      32
      29
      31
      29
      37
      29
      30
      29
      26
      31
      38
      24
      21
      28
      33
      47
      29
      20
      26
      25
      35
      27
      32
      32
      26
      28
      23
      34
      29
      31
      25
      31
      21
      33
      40
      19
      25
      29
      31
      31
      25
      30
      41
      25
      25
      24
      32
      27
      38
      26
      27
      34
      27
      39
      27
      30
      30
      29
      37
      34
      25
      21
      22
      30
      26
      32
      25
      25
      23
      22
      22
      24
      29
      14
      28
      30
      29
      25
      16
      30
      22
      28
      33
      25
      36
      34
      31
      31
      29
      33
      21
      25
      37
      31
      39
      43
      35
      27
      28
      29
      31
      34
      31
      29
      25
      24
      26
      27
      25
      29
      17
      22
      38
      28
      17
      21
      13
      19
      18
      20
      19
      18
      20
      17
      18
      26
      16
      32
      19
      14
      17
      16
      23
      16
      18
      19
      10
      15
      13
      14
      19
      17
      12
      13
      21
      13
      12
      22
      16
      18
      13
      14
      25
      17
      17
      14
      18
      20
      12
      16
      15
      20
      15
      14
      25
      78
     205
     464
     755
     668
     403
     146
      47
      10
       9
       9
      12
      17
      12
      11
      10
      15
      10
       9
       7
       4
       8
       7
       7
      14
       9
      12
      12
       8
       7
       9
      12
       6
       9
      13
       6
       8
      10
       5
       7
       9
       9
       5
      10
       5
       9
       7
       8
       5
      10
      10
       9
       7
       8
       5
       8
       4
       6
       6
       2
      11
       5
       7
       7
       6
       4
       7
       3
       9
       6
       5
       4
       4
       5
      12
       4
       5
       6
       6
       6
       5
       4
       7
       6
       4
       3
       4
       2
       3
       1
       6
       4
       3
       3
       3
       3
       5
       4
       3
       4
       1
       4
       3
       4
       5
       3
       3
       6
       4
       3
       4
       3
       4
       5
       4
       4
       3
       6
       1
       6
       4
       6
       3
       7
       7
       5
       2
       7
       5
       7
       7
       5
       2
       2
       8
       5
       3
       4
       6
       4
       1
       1
       4
       5
       4
       3
       5
       4
       2
       5
       6
       5
       8
       4
       5
       6
      11
       5
       7
      23
      70
     178
     373
     559
     573
     321
     104
      33
       4
       5
       3
       4
       1
       0
       0
       2
       1
       3
       0
       2
       0
       5
       1
       1
       0
       2
       3
       2
       1
       0
       2
       1
       0
       2
       0
       2
       0
       3
       2
       0
       2
       1
       2
       0
       1
       1
       0
       1
       0
       0
       4
       0
       1
       2
       1
       2
       1
       0
       2
       2
       2
       1
       1
       0
       1
       0
       0
       0
       2
       1
       5
       2
       2
       0
       3
       2
       2
       0
       2
       0
       2
       1
       0
       1
       1
       1
       2
       2
       0
       3
       1
       2
       3
       2
       0
       1
       1
       1
       1
       3
       0
       5
       3
       1
       2
       1
       0
       5
       1
       1
       2
       1
       0
       1
       2
       0
       2
       2
       3
       0
       2
       1
       1
       2
       3
       1
       0
       0
       1
       1
       2
       3
       4
       5
       5
       3
       2
       0
       3
       1
       2
       0
       1
       2
       2
       1
       0
       2
       1
       1
       1
       1
       2
       1
       4
       1
       1
       1
       1
       0
       0
       2
       2
       1
       0
       0
       0
       0
       1
       1
       1
       2
       2
       1
       0
       0
       2
       2
       0
       1
       2
       1
       0
       1
       2
       0
       1
       0
       0
       0
       0
       2
       0
       0
       1
       1
       1
       1
       0
       0
       0
       0
       0
       0
       1
       2
       1
       1
       1
       1
       2
       2
       0
       0
       2
       2
       1
       0
       2
       1
       0
       0
       0
       0
       0
       2
       1
       2
       2
       2
       3
       0
       0
       0
       0
       4
       1
       1
       2
       0
       0
       0
       1
       0
       0
       1
       0
       1
       1
       0
       0
       4
       2
       0
       0
       1
       0
       1
       1
       0
       1
       1
       1
       2
       0
       0
       1
       1
       2
       0
       2
       0
       1
       0
       1
       0
       0
       1
       1
       0
       0
       1
       0
       0
       1
       2
       1
       1
       1
       1
       1
       0
       0
       0
       1
       0
       1
       1
       1
       1
       1
       2
       0
       0
       2
       1
       0
       0
       0
       0
       0
       0
       0
       0
       0
       2
       0
       1
       1
       0
       1
       0
       1
       1
       0
       1
       0
       1
       0
       1
       1
       1
       1
       0
       0
       0
       3
       0
       1
       1
       0
       0
       1
       2
       0
       0
       0
       2
       0
       0
       0
       1
       1
       1
       0
       0
       0
       0
       1
       0
       2
       2
       1
       0
       1
       1
       1
       0
       0
       1
       0
       1
       1
       0
       0
       0
       0
       0
       3
       1
       2
       0
       4
       0
       0
       0
       0
       2
       0
       0
       3
       0
       2
       1
       0
       0
       1
       0
       1
       1
       1
       0
       0
       0
       0
       2
       2
       0
       0
       0
       0
       0
       2
       0
       2
       1
       1
       0
       1
       0
       0
       1
       0
       0
       0
       1
       2
       1
       1
       1
       0
       1
       1
       0
       1
       0
       0
       3
       2
       1
       1
       0
       1
       1
       0
       2
       0
       0
       0
       0
       2
       0
       1
       1
       0
       1
       1
       0
       1
       1
       0
       2
       1
       0
       1
       1
       0
       0
       0
       0
       0
       1
       0
       1
       1
       2
       1
       0
       0
       0
       0
       1
       0
       0
       0
       0
       0
       1
       2
       0
       0
       0
       0
       0
       1
       0
       0
       0
       0
       0
       0
       0
       0
       0
       0
       1
       1
       1
       1
       1
       2
       1
       1
       2
       0
       0
       0
       1
       0
       0
       1
       0
       0
       0
       0
       0
       0
       1
       1
       1
       0
       0
       0
       0
       0
       1
       2
       0
       0
       2
       0
       0
       0
       0
       0
       0
       0
       0
       0
       0
       1
       0
       0
       0
       1
       2
       1
       0
       1
       2
       1
       1
       0
       0
       0
       0
       0
       0
       0
       0
       0
       1
       1
       1
       0
       0
       1
       0
       0
       1
       0
       0
       1
       0
       0
       1
       0
       1
       0
       0
       1
       1
       0
       1
       1
       1
       0
       0
       0
       0
       0
       1
       2
       0
       0
       0
       0
       1
       1
       1
       1
       2
       0
       1
       0
       3
       1
       1
       1
       0
       0
       0
       0
       0
       0
       0
       3
       0
       0
       1
       1
       2
       1
       2
       1
       1
       1
       0
       0
       0
       3
       0
       0
       3
       2
       0
       0
       1
       1
       0
       0
       1
       1
       0
       1
       0
       0
       0
       0
       0
       0
       0
       0
       0
       1
       0
       0
       3
       0
       1
       0
       1
       0
       0
       1
       0
       0
       0
       0
       0
       1
       0
       0
       0
       0
       1
       2
       1
       0
       0
       0
       1
       2
       0
       2
       1
       0
       1
       0
       0
       2
       0
       0
       1
       1
       0
       0
       1
       0
       0
       0
       0
       0
       0
       2
       1
       0
       0
       0
       0
       1
       0
       2
       3
       2
       2
       0
       0
       0
       0
       1
       1
       0
       1
       1
       0
       0
       0
       0
       0
       0
       0
       0
       0
       0
       0
       1
       0
       0
       0
       0
       2
       1
       0
       0
       1
       0
       0
       0
       1
       1
       1
       0
       0
       0
       0
       0
       0
       0
       1
       0
       0
       0
       1
       0
       0
       0
       0
       1
       0
       1
       0
       1
       0
       0
       0
       0
       1
       0
       0
       0
       0
       0
       0
       2
       0
       0
       0
       0
       0
       0
       0
       0
       0
       0
       2
       0
       0
       0
       0
       0
       1
       0
       0
       0
       1
       1
       1
       0
       0
       0
       1
       0
       2
       0
       0
       2
       0
       0
       0
       0
       0
       0
       0
       0
       0
       0
       0
       1
       1
       0
       0
       1
       0
       1
       1
       0
       0
       0
       0
       1
       1
       0
       0
       1
       2
       0
       1
       0
       0
       0
       0
       0
       1
       0
       0
       0
       0
       0
       1
       1
       0
       1
       0
       1
       0
       0
       0
       1
       0
       0
       0
       1
       0
       2
       0
       0
       0
       0
       1
       1
       0
       0
       1
       0
       1
       0
       0
       2
       2
       0
       0
       0
       0
       1
       2
       0
       0
       0
       0
       0
       0
       0
       0
       1
       1
       0
       0
       0
       0
       0
       0
       1
       1
       1
       0
       0
       0
       0
       0
       1
       1
       0
       0
       0
       1
       0
       2
       0
       0
       1
       0
       1
       0
       0
       2
       1
       0
       2
       0
       0
       1
       1
       0
       2
       1
       0
       1
       1
       1
       0
       1
       0
       1
       1
       0
       3
       0
       0
       0
       1
       0
       0
       2
       0
       1
       0
       0
       0
       0
       0
       0
       0
       0
       0
       0
       0
       0
       1
       1
       0
       1
       0
       0
       1
       0
       1
       0
       0
       3
       0
       1
       0
       0
       0
       0
       0
       0
       0
       0
       1
       0
       1
       0
       0
       0
       0
       1
       0
       0
       0
       0
       1
       0
       0
       0
       0
       0
       1
       0
       0
       1
       1
       0
       0
       1
       0
       0
       0
       1
       0
       0
       0
       0
       1
       1
       0
       0
       1
       1
       0
       0
       0
       0
       1
       0
       1
       0
       1
       0
       0
       1
       0
       1
       0
       0
       0
       0
       0
       0
       1
       0
       0
       1
       1
       0
       0
       1
       0
       0
       1
       0
       0
       0
       0
       0
       0
       0
       1
       0
       0
       1
       0
       1
       1
       0
       0
       0
       0
       0
       0
       0
       0
       0
       0
       0
       0
       0
       0
       0
       0
       0
       1
       0
       0
       1
       0
       0
       0
       0
       0
       0
       0
       0
       0
       0
       1
       0
       0
       0
       1
       0
       0
       1
       2
       0
       0
       1
       0
       0
       0
       0
       0
       0
       0
       0
       0
       0
       0
       0
       0
       0
       0
       1
       0
       0
       1
       0
       0
       0
       0
       0
       0
       0
       0
       0
       0
       1
       0
       1
       0
       1
       0
       0
       0
       0
       0
       1
       1
       0
       1
       1
       1
       2
       1
       1
       0
       0
       0
       0
       0
       0
       0
       0
       0
       0
       0
       1
       0
       0
       1
       0
       0
       0
       0
       0
       0
       0
       0
       0
       0
       0
       0
       0
       0
       0
       0
       0
       0
       0
       0
       0
       0
       0
       0
       0
       1
       0
       0
       1
       0
       0
       1
       0
       0
       0
       0
       0
       0
       1
       0
       1
       0
       0
       0
       0
       0
       0
       0
       1
       1
       0
       0
       0
       0
       0
       0
       0
       1
       0
       0
       0
       0
       0
       0
       0
       0
       0
       0
       0
       0
       0
       0
       0
       0
       0
       0
       0
       0
       0
       0
       0
       1
       1
       0
       0
       0
       0
       2
       1
       5
       2
       5
       0
       0
       0
       0
       1
       0
       0
       0
       0
       0
       0
       0
       0
       0
       0
       0
       0
       0
       0
       0
       0
       1
       0
       1
       0
       1
       0
       0
       0
       1
       2
       0
       0
       1
       1
       0
       0
       0
       0
       0
       0
       0
       0
       0
       0
       0
       0
       0
       0
       0
       0
       0
       0
       0
       0
       0
       0
       0
       0
       0
       0
       0
       1
       0
       0
       0
       0
       1
       0
       0
       0
       1
       0
       0
       0
       0
       0
       0
       1
       0
       0
       0
       0
       0
       0
       0
       0
       0
       0
       0
       0
       0
       0
       1
       0
       0
       0
       0
       1
       0
       1
       0
       0
       0
       0
       0
       0
       1
       0
       1
       0
       0
       1
       0
       0
       0
       0
       0
       1
       0
       0
       0
       0
       0
       0
       0
       1
       0
       2
       0
       0
       0
       0
       0
       0
       0
       0
       0
       0
       0
       0
       0
       0
       0
       0
       0
       0
       0
       0
       0
       0
       0
       0
       0
       0
       0
       0
       0
       0
       0
       0
       1
       0
       0
       0
       0
       0
       0
       0
       0
       0
       0
       0
       0
       0
       0
       0
       1
       0
       0
       1
       0
       0
       0
       0
       0
       0
       0
       0
       0
       0
       0
       0
       0
       0
       0
       0
       0
       0
       0
       0
       0
       1
       1
       0
       0
       0
       0
       0
       0
       0
       0
       0
       0
       0
       0
       0
       0
       0
       1
       0
       0
       1
       0
       0
       1
       0
       0
       0
       0
       0
       0
       0
       0
       0
       0
       0
       1
       0
       0
       0
       0
       0
       1
       0
       0
       0
       0
       0
       1
       0
       0
       0
       0
       0
       0
       0
       0
       0
       0
       2
       1
       0
       0
       0
       0
       0
       0
       0
       1
       0
       0
       0
       0
       0
       0
       0
       0
       0
       0
       0
       0
       0
       0
       0
       0
       1
       0
       0
       0
       0
       0
       0
       0
       0
       0
       0
       0
       0
       0
       0
       0
       0
       0
       0
       0
       0
       0
       0
       0
       0
       0
       0
       0
       2
       0
       0
       0
       0
       0
       0
       0
       0
       0
       0
       0
       0
       0
       0
       0
       0
       0
       0
       0
       2
       0
       0
       0
       1
       0
       0
       0
       0
       0
       0
       0
       0
       0
       0
       0
       0
       0
       0
       0
       0
       0
       0
       0
       0
       0
       0
       0
       0
       0
       0
       0
       0
       0
       0
       0
       2
       0
       0
       0
       0
       0
       0
       0
       0
       0
       0
       0
       0
       0
       1
       1
       0
       0
       0
       0
       0
       0
       0
       0
       0
       0
       1
       0
       0
       0
       0
       0
       0
       0
       0
       0
       0
       1
       0
       0
       0
       0
       0
       0
       0
       0
       0
       0
       0
       0
       1
       0
       0
       0
       0
       0
       1
       0
       0
       0
       0
       0
       0
       0
       1
       0
       0
       0
       0
       0
       0
       0
       0
       0
       0
       1
       0
       0
       0
       0
       0
       0
       1
       0
       0
       1
       1
       0
       0
       0
       0
       0
       0
       0
       0
       0
       0
       0
       0
       0
       0
       0
       0
       0
       0
       0
       0
       0
       0
       0
       0
       0
       0
       0
       0
       1
       0
       0
       0
       0
       0
       0
       0
       0
       0
       0
       0
       0
       0
       2
       0
       0
       0
       0
       0
       0
       0
       1
       0
       0
       0
       0
       0
       0
       0
       0
       0
       0
       0
       0
       0
       0
       0
       0
       0
       0
       0
       0
       0
       0
       0
       0
       0
       0
       0
       0
       0
       0
       0
       1
       1
       0
       1
       0
       0
       0
       0
       0
       0
       0
       0
       1
       0
       0
       0
       0
       0
       0
       0
       1
       0
       0
       0
       0
       0
       0
       0
       0
       0
       1
       1
       0
       0
       1
       0
       0
       0
       0
       0
       0
       0
       0
       0
       0
       0
       0
       1
       0
       1
       0
       0
       0
       0
       0
       0
       0
       0
       0
       0
       0
       0
       0
       0
       0
       0
       0
       0
       0
       0
       0
       0
       0
       0
       1
       0
       0
       0
       1
       0
       1
       0
       0
       1
       0
       0
       0
       0
       0
       0
       0
       0
       0
       0
       0
       0
       0
       0
       0
       0
       0
       0
       0
       0
       0
       0
       0
       0
       0
       0
       0
       0
       0
       1
       0
       0
       0
       0
       0
       0
       0
       0
       0
       0
       0
       0
       0
       2
       0
       0
       0
       0
       0
       1
       0
       0
       0
       0
       0
       0
       0
       0
       0
       0
       0
       0
       0
       0
       2
       0
       0
       0
       0
       0
       0
       0
       0
       0
       3
       0
       0
       0
       0
       0
       0
       0
       0
       0
       0
       0
       0
       0
       0
       0
       0
       0
       0
       0
       0
       0
       0
       1
       0
       0
       0
       0
       1
       0
       0
       0
       0
       0
       0
       0
       0
       0
       1
       1
       0
       0
       0
       0
       0
       0
       0
       0
       1
       0
       0
       0
       0
       0
       0
       0
       0
       0
       0
       0
       0
       0
       0
       0
       0
       0
       1
       0
       0
       0
       0
       0
       0
       0
       0
       0
       0
       0
       0
       0
       0
       1
       1
       0
       0
       0
       0
       0
       0
       0
       0
       0
       0
       1
       0
       0
       0
       0
       0
       0
       0
       0
       0
       0
       0
       0
       1
       0
       0
       0
       1
       0
       0
       0
       1
       0
       1
       0
       0
       0
       0
       0
       0
       0
       0
       0
       0
       0
       0
       2
       0
       0
       0
       0
       0
       0
       0
       0
       0
       0
       0
       0
       0
       0
       0
       0
       0
       0
       0
       0
       0
       0
       0
       1
       0
       0
       3
       0
       0
       0
       0
       0
       0
       0
       0
       0
       0
       0
       0
       0
       0
       0
       0
       1
       0
       0
       0
       0
       0
       0
       0
       1
       0
       0
       0
       0
       0
       0
       0
       0
       0
       0
       0
       1
       0
       0
       0
       0
       0
       0
       0
       0
       0
       0
       0
       0
       0
       0
       1
       0
       0
       1
       0
       0
       0
       1
       0
       0
       0
       0
       0
       0
       0
       1
       1
       0
       0
       0
       0
       0
       0
       0
       0
       0
       0
       0
       0
       1
       0
       0
       0
       0
       0
       0
       0
       0
       0
       0
       0
       0
       0
       1
       0
       0
       0
       0
       0
       0
       0
       0
       0
       0
       0
       0
       0
       0
       0
       2
       0
       0
       0
       0
       2
       0
       0
       0
       1
       0
       0
       0
       0
       0
       0
       0
       0
       0
       0
       0
       0
       0
       0
       0
       0
       0
       0
       0
       0
       0
       1
       0
       0
       0
       0
       0
       0
       0
       0
       0
       0
       0
       0
       0
       0
       0
       1
       2
       0
       0
       0
       0
       0
       0
       0
       0
       1
       0
       0
       0
       0
       0
       0
       0
       0
       0
       0
       0
       0
       0
       0
       0
       0
       0
       0
       0
       0
       0
       0
       1
       0
       0
       0
       1
       0
       0
       0
       0
       0
       0
       1
       0
       0
       1
       1
       0
       0
       0
       0
       0
       0
       0
       0
       0
       0
       0
       0
       0
       0
       0
       0
       0
       0
       0
       0
       0
       1
       0
       0
       0
       0
       0
       0
       0
       0
       0
       0
       0
       1
       0
       0
       0
       0
       0
       0
       0
       0
       0
       1
       0
       0
       0
       0
       0
       0
       0
       1
       0
       0
       0
       0
       0
       0
       0
       0
       1
       0
       0
       0
       0
       0
       0
       0
       0
       1
       0
       0
       0
       0
       0
       0
       0
       0
       0
       0
       0
       1
       0
       0
       0
       0
       1
       0
       0
       0
       0
       0
       0
       0
       0
       0
       0
       0
       0
       0
       0
       0
       0
       0
       0
       0
       0
       0
       1
       0
       0
       0
       0
       0
       0
       1
       0
       0
       0
       0
       0
       0
       0
       0
       0
       0
       0
       0
       0
       0
       0
       0
       1
       0
       0
       0
       0
       0
       0
       0
       0
       0
       0
       1
       0
       0
       0
       0
       0
       0
       0
       0
       0
       0
       0
       0
       0
       0
       0
       0
       0
       0
       0
       0
       0
       0
       0
       0
       1
       0
       0
       0
       0
       0
       0
       0
       0
       0
       0
       0
       0
       0
       1
       0
       0
       1
       0
       0
       0
       0
       0
       0
       0
       0
       2
       0
       0
       0
       0
       0
       0
       0
       0
       0
       0
       0
       0
       0
       0
       0
       0
       0
       0
       0
       1
       0
       0
       0
       0
       1
       0
       0
       0
       0
       0
       0
       0
       0
       0
       0
       0
       0
       0
       0
       0
       0
       0
       0
       1
       0
       2
       1
       0
       0
       0
       0
       0
       0
       1
       0
       1
       0
       0
       0
       0
       0
       0
       0
       0
       0
       0
       0
       0
       0
       0
       0
       0
       0
       0
       0
       0
       0
       0
       0
       0
       0
       0
       0
       0
       0
       0
       0
       0
       0
       0
       0
       0
       0
       0
       0
       0
       0
       0
       0
       0
       0
       0
       0
       0
       0
       0
       0
       0
       0
       0
       0
       0
       0
       0
       0
       0
       0
       0
       0
       0
       0
       0
       0
       0
       0
       0
       0
       0
       0
       0
       0
       0
       0
       0
       0
       0
       0
       0
       0
       0
       0
       0
       0
       0
       0
       0
       0
       0
       0
       0
       0
       0
       0
       0
       0
       0
       0
       0
       0
       0
       0
       0
       0
       0
       0
       0
       0
       0
       0
       0
       0
       0
       0
       0
       0
       0
       0
       0
       0
       0
       0
       0
       0
       0
       0
       0
       0
       0
       0
       0
       0
       0
       0
       0
       0
       0
       0
       0
       0
       0
       0
       0
       0
       0
       0
       0
       0
       0
       0
       0
       0
       0
       0
$ROI:
0
$PRESETS:
None
0
0
$ENER_FIT:
0.000000 0.000000
$MCA_CAL:
3
0.000000E+000 0.000000E+000 0.000000E+000 
$SHAPE_CAL:
3
0.000000E+000 0.000000E+000 0.000000E+000
