$SPEC_ID:
No sample description was entered.
$SPEC_REM:
DET# 1
DETDESC# SCE-SOPA-00035 MCB 133
AP# Maestro Version 7.01
$DATE_MEA:
11/08/2019 16:43:01
$MEAS_TIM:
236864 236871
$DATA:
0 4095
       0
       0
       0
       0
       2
       0
       0
       0
       0
       0
       0
       0
       0
       0
       0
       0
       0
       0
       1
       2
       2
       1
       5
       4
       6
       9
     159
     528
     241
     350
    1497
    1594
    1623
    1637
    1572
    1670
    1697
    1649
    1641
    1733
    1703
    1652
    1672
    1669
    1711
    1920
    2444
    2668
    2251
    1814
    1816
    1766
    1834
    1972
    1971
    1860
    1787
    1793
    1914
    1899
    1957
    1941
    2405
    3250
    3474
    2752
    2115
    2093
    2045
    2064
    2059
    2066
    2219
    2281
    2995
    3843
    4265
    4671
    4602
    3281
    2300
    2075
    1965
    2006
    2186
    2243
    2186
    2523
    2697
    2480
    2411
    2592
    3233
    4134
    3876
    2752
    1930
    1756
    1829
    1878
    1784
    1701
    1717
    1664
    1639
    1768
    1881
    1764
    1799
    1812
    1919
    1810
    1849
    1864
    1939
    1742
    1776
    1810
    1673
    1687
    1691
    1759
    1738
    1812
    1794
    1805
    1881
    1840
    1853
    1910
    1975
    1924
    1801
    1802
    1739
    1842
    1751
    1751
    1747
    1687
    1754
    1776
    1808
    1803
    1840
    1959
    1849
    1817
    1770
    1780
    1762
    1637
    1683
    1709
    1782
    1742
    1724
    1718
    1670
    1653
    1628
    1661
    1612
    1662
    1682
    1699
    1573
    1584
    1548
    1578
    1607
    1580
    1523
    1537
    1571
    1534
    1514
    1542
    1525
    1511
    1568
    1456
    1445
    1508
    1554
    1789
    2317
    2755
    2281
    1670
    1487
    1439
    1396
    1427
    1390
    1462
    1347
    1397
    1450
    1544
    1403
    1382
    1373
    1369
    1420
    1330
    1394
    1338
    1375
    1354
    1417
    1452
    1395
    1230
    1185
    1242
    1301
    1262
    1244
    1184
    1167
    1155
    1188
    1251
    1203
    1135
    1209
    1235
    1170
    1202
    1162
    1123
    1141
    1162
    1092
    1158
    1066
    1187
    1543
    2691
    3623
    2909
    2038
    1716
    1631
    1276
    1076
     970
     973
    1010
     969
    1009
     988
     927
     946
     943
     927
     944
     928
     919
     913
     887
     968
     881
     869
     881
     847
     818
     854
     858
     909
     967
    1063
     927
     886
     874
     815
     834
     879
     942
     928
     810
     804
     796
     795
     802
     816
     765
     785
     785
     742
     783
     748
     761
     766
    1088
    1666
    1951
    1479
     961
     755
     812
     811
     800
     762
     699
     717
     670
     733
     694
     661
     614
     683
     687
     614
     650
     686
     641
     686
     651
     651
     626
     663
     684
     633
     720
     633
     682
     656
     765
     720
     762
     675
     699
     615
     613
     600
     627
     684
     848
    1094
     958
     716
     621
     613
     618
     607
     590
     561
     559
     626
     689
    1195
    2068
    2489
    1710
     847
     603
     586
     522
     591
     571
     540
     507
     560
     529
     563
     578
     546
     525
     491
     560
     544
     505
     476
     512
     535
     549
     523
     496
     517
     479
     503
     524
     521
     478
     523
     505
     520
     511
     533
     522
     499
     524
     488
     507
     504
     456
     501
     482
     462
     489
     451
     496
     505
     485
     533
     464
     489
     476
     518
     549
     541
     492
     455
     493
     461
     471
     485
     407
     470
     428
     434
     444
     481
     446
     443
     445
     452
     485
     425
     438
     441
     443
     429
     419
     446
     426
     431
     436
     446
     449
     421
     414
     434
     405
     418
     410
     384
     439
     420
     401
     417
     411
     402
     426
     417
     393
     433
     375
     394
     388
     413
     380
     461
     490
     442
     401
     376
     380
     409
     385
     408
     413
     368
     345
     403
     397
     361
     360
     358
     404
     398
     349
     333
     367
     326
     363
     379
     354
     365
     342
     381
     370
     368
     376
     348
     353
     356
     359
     307
     393
     339
     371
     372
     344
     335
     360
     358
     356
     441
     637
     984
    1273
    1194
     830
     586
     418
     371
     385
     307
     315
     312
     325
     334
     325
     300
     302
     299
     321
     355
     326
     276
     337
     343
     302
     324
     334
     310
     300
     295
     308
     292
     299
     291
     324
     308
     308
     347
     312
     302
     327
     279
     330
     336
     285
     329
     309
     308
     312
     281
     303
     303
     291
     318
     331
     325
     270
     313
     292
     289
     309
     313
     315
     289
     284
     305
     306
     293
     286
     288
     279
     287
     362
     474
     756
     909
     672
     428
     313
     305
     265
     262
     270
     312
     287
     288
     288
     303
     289
     296
     267
     304
     308
     284
     276
     318
     301
     287
     376
     601
    1137
    1620
    1322
     678
     364
     264
     295
     278
     250
     288
     256
     237
     282
     266
     281
     276
     278
     265
     224
     249
     271
     256
     254
     258
     231
     280
     239
     298
     232
     276
     264
     249
     270
     289
     242
     267
     257
     239
     276
     253
     258
     261
     260
     260
     225
     267
     265
     262
     256
     242
     272
     281
     251
     285
     278
     249
     253
     283
     270
     278
     291
     275
     242
     256
     262
     234
     249
     248
     248
     234
     232
     227
     228
     237
     222
     242
     249
     234
     198
     219
     250
     255
     269
     260
     256
     290
     311
     283
     250
     299
     278
     260
     268
     235
     242
     292
     277
     254
     213
     253
     254
     244
     226
     221
     250
     214
     254
     255
     228
     237
     232
     220
     201
     223
     218
     241
     220
     266
     295
     348
     340
     289
     254
     245
     214
     203
     235
     217
     243
     226
     213
     207
     204
     223
     234
     217
     236
     224
     245
     213
     217
     193
     203
     204
     249
     219
     219
     217
     222
     224
     197
     202
     197
     179
     188
     236
     201
     232
     252
     261
     313
     331
     271
     264
     258
     220
     176
     195
     195
     217
     186
     208
     186
     214
     215
     215
     197
     236
     245
     204
     203
     219
     214
     197
     209
     200
     229
     281
     226
     227
     223
     185
     201
     202
     190
     191
     209
     216
     227
     225
     209
     190
     167
     176
     217
     198
     199
     187
     158
     172
     176
     190
     196
     195
     216
     173
     172
     194
     186
     199
     168
     166
     167
     186
     178
     200
     178
     203
     203
     232
     209
     220
     212
     218
     190
     203
     188
     187
     199
     196
     213
     190
     181
     174
     195
     198
     171
     190
     179
     190
     182
     186
     245
     243
     226
     203
     161
     168
     171
     228
     167
     153
     185
     185
     153
     168
     149
     175
     184
     185
     177
     176
     181
     178
     174
     164
     166
     172
     181
     189
     174
     165
     191
     179
     214
     181
     182
     171
     165
     169
     195
     175
     203
     180
     185
     183
     210
     189
     178
     147
     170
     181
     287
     463
     542
     495
     293
     208
     190
     156
     162
     196
     170
     164
     165
     170
     160
     154
     160
     168
     154
     160
     151
     151
     174
     170
     193
     195
     231
     175
     170
     165
     157
     153
     164
     150
     156
     149
     153
     148
     175
     170
     173
     168
     140
     166
     153
     161
     154
     153
     145
     131
     144
     181
     164
     192
     205
     211
     232
     231
     253
     302
     387
     309
     226
     169
     170
     155
     151
     159
     151
     159
     139
     126
     154
     164
     157
     148
     149
     143
     168
     144
     154
     141
     164
     148
     158
     139
     156
     147
     146
     155
     169
     170
     176
     187
     155
     153
     141
     141
     137
     144
     145
     126
     151
     129
     139
     150
     150
     155
     138
     149
     138
     141
     133
     150
     138
     133
     129
     136
     122
     139
     126
     131
     149
     145
     155
     134
     133
     133
     149
     118
     128
     132
     115
     141
     147
     156
     148
     151
     136
     147
     132
     152
     131
     166
     135
     149
     137
     144
     136
     131
     148
     126
     131
     125
     130
     134
     160
     138
     148
     131
     137
     136
     142
     147
     128
     134
     160
     136
     141
     135
     155
     136
     140
     149
     168
     129
     125
     125
     146
     118
     133
     150
     112
     137
     144
     118
     147
     144
     149
     125
     124
     138
     130
     148
     136
     154
     105
     127
     141
     159
     167
     134
     156
     133
     144
     129
     147
     161
     157
     188
     188
     325
     398
     304
     220
     159
     131
     116
     122
     129
     134
     136
     124
     146
     136
     116
     118
     127
     148
     142
     129
     120
     157
     124
     164
     144
     131
     132
     109
     109
     117
     126
     134
     140
     132
     141
     152
     151
     151
     123
     156
     151
     129
     148
     140
     139
     133
     141
     129
     113
     136
     121
     129
     126
     158
     133
     153
     144
     130
     142
     137
     134
     136
     158
     146
     136
     142
     120
     131
     129
     136
     128
     128
     140
     134
     127
     118
     128
     129
     133
     124
     128
     143
     122
     130
     148
     136
     138
     137
     108
     143
     118
     117
     132
     130
     134
     117
     131
     138
     123
     159
     124
     138
     122
     130
     128
     125
     128
     144
     131
     116
     120
      97
     122
     111
     142
     128
     140
     166
     189
     211
     221
     169
     155
      93
     130
     119
     142
     121
     124
     112
     116
     107
     114
     101
     104
     102
     113
     109
     108
     112
     108
      82
      99
      93
     100
     121
     113
     111
     105
      81
      97
     109
     108
     108
      84
     128
     103
     114
     103
     101
     124
     111
     136
     127
     110
     103
      92
     113
     109
     102
      99
      94
      97
     101
      95
      75
     110
      98
     109
      92
      98
     121
      83
      85
      97
      76
      90
      98
      92
     102
      93
      97
      98
      93
      69
      94
      89
     105
      85
      95
      86
     104
      88
      87
      88
      93
     106
      99
     103
     102
      87
      92
      64
      98
      88
      90
      89
      85
      78
      87
      67
      76
      97
      85
      95
      80
      76
      96
      89
      73
      77
      85
      93
      80
      89
      81
      71
      74
      66
      92
      78
      89
      67
      74
      79
      76
      75
      67
      88
      84
      62
      86
      51
      59
      67
      72
      84
      83
     117
     100
     126
     106
      87
      76
      76
      82
      84
      90
      79
      89
      62
      56
      67
      86
      67
      67
      69
      75
      82
      76
      81
      77
      91
      81
      89
      73
      83
      93
      91
      95
     100
      88
      73
      87
      61
      68
      69
      79
      58
      59
      61
      77
      63
      78
      56
      76
      62
      74
      73
      57
      65
      75
      76
      65
      75
      63
      73
      58
      56
      75
      69
      57
      60
      54
      66
      64
      61
      73
      65
      57
      63
      56
      62
      62
      70
      79
      64
      84
      87
     154
     373
     767
    1101
    1241
     945
     385
     149
      87
      61
      60
      62
      59
      61
      56
      58
      49
      44
      57
      47
      67
      57
      72
      50
      64
      60
      65
      61
      49
      58
      40
      52
      59
      68
      65
      71
      64
      56
      66
      61
      71
      70
      56
      57
      51
      70
      69
      44
      52
      55
      60
      76
     105
      83
      90
      57
      57
      60
      53
      57
      47
      44
      47
      56
      63
      48
      45
      43
      43
      63
      56
      44
      44
      49
      58
      54
      54
      52
      64
      60
      58
      67
      56
      62
      50
      47
      64
      45
      61
      46
      61
      52
      52
      32
      50
      55
      52
      49
      35
      41
      42
      49
      49
      48
      40
      33
      42
      61
      53
      48
      49
      59
      58
      44
      51
      46
      46
      55
      51
      48
      44
      63
      58
      62
      63
      56
      70
      48
      51
      62
      56
      65
      75
      78
      68
      80
      82
      60
      67
      54
      50
      51
      55
      50
      44
      54
      51
      52
      30
      51
      44
      50
      49
      32
      48
      43
      48
      50
      35
      46
      48
      52
      56
      41
      61
      50
      49
      47
      37
      44
      39
      55
      47
      57
      70
      47
      42
      50
      39
      50
      41
      36
      51
      53
      49
      48
      38
      34
      44
      38
      28
      35
      43
      38
      38
      35
      46
      53
      43
      45
      42
      42
      42
      37
      47
      57
      45
      35
      42
      61
      51
      39
      48
      26
      41
      38
      32
      44
      49
      44
      39
      33
      31
      32
      52
      42
      49
      46
      36
      38
      36
      45
      38
      43
      38
      42
      27
      41
      31
      35
      39
      38
      33
      47
      30
      41
      39
      34
      44
      31
      34
      33
      31
      38
      39
      33
      30
      36
      36
      34
      37
      36
      38
      44
      33
      33
      36
      37
      27
      41
      49
      46
      69
      67
      67
      55
      54
      39
      42
      36
      34
      36
      30
      32
      35
      42
      35
      30
      34
      43
      44
      39
      37
      36
      37
      44
      44
      37
      36
      30
      38
      39
      28
      34
      47
      66
     105
     165
     215
     190
     145
      97
      50
      48
      32
      37
      28
      29
      32
      24
      31
      35
      30
      30
      31
      33
      25
      35
      40
      28
      34
      39
      36
      40
      28
      33
      23
      34
      31
      32
      39
      28
      23
      30
      35
      33
      31
      42
      31
      40
      32
      33
      40
      31
      28
      39
      28
      30
      25
      38
      28
      26
      35
      27
      37
      33
      33
      26
      39
      36
      30
      32
      31
      26
      31
      34
      32
      32
      36
      40
      34
      33
      28
      35
      30
      30
      26
      26
      33
      36
      40
      57
      43
      50
      44
      28
      29
      36
      26
      27
      33
      28
      24
      21
      28
      30
      38
      36
      46
      35
      31
      40
      34
      38
      30
      27
      42
      36
      26
      31
      25
      30
      21
      28
      28
      26
      24
      21
      27
      26
      26
      28
      36
      37
      32
      30
      33
      36
      23
      35
      29
      22
      33
      33
      39
      38
      26
      40
      22
      27
      22
      24
      28
      39
      24
      28
      24
      30
      23
      28
      31
      37
      25
      30
      34
      22
      30
      21
      21
      30
      27
      37
      30
      34
      20
      24
      27
      24
      29
      25
      37
      24
      23
      25
      29
      23
      32
      33
      24
      25
      26
      30
      23
      38
      31
      13
      24
      30
      23
      26
      21
      27
      24
      29
      28
      19
      30
      26
      19
      17
      16
      33
      33
      24
      21
      26
      32
      23
      37
      32
      25
      21
      22
      24
      32
      22
      31
      26
      21
      22
      23
      31
      23
      26
      20
      23
      18
      27
      18
      23
      28
      30
      18
      27
      30
      29
      27
      22
      35
      22
      20
      23
      38
      27
      30
      25
      30
      29
      33
      12
      25
      20
      25
      25
      20
      15
      35
      18
      17
      20
      32
      24
      26
      29
      28
      26
      24
      28
      21
      17
      25
      22
      38
      18
      19
      27
      23
      19
      27
      23
      21
      30
      24
      16
      24
      31
      20
      26
      23
      29
      24
      31
      23
      28
      25
      18
      24
      23
      24
      23
      24
      25
      36
      24
      19
      20
      14
      30
      20
      16
      22
      25
      18
      25
      32
      24
      29
      24
      22
      20
      20
      17
      21
      26
      28
      22
      25
      20
      17
      22
      24
      27
      18
      19
      38
      24
      36
      47
      47
      46
      39
      39
      30
      27
      24
      18
      21
      22
      13
      27
      18
      24
      27
      32
      24
      37
      23
      23
      18
      16
      22
      18
      29
      14
      25
      24
      17
      17
      19
      18
      18
      17
      28
      22
      23
      26
      19
      27
      27
      20
      23
      27
      35
      20
      23
      25
      28
      24
      21
      22
      21
      21
      33
      22
      27
      22
      33
      25
      21
      12
      25
      24
      30
      18
      18
      24
      24
      25
      21
      25
      19
      23
      23
      23
      22
      20
      17
      23
      14
      23
      24
      19
      19
      18
      17
      25
      28
      27
      20
      19
      27
      29
      20
      21
      19
      27
      26
      36
      64
      69
      68
      55
      41
      26
      25
      28
      30
      21
      16
      18
      19
      27
      22
      19
      18
      21
      25
      19
      28
      11
      17
      21
      29
      16
      15
      18
      19
      22
      19
      26
      28
      14
      21
      24
      15
      26
      25
      17
      13
      20
      22
      19
      32
      24
      24
      21
      24
      23
      19
      27
      26
      37
      18
      31
      20
      22
      18
      18
      20
      25
      18
      28
      32
      27
      19
      23
      24
      31
      25
      21
      22
      28
      22
      30
      20
      32
      34
      16
      20
      25
      15
      19
      26
      24
      20
      22
      25
      19
      24
      23
      22
      28
      18
      22
      19
      29
      24
      22
      23
      27
      30
      22
      23
      25
      22
      25
      18
      26
      21
      18
      23
      24
      30
      19
      16
      25
      20
      19
      32
      21
      21
      33
      15
      23
      18
      26
      25
      20
      25
      20
      28
      15
      26
      20
      26
      17
      14
      22
      26
      20
      19
      25
      17
      14
      19
      19
      22
      27
      26
      22
      28
      26
      27
       9
      27
      27
      26
      25
      23
      22
      24
      24
      24
      25
      19
      20
      24
      27
      21
      23
      31
      10
      20
      21
      25
      23
      18
      15
      22
      21
      23
      20
      26
      20
      27
      30
      30
      19
      15
      23
      23
      12
      27
      21
      23
      20
      28
      19
      18
      15
      17
      19
      13
      22
      12
      20
      29
      17
      27
      20
       9
      25
      19
      17
      24
      12
      21
      24
      25
      18
      15
      17
      18
      15
      10
      16
       9
      18
      27
      18
      13
      18
      11
      19
      20
      23
      16
      16
      29
      13
      11
      25
      28
      25
      32
      35
      20
      25
      23
      19
      13
      21
      19
      15
      13
      11
      12
      20
      16
      20
      21
      15
      15
      17
      19
       9
      23
      19
      17
      17
      14
      16
      16
      15
      11
      14
      12
       9
      26
      19
      17
       9
      13
      15
      12
       8
      13
      17
      12
      15
      15
      15
      13
      10
      11
       7
      14
       7
      17
       9
      17
      13
      18
      13
      14
      12
      10
      17
      10
       8
      11
      12
      13
      14
      16
      15
      18
      12
      13
      16
      10
      10
      15
       8
      12
      15
      19
      11
      16
      14
      13
       6
      13
      10
      10
      17
      15
      14
      15
      14
      10
       9
      12
      13
      11
      13
      13
       8
      10
      24
       9
      10
      15
       9
      15
      12
       8
      15
       9
      11
      16
      11
      13
      15
      12
      12
      13
      10
      11
      16
       6
      13
       9
      12
       8
      12
      10
      14
      10
       7
      25
      12
      11
      13
      15
      10
       7
       9
       9
      11
      14
      13
      18
       7
       8
      13
      11
       8
       9
      15
       9
      12
      12
      19
      15
      13
      25
      39
      52
     103
     149
     198
     225
     147
      97
      54
      15
       9
      11
       4
       8
      11
       6
      11
       5
       8
      10
       9
       8
       9
      13
       3
       6
      11
       8
       7
       7
      18
      14
      14
      11
      10
      10
       8
      12
       9
       8
       9
      18
       9
       9
       9
       8
      11
      13
       5
      10
      12
       7
      11
       6
       6
       7
      15
       8
       7
       6
      10
      12
      15
       8
       6
       6
       7
      11
      10
       5
      14
      11
       7
      14
       9
       6
      10
      12
       5
       4
       9
       9
      14
      14
      11
       4
      14
       9
      13
      12
      10
       8
       8
       7
      13
      11
       4
      10
      15
       8
       5
      13
      15
       5
      10
       5
      11
      10
       9
      11
       3
       9
       8
       8
       8
       6
       7
      12
       7
      12
       8
       7
      16
      11
       9
       9
      14
       6
      16
       8
      10
       6
      10
      13
      12
      13
       4
       7
      10
       7
       5
       8
       9
       9
       7
       7
       9
      11
       8
       8
       8
       5
       7
      14
       6
      15
      12
      10
       7
       6
      11
       8
      13
       5
      14
       4
      13
       5
      10
      19
       6
       8
       7
       9
       3
      11
      10
       9
      13
       7
      12
       8
       7
       6
       3
       5
      12
       8
      15
       9
       9
      10
      15
       9
       9
       9
      10
       5
       7
       6
      14
      12
       5
       9
       6
       5
       6
       6
      11
      10
       8
      11
      11
      14
       8
       9
       4
       9
       9
       9
      10
       2
       6
       8
       6
      10
      11
       4
       6
       9
       9
       9
      11
       5
      16
       9
      14
       8
       5
       8
       9
       6
       4
       4
      10
       9
      11
      13
       9
      10
      10
       7
      15
       7
       6
       7
       6
       7
       5
       8
       6
      10
       9
       7
      12
      11
       8
      10
       3
       5
       9
      10
       7
       9
       7
       7
      11
       8
       9
      12
      11
       7
       5
       7
       7
       5
       3
      11
       8
       8
       8
      16
      11
      11
       5
       7
       8
      12
       8
      10
       7
       8
       7
       8
       9
       7
       9
       8
       9
       6
       8
       8
      11
       9
       9
       7
       4
      12
       8
      11
       7
       9
      11
       9
       9
      15
      11
       8
       8
      13
       5
       7
       4
      11
      13
       7
       7
       5
       8
       6
       8
       6
       7
       8
      12
       9
      13
       6
      11
       7
      12
       8
      12
      12
       3
       6
       7
      11
       6
       6
       6
       5
      11
      12
       9
       8
       5
       6
       5
      10
       7
       5
      11
      10
       5
      12
       5
      13
       7
      10
       6
       4
      12
       8
       9
       4
       5
       4
       6
      10
       8
       7
       8
      14
       9
       6
       5
       9
       7
       6
       4
      10
      13
       3
       3
       9
       6
       7
       8
       4
       7
      14
       5
       5
      11
       7
       3
       8
      10
       5
       4
       9
       5
       7
       6
       5
       6
       7
       6
       8
       9
       9
      13
       9
      14
       3
      13
       7
       7
      12
       5
       9
       2
       8
       7
       8
       5
       5
      11
      14
      13
      10
       5
       8
       6
       5
       7
       8
       5
       8
       6
       6
      11
      10
       8
      11
       7
       5
       5
      11
      11
      14
       9
       3
       4
       9
       7
       5
       7
       9
       6
       9
      14
      12
       6
       9
      12
       8
       8
       4
      11
       6
       6
       7
       7
       9
       3
       8
       6
       7
      10
      10
       7
      10
       4
       8
       7
       6
      11
      10
       9
      11
       5
       7
       7
      11
       5
       7
      12
       4
       8
       7
      11
       9
      10
      11
       5
       6
       4
       5
      11
       5
       7
       5
       9
       3
       6
       6
       7
       7
       5
       3
      10
       5
      10
       7
       6
       7
       3
       5
       6
      18
      11
       8
       7
      12
       9
       9
       4
       6
       7
       9
       4
       4
       6
       9
       3
       8
       7
       7
      11
      12
       8
       6
       7
       6
       6
       5
      10
      11
       4
       8
       8
       5
       7
       5
       8
       7
       7
      11
       6
       5
       6
      10
       7
       6
       7
      10
      10
       8
       6
       7
       1
       6
       5
      12
       6
       7
       5
       6
       6
       4
      14
      11
       8
       9
       6
       7
      10
       4
       7
       7
      11
       6
       6
       5
       9
       7
       8
       8
       7
       6
      11
       7
      10
       6
       9
       7
       6
       8
       5
      10
       7
      10
      10
       4
       3
       4
       7
       9
       9
       7
       7
       9
      12
       6
       8
       5
       9
       6
      12
       8
       8
       6
       6
      10
       7
       7
       8
       9
      10
      14
       9
       8
       8
       7
       9
       6
      10
       7
       8
       6
       5
      10
       7
       9
       7
       8
      14
       7
       5
      11
       7
      10
       7
       6
       6
       9
       6
       8
       5
       9
       7
       1
       4
       5
       7
       9
       9
      11
       6
       7
       8
      12
       3
       5
       2
       8
       8
      10
       7
       6
       8
       8
       5
       3
       5
       5
       4
       7
       6
       5
       7
       7
       7
       4
      12
      11
       5
       7
      11
       8
       5
       6
       5
       5
       7
      10
       8
       3
       5
      10
       9
       3
       7
      11
       6
       8
       7
      11
       7
       5
       7
       5
      11
       8
      12
       5
      12
       7
       9
       5
       6
       5
       6
       5
       9
       9
       6
       9
       8
       8
      10
       9
       4
       4
       4
       7
       5
       8
       7
      12
       7
       6
      10
       6
       6
       5
       9
       3
       5
       5
       7
       7
       5
       9
      10
       7
       7
       5
       5
      13
       8
       3
       7
       9
       6
       6
      10
       4
       5
       6
      10
      14
       5
       8
       7
       6
       9
      10
       8
       5
       4
      10
       9
       8
       8
       5
       3
       9
       4
       6
      11
       3
       7
       6
       9
      10
       3
       5
       8
       6
       6
       7
       4
      10
       7
       3
      11
      11
       8
       4
      10
       8
       3
       7
       7
      13
      12
      10
       9
       9
       7
       5
       7
       8
       2
       5
      10
       4
       8
       8
       8
       3
       8
       8
       7
       7
       8
      12
      10
       4
       8
       7
       7
       6
       4
       3
       5
      10
       6
       6
      10
       5
       7
      15
       6
       3
       8
       6
       5
       5
       3
       7
       6
       3
       6
       5
       9
       5
       5
       5
       5
       2
       6
       7
       9
       9
      10
       2
       6
       6
       6
       8
       9
       7
       5
      11
       7
       5
       6
       7
       6
       3
       5
       4
      12
       6
      11
       8
      10
       4
       5
      11
       3
       6
      10
       2
       5
       4
       7
       8
       8
      12
       5
      10
      12
       8
      10
       5
       7
       7
       3
       8
       5
       5
       7
       4
       5
       5
       7
       2
       5
       5
       2
       7
       6
       9
       5
       2
       4
       8
       7
      11
       9
       1
       7
       4
       8
       9
       5
      10
       3
       8
       6
       6
       4
       4
       8
      12
       7
       9
       7
       3
       6
       7
       8
       3
       9
       5
       7
       7
       6
       5
      10
       4
       2
       5
      10
      11
       6
       8
       4
       6
       5
      11
       7
       4
      13
       6
       7
       6
       3
       4
       4
       2
       6
       5
       2
       9
       5
       8
       6
       6
       4
       6
       8
       4
       7
       7
       8
       8
       8
       6
       8
       7
       9
       6
      10
       3
       6
      10
       6
       5
       4
       8
       3
       7
       7
       7
       3
       5
       5
       6
       7
       7
       5
       3
       8
       4
       6
       9
       6
       4
       8
       6
       3
       5
       5
       6
       7
       6
      10
       5
       9
       5
       7
      10
       6
       8
       6
       5
       5
       4
       9
       4
       5
       4
       4
       7
       5
       6
       5
      12
       9
      10
       7
       5
       8
       5
       6
       6
      10
       0
      10
       2
       4
       6
      10
       3
       4
       3
       7
       6
       4
       6
       9
       9
      11
      10
      10
      12
       7
      11
       5
       5
       7
       5
       4
       5
       9
       9
       4
       5
       8
       4
       4
       5
       5
       5
       4
       5
       5
       5
       6
       4
       5
       9
       8
       5
       5
       5
       5
       7
       4
       6
       6
       2
       3
       4
       6
       5
       5
       4
       3
       8
       7
       7
       2
       4
       6
       7
       3
       5
       4
       5
       3
       5
       7
       5
       6
       6
       5
       4
       5
       7
       5
       7
       4
      11
       5
       4
       2
       5
       6
       9
       7
      15
       4
       8
       8
       9
       3
       7
       1
       6
       7
       6
       8
       6
       9
       6
       5
       2
       7
       8
       8
       2
       4
       3
      10
       9
       7
       9
       4
       1
       8
       8
       1
       6
       5
       4
       8
       8
       6
       4
       6
       5
       8
       5
       7
       8
       4
       8
       7
       5
       5
       5
       2
       6
       6
       8
       7
       8
       6
       6
       8
       5
       6
       6
       3
       5
       6
       7
      12
       7
       8
       8
       7
      10
       5
      13
       3
       3
      12
       6
       6
       6
       6
       4
       2
       6
       4
       3
       5
       6
       2
       4
       7
       4
       3
       0
       0
       0
       0
       1
       0
       0
       0
       0
       0
       0
       0
       0
       0
       0
       0
       0
       0
       0
       0
       0
       0
       0
       0
       0
       0
       0
       0
       0
       0
       0
       0
       0
       0
       0
       0
       0
       0
       0
       0
       0
       0
       0
       0
       0
       0
       0
       0
       0
       0
       0
       0
       0
       0
       0
       0
       0
       0
       0
       0
       0
       0
       0
       0
       0
       0
       0
       0
       0
       0
       0
       0
       0
       0
       0
       0
       0
       0
       0
       0
       0
       0
       0
       0
       0
       0
       0
       0
       0
       0
       0
       0
       0
       0
       0
       0
       0
       0
       0
       0
       0
       0
       0
       0
       0
       0
       0
       0
       0
       0
       0
       0
       0
       0
       0
       0
       0
       0
       0
       0
       0
       0
       0
       0
       0
       0
       0
       0
       0
       0
       0
       0
       0
       0
       0
       0
       0
       0
       0
       0
       0
       0
       0
       0
       0
       0
       0
       0
       0
       0
       0
       0
       0
       0
       0
$ROI:
0
$PRESETS:
None
0
0
$ENER_FIT:
0.000000 0.000000
$MCA_CAL:
3
0.000000E+000 0.000000E+000 0.000000E+000 
$SHAPE_CAL:
3
0.000000E+000 0.000000E+000 0.000000E+000
