$SPEC_ID:
No sample description was entered.
$SPEC_REM:
DET# 1
DETDESC# SCE-SOPA-00035 MCB 133
AP# Maestro Version 7.01
$DATE_MEA:
11/20/2019 14:11:28
$MEAS_TIM:
3416 3416
$DATA:
0 4095
       0
       0
       0
       0
       0
       0
       0
       0
       0
       0
       0
       0
       0
       0
       0
       0
       0
       0
       0
       0
       0
       0
       0
       1
       0
       0
       3
       8
       4
      17
      68
      77
      78
      76
      73
      55
      79
      68
      76
      67
      89
      75
      79
      90
      97
      63
      98
      78
      73
      67
      70
      76
      88
      75
      92
      88
      67
      81
      62
      85
      77
      65
      96
      66
      89
      85
      91
      86
      62
      81
      57
      81
      66
      70
      97
      73
      91
      85
      91
      89
      76
      81
      85
     100
      75
      83
      76
      93
      68
      79
      95
      86
      98
     112
     107
      79
      85
      88
      88
      90
     109
     107
      95
      98
      93
      98
      81
     102
      98
      92
      98
      97
      90
     106
     100
      96
     119
      97
     106
      91
      95
     109
      88
     100
     102
     110
     117
     111
      98
     106
     119
     109
     111
     103
      82
     103
     111
     112
      92
     122
     119
      89
     104
     112
     102
     140
      91
      84
     118
     140
      85
     111
     113
     105
     108
     101
     100
      90
     113
      97
      90
     102
     103
      83
      95
      95
      90
     110
     126
     110
      96
      86
      89
     111
     118
      78
      96
      98
     103
     102
     104
      98
     110
      92
      80
      93
      91
     104
     108
     102
      83
     101
     100
      99
      87
      96
      87
     100
      75
     109
     102
      86
      92
      97
     101
      93
      98
      88
     115
     108
      92
      94
     123
     129
     114
     115
     120
     122
     114
     122
     124
     132
     116
     117
     109
     106
      91
     102
      97
     119
      91
      78
     108
      92
     107
      86
      86
      75
      91
     105
     106
      69
      69
      89
      81
      87
      91
      87
      97
      78
      82
      86
      81
      71
      67
      74
      91
      75
      69
      78
      79
      84
      68
      76
      81
      75
      78
      55
      73
      82
      75
      66
      57
      84
      64
      52
      67
      66
      67
      76
      71
      55
      66
      66
      72
      62
      55
      72
      76
      60
      63
      64
      64
      54
      60
      47
      59
      65
      50
      78
      38
      70
      69
      54
      41
      45
      51
      61
      60
      70
      42
      46
      56
      49
      51
      57
      38
      56
      52
      56
      47
      55
      55
      47
      64
      42
      52
      49
      49
      53
      54
      44
      50
      53
      56
      62
      56
      49
      40
      44
      38
      61
      34
      49
      43
      35
      50
      38
      52
      41
      41
      57
      31
      37
      39
      51
      39
      41
      53
      51
      42
      33
      45
      44
      48
      38
      42
      39
      38
      38
      45
      45
      32
      30
      43
      49
      34
      47
      32
      33
      40
      32
      43
      39
      30
      35
      57
      53
      54
      33
      51
      32
      43
      32
      40
      43
      35
      49
      37
      38
      33
      43
      34
      34
      35
      49
      38
      50
      35
      31
      35
      30
      38
      45
      38
      37
      31
      39
      37
      44
      43
      41
      38
      41
      37
      31
      36
      36
      28
      30
      29
      26
      36
      41
      45
      37
      32
      35
      38
      22
      22
      39
      48
      29
      31
      30
      40
      39
      38
      38
      37
      43
      36
      39
      36
      40
      34
      33
      42
      36
      29
      36
      35
      43
      29
      25
      34
      30
      24
      38
      31
      36
      38
      31
      37
      29
      20
      34
      30
      32
      20
      41
      49
      40
      21
      33
      38
      35
      29
      30
      37
      38
      39
      26
      37
      42
      30
      34
      31
      32
      27
      43
      34
      35
      37
      39
      31
      36
      31
      33
      37
      29
      37
      43
      54
      50
      34
      36
      24
      33
      25
      33
      40
      31
      36
      36
      36
      26
      22
      34
      33
      34
      30
      33
      34
      34
      38
      41
      48
      31
      28
      33
      23
      32
      26
      30
      32
      30
      28
      41
      22
      24
      30
      24
      29
      30
      34
      21
      28
      34
      26
      25
      30
      34
      27
      37
      24
      30
      27
      27
      45
      40
      41
      34
      36
      34
      33
      20
      34
      32
      39
      24
      38
      30
      36
      37
      32
      31
      22
      38
      19
      23
      25
      28
      27
      34
      40
      27
      26
      27
      31
      29
      27
      35
      32
      40
      31
      37
      31
      28
      40
      36
      38
      39
      21
      31
      31
      38
      28
      39
      34
      35
      39
      28
      28
      29
      36
      23
      34
      26
      29
      35
      24
      28
      36
      22
      24
      32
      28
      26
      30
      35
      40
      26
      30
      22
      25
      25
      27
      36
      20
      31
      23
      28
      34
      30
      22
      35
      37
      35
      29
      27
      39
      34
      28
      32
      35
      38
      29
      35
      35
      24
      26
      28
      23
      33
      33
      32
      32
      30
      36
      30
      34
      32
      38
      34
      22
      28
      28
      30
      37
      28
      30
      29
      36
      38
      36
      33
      32
      28
      39
      22
      36
      30
      39
      33
      30
      33
      30
      31
      28
      34
      34
      33
      31
      33
      42
      33
      31
      36
      38
      36
      28
      36
      38
      28
      30
      32
      31
      40
      31
      36
      23
      37
      39
      23
      32
      21
      37
      28
      28
      26
      26
      37
      30
      32
      25
      40
      24
      39
      24
      35
      20
      27
      36
      32
      34
      31
      32
      46
      39
      34
      28
      29
      26
      34
      33
      30
      29
      28
      28
      26
      20
      35
      35
      35
      44
      26
      27
      46
      39
      37
      34
      33
      27
      39
      25
      23
      27
      38
      22
      36
      41
      29
      36
      35
      28
      35
      33
      27
      30
      33
      34
      28
      30
      44
      30
      33
      36
      32
      42
      27
      36
      35
      36
      27
      29
      27
      39
      32
      37
      35
      32
      27
      26
      33
      36
      32
      27
      43
      34
      35
      39
      30
      39
      24
      31
      35
      27
      33
      47
      38
      34
      37
      28
      42
      42
      36
      32
      36
      38
      42
      44
      31
      26
      37
      42
      25
      41
      30
      44
      30
      39
      30
      35
      35
      29
      33
      37
      37
      43
      42
      35
      35
      28
      32
      37
      39
      36
      47
      37
      32
      48
      47
      49
      35
      38
      44
      44
      38
      46
      24
      33
      30
      35
      38
      38
      39
      37
      27
      47
      31
      40
      41
      41
      34
      46
      41
      42
      37
      28
      32
      39
      35
      31
      43
      40
      42
      43
      44
      43
      40
      39
      40
      47
      38
      45
      49
      40
      54
      42
      42
      50
      37
      45
      44
      48
      35
      40
      41
      38
      48
      42
      50
      50
      49
      42
      48
      45
      30
      35
      53
      54
      35
      41
      35
      39
      43
      50
      38
      48
      42
      54
      36
      35
      35
      55
      30
      40
      45
      36
      43
      43
      48
      40
      32
      37
      43
      25
      45
      48
      45
      49
      29
      39
      41
      24
      33
      22
      41
      41
      44
      33
      28
      22
      35
      32
      34
      37
      31
      36
      26
      20
      33
      18
      39
      28
      36
      46
      36
      28
      31
      34
      28
      42
      33
      25
      32
      38
      33
      28
      26
      21
      27
      31
      33
      22
      31
      31
      32
      25
      22
      38
      27
      28
      40
      28
      28
      31
      33
      20
      27
      30
      29
      26
      41
      31
      30
      40
      32
      34
      22
      31
      30
      26
      44
      34
      20
      22
      28
      34
      31
      31
      33
      26
      24
      43
      23
      26
      24
      26
      30
      33
      39
      28
      34
      27
      32
      24
      31
      26
      29
      23
      31
      37
      29
      36
      39
      38
      36
      27
      25
      26
      30
      23
      28
      37
      29
      24
      29
      31
      27
      36
      29
      30
      28
      36
      24
      31
      32
      40
      30
      34
      33
      35
      33
      39
      29
      24
      24
      27
      39
      30
      24
      14
      33
      21
      19
      17
      16
      22
      23
      17
      26
      14
      19
      14
      18
      23
      21
      17
      17
      20
      21
      14
      16
      11
      15
      12
      18
      16
      22
      16
      23
      11
      20
      15
      23
      19
      15
      20
      15
      12
      21
      20
      20
      20
      12
      15
      18
      16
      15
      18
      24
      17
      41
     111
     293
     592
     764
     585
     286
      87
      27
       8
      20
      12
      17
      13
      10
      10
      13
      12
      14
      15
      12
      15
      19
      12
       6
       8
      13
       7
       4
       8
       9
       8
       8
      14
       8
      10
      12
      10
      10
       7
       8
       9
       9
       7
       7
       6
      12
       9
       9
       7
       6
      11
      11
       5
       3
       4
      13
      11
       3
      10
       4
       6
       4
       5
       3
       3
       5
       5
       4
       5
      11
       4
       2
       5
       4
       2
       5
       5
       8
       7
       3
       1
       3
       5
       7
       9
       3
       5
       4
       8
       2
       5
       4
       5
       4
       4
       5
       4
       6
       5
       4
       5
       8
       3
       2
       3
       6
       4
       7
       7
       6
       2
       5
       8
       2
       4
       3
       9
       4
       3
       5
       6
       2
       5
       4
       3
       2
       3
       3
       4
       1
       4
       2
       3
       4
       3
       0
       3
       4
       4
       4
       3
       1
       3
       6
       3
       4
       2
       4
       3
       6
       3
       4
       5
       4
       5
       6
       4
       8
      18
      26
     106
     278
     481
     634
     483
     237
      74
      10
       3
       5
       6
       2
       4
       1
       1
       2
       1
       1
       1
       4
       0
       0
       0
       1
       0
       2
       0
       0
       1
       2
       1
       2
       0
       1
       0
       0
       2
       2
       3
       1
       3
       2
       3
       4
       1
       3
       2
       2
       1
       0
       2
       1
       3
       2
       1
       2
       2
       0
       1
       4
       2
       3
       4
       1
       2
       0
       2
       2
       1
       3
       2
       2
       2
       1
       1
       1
       0
       0
       2
       4
       1
       0
       1
       1
       5
       5
       2
       5
       0
       1
       1
       1
       2
       1
       0
       0
       2
       2
       0
       1
       4
       2
       1
       0
       2
       1
       1
       3
       1
       1
       1
       0
       2
       3
       2
       1
       0
       2
       1
       0
       4
       1
       1
       2
       0
       0
       2
       4
       2
       5
       4
       2
       3
       3
       3
       3
       3
       1
       2
       0
       0
       2
       1
       1
       0
       2
       2
       2
       0
       3
       0
       1
       0
       2
       2
       3
       2
       0
       1
       1
       1
       0
       0
       2
       2
       4
       1
       0
       1
       1
       1
       2
       3
       0
       0
       0
       0
       0
       1
       2
       2
       0
       0
       1
       3
       2
       1
       2
       0
       1
       1
       0
       0
       1
       0
       2
       0
       1
       0
       1
       0
       1
       1
       2
       0
       2
       1
       1
       2
       2
       2
       0
       0
       0
       1
       1
       0
       2
       0
       0
       2
       0
       1
       0
       1
       0
       3
       0
       2
       1
       0
       0
       1
       0
       0
       1
       1
       0
       1
       0
       1
       0
       1
       2
       0
       1
       1
       1
       1
       2
       1
       2
       2
       1
       1
       0
       0
       1
       1
       0
       1
       0
       3
       1
       1
       2
       1
       1
       1
       0
       0
       3
       2
       0
       0
       1
       0
       0
       0
       0
       0
       1
       0
       0
       1
       1
       0
       3
       1
       2
       1
       0
       1
       1
       1
       0
       0
       2
       0
       0
       0
       1
       2
       0
       1
       1
       2
       2
       1
       2
       2
       3
       4
       0
       0
       0
       1
       0
       0
       2
       0
       0
       1
       0
       0
       0
       0
       1
       2
       0
       1
       1
       0
       0
       0
       0
       0
       1
       0
       1
       0
       0
       1
       1
       0
       1
       0
       0
       0
       1
       1
       1
       0
       1
       2
       0
       1
       2
       0
       1
       0
       0
       0
       0
       0
       1
       0
       0
       1
       0
       0
       0
       1
       0
       1
       2
       1
       2
       1
       1
       2
       1
       0
       1
       0
       1
       0
       0
       1
       0
       1
       1
       0
       1
       0
       0
       0
       0
       0
       1
       1
       1
       0
       0
       1
       1
       1
       2
       0
       0
       1
       1
       0
       1
       1
       1
       0
       1
       1
       2
       0
       2
       0
       1
       0
       0
       0
       2
       0
       2
       2
       1
       0
       1
       0
       1
       2
       3
       2
       0
       1
       0
       0
       1
       2
       0
       2
       1
       0
       1
       1
       1
       0
       1
       0
       0
       0
       0
       0
       0
       0
       0
       0
       2
       1
       2
       0
       0
       2
       1
       0
       3
       1
       0
       1
       1
       0
       0
       0
       0
       0
       2
       0
       0
       0
       0
       0
       0
       2
       0
       1
       0
       1
       1
       1
       0
       0
       1
       1
       0
       0
       1
       1
       0
       0
       2
       0
       1
       0
       1
       0
       1
       1
       1
       0
       0
       1
       1
       0
       0
       3
       0
       2
       0
       3
       0
       0
       2
       1
       0
       1
       0
       1
       0
       0
       0
       0
       1
       0
       1
       0
       0
       1
       0
       0
       1
       1
       1
       0
       1
       1
       0
       1
       0
       1
       2
       0
       1
       1
       0
       0
       0
       0
       1
       0
       0
       0
       1
       0
       0
       0
       0
       1
       0
       0
       1
       1
       0
       2
       0
       0
       1
       0
       0
       0
       0
       2
       0
       0
       1
       0
       2
       1
       1
       0
       2
       0
       0
       0
       0
       0
       0
       0
       0
       0
       1
       1
       0
       0
       0
       0
       0
       1
       0
       1
       1
       0
       1
       1
       1
       0
       1
       0
       1
       0
       1
       0
       0
       1
       2
       0
       0
       0
       0
       0
       0
       1
       0
       1
       1
       1
       0
       0
       0
       0
       3
       1
       0
       0
       0
       1
       0
       0
       0
       3
       0
       0
       0
       0
       1
       2
       0
       0
       1
       1
       1
       0
       1
       0
       2
       0
       1
       0
       0
       2
       0
       0
       2
       1
       0
       0
       0
       1
       0
       0
       1
       0
       0
       0
       0
       0
       0
       0
       0
       0
       1
       1
       0
       0
       0
       1
       0
       0
       0
       0
       0
       1
       0
       0
       0
       0
       1
       1
       1
       0
       0
       0
       1
       1
       0
       0
       0
       0
       0
       0
       1
       0
       0
       0
       2
       0
       0
       0
       0
       0
       0
       0
       0
       0
       1
       2
       2
       0
       0
       1
       0
       0
       0
       0
       0
       0
       0
       0
       1
       1
       0
       0
       1
       0
       0
       1
       1
       1
       0
       0
       1
       0
       0
       2
       1
       0
       0
       0
       0
       0
       0
       0
       1
       1
       0
       0
       0
       2
       0
       1
       0
       1
       0
       1
       0
       2
       0
       0
       0
       0
       1
       0
       0
       2
       1
       0
       0
       2
       3
       1
       0
       0
       0
       1
       0
       0
       0
       1
       0
       0
       0
       0
       2
       0
       0
       0
       1
       1
       1
       2
       0
       1
       1
       1
       0
       0
       0
       1
       0
       0
       0
       0
       0
       1
       1
       0
       0
       2
       0
       0
       0
       1
       1
       0
       0
       0
       1
       0
       0
       0
       0
       1
       1
       0
       0
       0
       0
       0
       0
       0
       0
       0
       0
       0
       0
       1
       1
       1
       0
       0
       0
       0
       1
       0
       0
       1
       1
       0
       1
       0
       0
       0
       0
       0
       0
       0
       0
       0
       0
       0
       2
       0
       0
       1
       0
       0
       1
       0
       0
       1
       0
       0
       0
       0
       0
       0
       0
       2
       0
       0
       0
       0
       0
       0
       1
       0
       1
       0
       0
       1
       2
       0
       0
       0
       0
       0
       0
       0
       0
       0
       1
       0
       0
       0
       0
       1
       0
       1
       2
       0
       0
       1
       1
       0
       0
       0
       1
       0
       1
       0
       0
       0
       0
       0
       1
       0
       0
       0
       0
       1
       0
       0
       0
       0
       1
       0
       0
       1
       0
       0
       1
       0
       0
       0
       0
       1
       0
       1
       0
       0
       0
       0
       1
       0
       0
       0
       0
       0
       0
       0
       0
       1
       1
       1
       2
       0
       0
       2
       0
       0
       0
       0
       0
       0
       0
       0
       0
       0
       0
       1
       0
       0
       0
       1
       0
       0
       0
       0
       1
       2
       1
       0
       1
       1
       0
       0
       0
       1
       1
       0
       0
       0
       0
       1
       0
       0
       1
       0
       1
       1
       1
       0
       0
       1
       0
       0
       0
       0
       1
       0
       0
       1
       0
       0
       0
       0
       0
       0
       0
       0
       0
       0
       0
       0
       0
       0
       0
       0
       0
       0
       0
       0
       0
       1
       0
       1
       0
       0
       0
       0
       0
       1
       0
       0
       0
       0
       0
       1
       0
       0
       0
       0
       0
       1
       1
       0
       0
       1
       0
       0
       0
       0
       0
       0
       1
       1
       0
       2
       0
       0
       0
       0
       0
       1
       0
       1
       0
       1
       1
       0
       0
       0
       1
       1
       1
       0
       0
       0
       1
       0
       0
       0
       0
       1
       0
       0
       0
       0
       0
       0
       0
       0
       0
       0
       0
       0
       0
       0
       2
       0
       0
       0
       0
       0
       1
       0
       1
       1
       0
       0
       0
       0
       0
       0
       0
       0
       0
       0
       0
       0
       0
       1
       0
       0
       0
       1
       1
       1
       1
       1
       1
       0
       0
       0
       0
       0
       0
       0
       0
       0
       0
       0
       0
       0
       0
       0
       0
       1
       0
       0
       0
       1
       0
       0
       0
       0
       0
       1
       0
       0
       0
       0
       0
       1
       0
       0
       0
       0
       0
       0
       0
       0
       1
       1
       0
       0
       0
       0
       0
       1
       0
       0
       0
       0
       0
       0
       0
       0
       0
       0
       0
       0
       0
       0
       0
       0
       0
       0
       0
       0
       0
       0
       0
       0
       0
       0
       0
       0
       0
       0
       0
       1
       0
       0
       0
       0
       0
       1
       1
       1
       0
       0
       0
       0
       0
       0
       0
       1
       0
       0
       1
       0
       1
       0
       0
       2
       2
       1
       1
       0
       0
       1
       0
       0
       0
       0
       0
       0
       0
       0
       0
       0
       0
       0
       0
       0
       0
       0
       0
       1
       0
       0
       0
       0
       1
       0
       0
       0
       0
       0
       0
       0
       1
       0
       0
       0
       0
       0
       0
       0
       0
       0
       0
       0
       1
       1
       0
       0
       0
       0
       0
       0
       0
       0
       0
       0
       0
       0
       0
       0
       0
       0
       0
       0
       0
       0
       0
       1
       1
       0
       1
       0
       1
       0
       0
       0
       0
       0
       0
       0
       0
       0
       1
       0
       1
       0
       0
       0
       0
       0
       0
       0
       1
       0
       0
       0
       0
       0
       0
       0
       0
       0
       0
       0
       0
       0
       0
       1
       0
       0
       0
       0
       1
       0
       0
       0
       0
       0
       0
       0
       1
       0
       1
       0
       0
       0
       0
       0
       1
       0
       0
       0
       0
       0
       0
       0
       0
       0
       0
       0
       0
       0
       0
       0
       0
       1
       0
       0
       0
       0
       0
       0
       0
       0
       0
       0
       0
       0
       0
       0
       0
       1
       0
       0
       0
       0
       0
       0
       0
       0
       0
       0
       0
       0
       0
       0
       0
       0
       0
       1
       0
       1
       0
       0
       0
       0
       0
       0
       0
       0
       0
       0
       0
       0
       0
       0
       0
       1
       0
       0
       0
       0
       0
       0
       0
       0
       0
       0
       0
       0
       0
       0
       0
       1
       0
       0
       1
       0
       0
       0
       0
       1
       0
       0
       1
       0
       1
       0
       0
       0
       0
       0
       0
       0
       0
       0
       0
       0
       0
       0
       0
       1
       0
       0
       0
       0
       1
       0
       0
       0
       0
       0
       0
       0
       0
       1
       0
       0
       0
       0
       2
       0
       0
       0
       1
       0
       0
       0
       1
       0
       0
       0
       0
       0
       0
       0
       0
       1
       0
       0
       0
       1
       0
       0
       0
       0
       0
       0
       1
       0
       0
       0
       0
       1
       0
       0
       0
       0
       0
       0
       0
       0
       0
       0
       0
       1
       0
       0
       0
       0
       0
       0
       1
       0
       0
       0
       0
       0
       1
       0
       1
       0
       0
       0
       0
       0
       0
       0
       0
       1
       0
       0
       0
       0
       0
       0
       0
       0
       0
       0
       1
       0
       1
       0
       0
       0
       0
       0
       0
       0
       0
       0
       0
       0
       0
       0
       0
       2
       0
       0
       0
       0
       0
       0
       0
       0
       1
       0
       0
       0
       0
       0
       0
       0
       0
       0
       0
       0
       0
       0
       0
       0
       0
       0
       0
       0
       0
       0
       0
       1
       0
       0
       0
       0
       0
       1
       0
       0
       0
       0
       0
       1
       0
       0
       0
       1
       0
       0
       0
       1
       1
       0
       1
       0
       0
       0
       0
       0
       0
       0
       0
       0
       0
       0
       0
       0
       0
       1
       0
       0
       0
       0
       0
       0
       0
       0
       0
       0
       0
       1
       0
       0
       0
       0
       0
       0
       0
       0
       0
       1
       0
       0
       3
       0
       1
       0
       0
       0
       0
       0
       1
       0
       0
       0
       0
       0
       0
       0
       0
       0
       0
       1
       0
       1
       0
       0
       0
       0
       0
       0
       0
       0
       0
       0
       0
       0
       0
       0
       0
       0
       0
       0
       0
       0
       0
       0
       0
       0
       0
       0
       0
       0
       0
       0
       0
       0
       0
       0
       0
       0
       0
       0
       1
       0
       0
       0
       1
       0
       0
       0
       0
       0
       1
       0
       1
       0
       0
       0
       0
       0
       0
       0
       0
       0
       0
       0
       0
       2
       0
       1
       0
       0
       0
       0
       0
       0
       0
       1
       0
       0
       0
       0
       1
       0
       0
       0
       0
       0
       0
       0
       0
       0
       0
       0
       1
       1
       0
       0
       0
       0
       0
       0
       0
       0
       0
       0
       0
       0
       0
       0
       0
       0
       0
       0
       1
       1
       0
       0
       0
       0
       0
       0
       0
       0
       0
       0
       0
       0
       0
       0
       0
       1
       0
       0
       0
       0
       0
       0
       0
       0
       0
       0
       1
       0
       0
       0
       0
       0
       1
       0
       0
       0
       0
       0
       0
       0
       0
       0
       0
       0
       0
       0
       0
       0
       0
       0
       0
       0
       0
       0
       0
       0
       0
       0
       0
       0
       0
       0
       0
       0
       0
       0
       0
       0
       0
       0
       0
       0
       0
       0
       0
       0
       0
       0
       0
       0
       0
       0
       0
       0
       0
       0
       0
       0
       0
       0
       0
       0
       0
       0
       0
       0
       0
       0
       0
       0
       0
       0
       0
       0
       0
       0
       0
       0
       0
       0
       0
       1
       0
       0
       0
       0
       0
       0
       0
       0
       0
       0
       0
       0
       0
       0
       0
       0
       0
       0
       0
       0
       0
       0
       0
       0
       1
       0
       0
       0
       0
       0
       0
       0
       0
       0
       0
       0
       0
       0
       0
       0
       0
       0
       0
       0
       0
       1
       0
       0
       0
       0
       0
       0
       0
       0
       0
       0
       0
       1
       0
       0
       0
       0
       0
       0
       0
       0
       0
       0
       1
       0
       0
       0
       0
       1
       0
       0
       0
       0
       0
       0
       0
       0
       1
       1
       0
       0
       0
       0
       0
       0
       0
       0
       0
       0
       0
       0
       0
       0
       0
       0
       0
       0
       0
       0
       0
       0
       1
       0
       1
       1
       0
       0
       0
       0
       0
       0
       0
       0
       0
       0
       0
       0
       1
       0
       0
       1
       1
       0
       0
       1
       1
       0
       0
       0
       0
       0
       0
       0
       0
       0
       0
       0
       0
       0
       0
       0
       0
       0
       1
       0
       0
       0
       0
       0
       0
       0
       0
       1
       0
       1
       0
       0
       0
       0
       0
       0
       0
       1
       0
       0
       0
       0
       0
       0
       0
       0
       0
       0
       0
       0
       0
       0
       0
       0
       0
       0
       0
       0
       1
       0
       0
       0
       0
       0
       0
       0
       0
       0
       0
       0
       0
       0
       0
       0
       0
       0
       0
       0
       0
       0
       0
       0
       0
       0
       0
       0
       0
       0
       0
       0
       0
       0
       0
       1
       0
       0
       0
       0
       0
       0
       0
       0
       0
       0
       0
       0
       1
       0
       0
       0
       0
       0
       0
       0
       0
       1
       0
       0
       0
       0
       0
       0
       0
       0
       0
       0
       0
       1
       1
       0
       0
       0
       0
       0
       0
       0
       0
       0
       1
       0
       0
       1
       0
       0
       0
       0
       0
       0
       0
       1
       0
       0
       0
       0
       0
       0
       0
       0
       0
       0
       0
       0
       0
       1
       1
       0
       0
       0
       1
       0
       0
       0
       0
       0
       0
       0
       0
       0
       0
       0
       0
       0
       0
       0
       0
       0
       0
       0
       0
       0
       0
       1
       0
       0
       0
       1
       0
       1
       0
       0
       0
       0
       0
       0
       0
       0
       0
       0
       0
       0
       0
       0
       0
       0
       0
       0
       0
       0
       0
       0
       0
       0
       0
       1
       0
       0
       0
       0
       0
       0
       0
       0
       1
       0
       0
       0
       0
       0
       0
       0
       0
       0
       0
       0
       0
       1
       0
       1
       0
       0
       0
       0
       0
       0
       0
       1
       1
       0
       0
       0
       0
       0
       0
       0
       0
       0
       0
       0
       1
       0
       0
       0
       0
       0
       0
       0
       0
       0
       0
       0
       0
       0
       0
       0
       1
       0
       0
       0
       0
       0
       0
       0
       0
       0
       0
       0
       0
       0
       0
       0
       0
       0
       0
       0
       0
       0
       0
       1
       0
       0
       0
       0
       0
       0
       0
       0
       0
       0
       0
       0
       0
       1
       0
       0
       0
       0
       0
       0
       0
       0
       1
       0
       0
       1
       0
       0
       0
       0
       0
       0
       0
       0
       0
       1
       0
       0
       0
       0
       0
       1
       0
       1
       0
       0
       0
       0
       0
       0
       0
       0
       0
       0
       0
       0
       0
       0
       0
       0
       0
       0
       0
       0
       0
       0
       0
       0
       0
       0
       0
       0
       0
       0
       0
       0
       0
       0
       0
       0
       0
       0
       0
       0
       0
       0
       1
       0
       0
       0
       1
       0
       0
       0
       0
       0
       0
       0
       0
       0
       0
       0
       0
       0
       0
       0
       0
       0
       0
       1
       0
       0
       0
       0
       0
       0
       0
       0
       0
       0
       0
       0
       0
       1
       0
       0
       0
       1
       0
       0
       0
       0
       0
       0
       0
       0
       0
       0
       0
       0
       0
       0
       0
       0
       0
       0
       0
       0
       0
       0
       0
       0
       0
       0
       0
       0
       0
       0
       1
       0
       0
       0
       0
       0
       0
       0
       0
       0
       1
       0
       0
       0
       0
       0
       0
       0
       0
       0
       0
       0
       0
       0
       0
       0
       0
       0
       0
       0
       0
       0
       0
       0
       0
       0
       0
       0
       0
       0
       0
       0
       0
       0
       0
       0
       0
       0
       0
       0
       0
       0
       0
       0
       0
       0
       0
       0
       0
       0
       0
       0
       0
       0
       0
       0
       0
       0
       0
       0
       0
       0
       0
       0
       0
       0
       0
       0
       0
       0
       0
       0
       0
       0
       0
       0
       0
       0
       0
       0
       0
       0
       0
       0
       0
       0
       0
       0
       0
       0
       0
       0
       0
       0
       0
       0
       0
       0
       0
       0
       0
       0
       0
       0
       0
       0
       0
       0
       0
       0
       0
       0
       0
       0
       0
       0
       0
       0
       0
       0
       0
       0
       0
       0
       0
       0
       0
       0
       0
       0
       0
       0
       0
       0
       0
       0
       0
       0
       0
       0
       0
       0
       0
       0
       0
       0
       0
       0
       0
       0
       0
       0
       0
       0
       0
       0
       0
       0
       0
       0
       0
$ROI:
0
$PRESETS:
None
0
0
$ENER_FIT:
0.000000 0.000000
$MCA_CAL:
3
0.000000E+000 0.000000E+000 0.000000E+000 
$SHAPE_CAL:
3
0.000000E+000 0.000000E+000 0.000000E+000
