$SPEC_ID:
No sample description was entered.
$SPEC_REM:
DET# 1
DETDESC# SCE-SOPA-00035 MCB 133
AP# Maestro Version 7.01
$DATE_MEA:
11/11/2019 10:46:19
$MEAS_TIM:
3504 3505
$DATA:
0 4095
       0
       0
       0
       0
       0
       0
       0
       0
       0
       0
       0
       0
       0
       0
       0
       0
       0
       0
       0
       0
       0
       0
       0
       0
       0
       0
       3
      21
       6
      19
     100
     119
     139
     154
     151
     143
     115
     146
     146
     148
     139
     139
     142
     120
     119
     147
     149
     124
     130
     141
     112
     152
     132
     112
     119
     122
     126
     132
     127
     157
     113
     116
     127
     131
     145
     137
     145
     117
     134
     146
     130
     124
     130
     148
     170
     140
     140
     126
     122
     145
     137
     138
     132
     130
     125
     134
     150
     136
     127
     152
     148
     152
     170
     154
     174
     160
     160
     144
     124
     155
     166
     158
     123
     141
     169
     170
     146
     177
     157
     147
     155
     132
     148
     158
     170
     176
     184
     203
     168
     147
     143
     162
     147
     146
     167
     166
     175
     189
     175
     186
     183
     199
     169
     169
     160
     186
     168
     190
     152
     189
     176
     195
     194
     163
     162
     173
     157
     165
     163
     183
     163
     167
     177
     167
     203
     153
     167
     170
     174
     151
     158
     171
     163
     159
     162
     149
     172
     169
     161
     177
     156
     152
     163
     150
     164
     162
     170
     156
     175
     145
     149
     163
     167
     142
     130
     156
     157
     184
     159
     146
     191
     166
     155
     174
     143
     162
     157
     162
     153
     156
     168
     170
     149
     177
     155
     172
     159
     166
     163
     190
     162
     193
     181
     187
     209
     223
     201
     215
     219
     195
     195
     176
     199
     174
     210
     195
     192
     184
     206
     175
     196
     166
     171
     153
     152
     170
     161
     165
     185
     166
     163
     154
     135
     148
     153
     150
     159
     165
     163
     127
     138
     149
     148
     145
     138
     149
     159
     154
     139
     122
     130
     140
     126
     127
     130
     128
     117
     112
     120
     113
     130
     113
     122
     104
     106
     119
     109
     108
     109
     132
     123
     104
     115
      95
     117
     122
     124
     115
     100
     130
     120
     105
     121
     124
     107
     108
     112
     117
     123
     106
     115
      96
      97
      89
     109
     106
     102
     112
     100
      88
      98
     132
     102
      98
     118
      89
     111
     115
     104
      79
      94
      94
      83
      94
     108
      95
      84
      92
      94
      89
      96
     102
      94
      87
     101
      89
     102
     105
      85
     104
      84
      74
      90
      83
      76
      83
      77
      84
      98
      86
      88
     107
      86
      71
      91
      83
      95
      87
      82
      80
      86
      82
      97
      80
      89
     101
      89
      89
      95
      88
      74
      92
      86
      84
     108
      93
      76
      97
      80
      85
      79
      77
      84
      77
      88
      91
      65
      77
      75
      66
      86
     101
      87
      78
      90
      91
      85
      75
      85
      73
      89
      81
      86
      80
      70
      97
      68
      77
      65
      96
      77
      85
      69
      93
      76
      74
      89
      90
      71
      50
      87
      74
      89
      94
      81
      87
      78
      77
      65
      77
      83
      82
      67
      64
      72
      70
      76
      72
      70
      60
      85
      75
      76
      76
      68
      82
      67
      69
      57
      76
      78
      81
      51
      72
      68
      73
      55
      69
      75
      69
      81
      75
      55
      90
      70
      73
      82
      87
      78
      76
      81
      97
      73
      66
      80
      55
      69
      85
      65
      63
      65
      71
      68
      71
      82
      61
      52
      63
      67
      69
      62
      71
      84
      69
      70
      71
      58
      57
      71
      58
      66
      50
      63
      70
      59
      77
      73
      67
      76
      60
      73
      85
      72
     102
      77
      75
      60
      71
      61
      60
      61
      59
      62
      68
      67
      57
      56
      65
      67
      67
      75
      59
      62
      68
      59
      74
      73
      69
      62
      48
      50
      80
      68
      55
      68
      67
      61
      54
      72
      62
      70
      60
      64
      75
      76
      63
      62
      58
      51
      67
      54
      66
      68
      58
      68
      88
      72
      76
      68
      67
      71
      68
      67
      62
      62
      61
      60
      64
      68
      57
      71
      71
      73
      71
      77
      66
      73
      67
      57
      73
      75
      72
      68
      61
      66
      50
      67
      59
      67
      58
      56
      62
      69
      51
      76
      73
      76
      60
      74
      74
      53
      58
      67
      69
      62
      81
      48
      56
      56
      68
      55
      68
      64
      69
      58
      63
      54
      60
      64
      55
      60
      73
      72
      62
      72
      60
      58
      62
      62
      68
      71
      65
      62
      54
      63
      76
      72
      57
      55
      72
      62
      57
      67
      67
      65
      61
      64
      57
      52
      72
      47
      80
      64
      61
      52
      66
      67
      59
      71
      58
      60
      67
      71
      58
      64
      69
      54
      81
      71
      66
      67
      70
      63
      65
      69
      58
      58
      55
      58
      64
      61
      61
      60
      71
      70
      68
      82
      43
      64
      61
      70
      63
      65
      77
      69
      69
      53
      67
      59
      67
      65
      60
      65
      61
      54
      59
      61
      66
      73
      58
      67
      73
      70
      74
      60
      60
      62
      77
      61
      59
      67
      52
      62
      57
      67
      62
      57
      72
      69
      60
      61
      61
      62
      73
      54
      51
      72
      63
      48
      74
      50
      71
      54
      80
      62
      76
      69
      70
      71
      61
      58
      53
      62
      67
      74
      77
      71
      75
      65
      58
      56
      80
      76
      63
      69
      62
      61
      72
      69
      78
      63
      63
      66
      62
      64
      52
      63
      63
      70
      71
      65
      65
      79
      58
      58
      54
      72
      76
      64
      72
      66
      74
      69
      77
      69
      66
      80
      80
      85
      81
      71
      66
      75
      72
      57
      71
      68
      65
      67
      83
      74
      78
      69
      81
      85
      92
      89
      70
      95
      77
      65
      69
      72
      72
      61
      78
      66
      74
      68
      71
      72
      74
      86
      83
      78
      88
      93
      78
      78
      75
      74
      74
      95
      86
      84
      91
      76
      68
      80
      84
      64
      88
      68
      64
      88
      61
      81
      78
      72
      79
      89
      62
      76
      64
      74
      68
      90
      65
      77
      93
      88
      83
      70
      72
      81
      92
      85
      72
      76
      80
      56
      88
      71
      83
      87
      86
      82
      78
      97
      94
      88
      94
      79
      95
      79
      65
     105
      92
      78
      86
     105
      86
      89
      73
      91
      99
      90
     104
      94
      88
      99
      95
      97
      99
      92
      91
      84
      99
     103
      91
     105
     115
      93
     100
      89
      89
     107
     101
      86
      80
     104
      92
      97
      86
      82
     108
      86
      95
      91
     113
      92
      95
     106
      87
      90
     102
      86
      88
     103
      98
      99
     101
      88
      98
      99
      83
      80
      86
      88
     100
      89
      77
      96
      87
      71
      86
      83
      68
      71
      92
      70
      70
      67
      81
      73
      83
      77
      62
      83
      91
      78
      54
      62
      79
      86
      59
      62
      62
      66
      64
      68
      74
      87
      80
      85
      73
      83
      68
      88
      77
      54
      84
      81
      59
      79
      74
      74
      75
      65
      66
      66
      74
      59
      70
      60
      66
      71
      65
      79
      76
      71
      71
      70
      71
      78
      69
      74
      76
      59
      55
      58
      62
      72
      66
      56
      60
      67
      56
      62
      67
      68
      75
      67
      59
      68
      60
      65
      60
      62
      66
      75
      53
      67
      75
      69
      46
      56
      59
      66
      65
      57
      66
      62
      80
      54
      54
      67
      67
      68
      57
      66
      68
      49
      76
      61
      74
      67
      63
      69
      62
      61
      65
      82
      57
      74
      63
      79
      84
      51
      67
      72
      66
      57
      70
      74
      80
      64
      66
      70
      73
      77
      70
      71
      55
      72
      56
      56
      51
      68
      63
      61
      63
      89
      64
      63
      40
      49
      46
      48
      40
      61
      50
      50
      54
      39
      35
      42
      37
      47
      48
      44
      32
      45
      39
      40
      36
      42
      37
      49
      42
      53
      40
      39
      53
      39
      51
      31
      45
      44
      38
      52
      34
      42
      36
      42
      36
      44
      38
      32
      38
      37
      32
      33
      44
     104
     300
     781
    1443
    1675
    1215
     542
     144
      49
      39
      30
      36
      25
      33
      28
      20
      23
      18
      31
      25
      25
      27
      26
      14
      18
      23
      19
      21
      21
      24
      25
      17
      23
      19
      21
      17
       8
      24
      24
      18
      10
      17
      13
      16
      19
      20
      21
      27
      11
       9
       8
      14
      10
      15
      11
      14
       9
       9
      18
      15
      11
      11
      22
      13
      15
      10
      11
       6
      12
      12
      12
      12
       7
       6
       8
      13
       2
      15
       8
      11
      11
       7
      11
       8
      11
      13
       8
      11
      11
       4
       8
       5
       8
      10
      15
      14
      16
       9
       8
       8
       5
       6
       8
       8
      12
       7
       7
      11
       5
      13
       9
       7
       9
       9
      11
      14
      10
      13
       8
      12
      12
       8
      10
       6
      16
      11
      12
      12
       5
      13
       7
       9
       7
       6
       7
       8
       9
       8
       2
       6
      11
       6
       8
       4
       9
      11
      14
       6
       8
      10
       3
       6
       8
       4
      12
      13
      18
      12
      17
      39
     114
     342
     830
    1282
    1407
     964
     413
      91
      22
       7
       7
       5
       5
       2
       3
       4
       5
       1
       2
       6
       5
       2
       3
       2
       5
       2
       5
       4
       2
       4
       3
       3
       1
       4
       5
       0
       4
       4
       4
       2
       3
       2
       5
       2
       5
       3
       7
       2
       5
       5
       3
       5
       5
       2
       2
       6
       5
       2
       5
       1
       4
       2
       3
       3
       6
       2
       5
       4
       3
       2
       6
       2
       3
       4
       6
       2
       1
       2
       2
       6
       1
       4
       2
       2
       6
       9
       6
       2
       1
       2
       3
       3
       0
       1
       3
       5
       2
       3
       1
       1
       1
       3
       4
       2
       0
       5
       2
       5
       4
       2
       5
       3
       2
       1
       1
       0
       2
       1
       0
       3
       1
       2
       4
       4
       4
       6
       5
       5
       0
       2
       2
       6
      12
       6
       6
       0
       3
       2
       2
       5
       1
       4
       4
       3
       3
       3
       5
       3
       3
       0
       5
       1
       1
       1
       3
       1
       1
       5
       5
       3
       3
       3
       8
       4
       3
       2
       1
       0
       2
       2
       3
       3
       3
       4
       3
       0
       2
       6
       4
       5
       3
       3
       4
       1
       2
       5
       2
       1
       2
       5
       1
       3
       4
       3
       0
       3
       3
       2
       1
       2
       1
       2
       5
       2
       1
       2
       4
       4
       2
       0
       0
       1
       1
       1
       1
       4
       1
       2
       3
       1
       3
       3
       1
       4
       2
       4
       3
       3
       3
       2
       2
       2
       2
       3
       1
       3
       1
       3
       1
       3
       1
       3
       4
       2
       4
       1
       1
       4
       3
       2
       4
       4
       2
       2
       0
       4
       3
       0
       4
       1
       0
       0
       3
       6
       2
       3
       0
       4
       0
       1
       5
       4
       1
       0
       3
       3
       2
       1
       2
       0
       1
       3
       1
       3
       0
       5
       1
       2
       2
       2
       1
       0
       3
       4
       1
       2
       1
       3
       1
       0
       1
       2
       2
       1
       1
       1
       0
       2
       4
       2
       1
       2
       5
       2
       2
       0
       0
       1
       2
       3
       1
       1
       3
       1
       1
       0
       2
       0
       1
       2
       1
       1
       2
       3
       1
       0
       1
       2
       1
       2
       2
       3
       0
       2
       1
       1
       2
       3
       3
       1
       3
       1
       2
       5
       0
       0
       0
       3
       1
       2
       0
       2
       0
       1
       1
       2
       2
       0
       4
       3
       2
       1
       0
       3
       0
       3
       0
       1
       0
       2
       1
       0
       2
       3
       0
       1
       3
       0
       0
       1
       1
       1
       6
       1
       0
       2
       1
       4
       3
       2
       1
       3
       1
       0
       3
       1
       2
       0
       2
       3
       2
       1
       2
       2
       2
       1
       0
       2
       1
       3
       1
       2
       2
       0
       1
       4
       3
       1
       3
       1
       4
       1
       0
       1
       2
       1
       3
       1
       1
       3
       2
       1
       3
       1
       2
       0
       2
       2
       3
       5
       1
       1
       4
       1
       2
       3
       2
       2
       3
       1
       2
       1
       4
       1
       1
       1
       1
       2
       5
       1
       1
       4
       1
       2
       3
       1
       2
       1
       0
       0
       1
       2
       1
       1
       1
       0
       3
       1
       0
       3
       1
       2
       0
       1
       0
       3
       1
       2
       0
       2
       3
       1
       0
       1
       1
       1
       1
       3
       2
       0
       1
       2
       3
       0
       0
       1
       0
       1
       0
       0
       2
       0
       0
       2
       1
       1
       3
       1
       0
       1
       2
       1
       0
       1
       0
       1
       1
       4
       1
       2
       1
       0
       3
       0
       1
       0
       4
       1
       0
       3
       4
       3
       0
       0
       1
       2
       0
       1
       3
       0
       1
       4
       2
       0
       1
       2
       0
       4
       1
       1
       2
       0
       2
       2
       1
       0
       2
       1
       1
       2
       5
       1
       1
       2
       3
       0
       2
       3
       1
       1
       3
       0
       2
       2
       1
       3
       2
       0
       1
       1
       0
       0
       1
       3
       0
       1
       0
       6
       1
       1
       0
       3
       3
       4
       1
       1
       0
       1
       1
       2
       2
       1
       1
       1
       0
       1
       3
       0
       1
       2
       3
       1
       1
       2
       1
       0
       3
       3
       2
       0
       1
       2
       4
       0
       3
       1
       1
       0
       1
       1
       1
       1
       2
       4
       2
       0
       1
       1
       2
       3
       1
       3
       1
       2
       0
       1
       1
       1
       4
       1
       0
       0
       1
       1
       1
       1
       1
       2
       2
       0
       0
       1
       1
       2
       3
       0
       4
       0
       0
       2
       0
       0
       1
       2
       2
       1
       0
       2
       2
       0
       1
       0
       0
       1
       0
       1
       1
       4
       4
       2
       4
       1
       2
       1
       1
       0
       1
       0
       0
       2
       0
       0
       0
       2
       1
       1
       2
       5
       0
       0
       1
       2
       0
       1
       1
       0
       3
       0
       2
       0
       1
       1
       1
       0
       0
       1
       1
       1
       1
       1
       0
       1
       1
       1
       0
       0
       1
       1
       1
       3
       0
       0
       1
       0
       2
       0
       0
       1
       1
       0
       2
       0
       0
       1
       0
       1
       1
       0
       3
       3
       1
       2
       2
       0
       1
       0
       0
       2
       1
       0
       1
       3
       1
       1
       3
       1
       0
       0
       2
       1
       0
       2
       1
       2
       1
       1
       1
       0
       2
       0
       1
       1
       3
       0
       1
       3
       1
       1
       1
       1
       2
       1
       0
       3
       0
       1
       0
       1
       3
       1
       0
       2
       1
       1
       0
       1
       1
       0
       0
       1
       1
       2
       0
       2
       1
       1
       1
       0
       0
       0
       2
       2
       0
       1
       3
       1
       2
       2
       0
       1
       0
       0
       0
       0
       0
       0
       2
       2
       3
       0
       1
       0
       0
       0
       1
       1
       1
       3
       2
       1
       2
       2
       0
       1
       0
       0
       3
       3
       1
       2
       2
       0
       0
       2
       0
       0
       1
       1
       2
       2
       1
       1
       1
       3
       1
       2
       0
       0
       1
       0
       1
       0
       3
       1
       1
       1
       1
       0
       0
       0
       0
       2
       0
       1
       0
       2
       0
       2
       0
       0
       0
       0
       1
       0
       2
       0
       2
       1
       1
       1
       0
       1
       2
       1
       1
       0
       1
       3
       0
       2
       1
       0
       1
       0
       0
       1
       1
       2
       2
       3
       0
       1
       0
       0
       5
       0
       1
       1
       0
       0
       1
       0
       0
       2
       1
       0
       2
       0
       0
       0
       0
       0
       0
       2
       0
       1
       0
       0
       3
       2
       0
       0
       0
       0
       0
       0
       0
       1
       1
       0
       0
       0
       0
       1
       0
       1
       1
       1
       0
       0
       0
       0
       0
       0
       1
       0
       0
       0
       2
       0
       1
       0
       0
       0
       1
       0
       0
       0
       0
       1
       0
       0
       0
       0
       0
       0
       0
       0
       0
       1
       0
       1
       0
       1
       0
       0
       0
       0
       1
       0
       0
       1
       1
       0
       0
       0
       0
       0
       1
       1
       1
       0
       0
       0
       0
       0
       0
       0
       2
       1
       0
       0
       0
       0
       1
       1
       0
       0
       0
       0
       0
       0
       0
       1
       0
       1
       0
       0
       0
       1
       0
       0
       0
       0
       0
       0
       0
       0
       0
       0
       0
       1
       1
       1
       1
       0
       0
       0
       0
       0
       0
       0
       0
       0
       0
       1
       0
       0
       1
       1
       1
       0
       0
       0
       0
       0
       1
       2
       1
       0
       0
       0
       1
       1
       0
       0
       0
       1
       0
       0
       0
       0
       0
       0
       0
       1
       0
       1
       1
       0
       0
       0
       0
       1
       0
       1
       1
       0
       0
       0
       1
       0
       0
       1
       0
       1
       0
       0
       1
       0
       1
       0
       0
       0
       0
       3
       0
       1
       6
       1
       7
       9
       4
       2
       1
       0
       1
       1
       0
       0
       0
       0
       0
       0
       1
       0
       0
       0
       0
       0
       1
       0
       0
       0
       1
       0
       0
       0
       0
       0
       0
       0
       0
       2
       0
       0
       0
       0
       0
       0
       0
       0
       0
       0
       0
       0
       0
       0
       0
       0
       0
       0
       1
       0
       0
       0
       1
       0
       0
       0
       0
       0
       0
       0
       0
       0
       0
       0
       1
       0
       0
       0
       0
       0
       0
       0
       1
       1
       0
       0
       0
       0
       0
       0
       0
       0
       0
       1
       0
       0
       0
       0
       0
       0
       0
       1
       0
       0
       0
       0
       0
       0
       0
       0
       0
       0
       0
       0
       2
       1
       1
       2
       2
       0
       0
       0
       0
       0
       0
       0
       0
       0
       2
       0
       0
       0
       0
       1
       0
       1
       0
       0
       0
       0
       0
       0
       0
       0
       0
       0
       0
       0
       0
       0
       0
       0
       0
       0
       0
       0
       0
       0
       0
       0
       0
       1
       0
       0
       0
       0
       0
       0
       1
       1
       0
       0
       0
       2
       0
       0
       0
       0
       0
       0
       0
       0
       0
       0
       0
       1
       1
       0
       0
       0
       0
       0
       0
       1
       0
       1
       0
       0
       0
       0
       0
       0
       0
       0
       0
       0
       0
       0
       0
       0
       0
       0
       0
       1
       0
       0
       0
       1
       0
       0
       0
       0
       0
       0
       0
       1
       0
       0
       0
       0
       0
       0
       0
       0
       0
       0
       1
       0
       0
       0
       0
       0
       0
       0
       0
       1
       0
       0
       0
       0
       0
       0
       0
       0
       0
       0
       0
       0
       0
       0
       0
       1
       0
       0
       0
       0
       0
       0
       0
       1
       0
       0
       0
       0
       0
       0
       0
       0
       0
       0
       0
       0
       2
       0
       1
       0
       0
       0
       0
       0
       2
       0
       0
       0
       0
       0
       0
       0
       0
       0
       1
       0
       0
       0
       1
       1
       0
       0
       0
       0
       1
       0
       0
       0
       0
       2
       0
       0
       0
       0
       0
       0
       0
       0
       0
       1
       1
       0
       0
       0
       0
       0
       1
       0
       0
       0
       1
       0
       0
       0
       0
       1
       0
       0
       0
       0
       0
       0
       0
       0
       0
       0
       0
       1
       0
       0
       0
       0
       0
       0
       0
       0
       0
       1
       0
       0
       0
       0
       0
       0
       0
       0
       0
       0
       1
       0
       0
       0
       0
       0
       0
       0
       0
       0
       0
       0
       0
       0
       0
       0
       0
       0
       0
       0
       0
       0
       0
       0
       0
       0
       0
       1
       0
       0
       0
       0
       0
       0
       1
       1
       1
       0
       0
       1
       0
       0
       0
       0
       0
       0
       0
       0
       0
       0
       1
       0
       0
       0
       0
       0
       0
       0
       1
       0
       0
       0
       0
       0
       0
       0
       0
       0
       0
       1
       0
       1
       0
       0
       0
       0
       0
       0
       1
       0
       0
       0
       1
       0
       0
       0
       0
       0
       0
       0
       0
       0
       0
       1
       1
       0
       0
       0
       0
       2
       0
       0
       0
       0
       0
       0
       1
       0
       0
       0
       0
       0
       0
       0
       0
       0
       0
       0
       1
       0
       0
       0
       0
       0
       0
       1
       1
       0
       0
       0
       0
       0
       0
       0
       0
       0
       1
       1
       0
       0
       0
       0
       0
       0
       0
       0
       0
       0
       1
       0
       0
       0
       0
       0
       0
       0
       1
       0
       0
       0
       0
       0
       0
       0
       0
       0
       0
       0
       0
       0
       0
       0
       0
       0
       0
       0
       0
       0
       1
       1
       0
       0
       0
       0
       0
       0
       0
       0
       0
       0
       1
       0
       0
       0
       0
       0
       0
       0
       0
       0
       0
       0
       0
       0
       1
       0
       0
       0
       0
       0
       0
       0
       1
       0
       0
       1
       0
       0
       0
       0
       0
       0
       0
       1
       0
       1
       0
       0
       0
       0
       1
       1
       0
       0
       0
       1
       0
       0
       0
       0
       0
       1
       0
       0
       0
       0
       0
       0
       0
       0
       1
       0
       0
       0
       0
       0
       0
       0
       0
       0
       1
       0
       0
       0
       0
       0
       0
       0
       1
       0
       0
       0
       0
       0
       0
       1
       1
       0
       0
       0
       0
       0
       0
       0
       0
       0
       0
       0
       0
       0
       0
       1
       0
       0
       0
       0
       1
       0
       0
       0
       0
       0
       0
       1
       0
       0
       0
       0
       0
       0
       0
       1
       0
       0
       0
       0
       0
       0
       0
       0
       0
       0
       0
       0
       0
       0
       0
       0
       0
       0
       0
       0
       0
       0
       0
       0
       0
       0
       0
       1
       1
       0
       0
       0
       0
       1
       1
       0
       0
       2
       0
       0
       0
       1
       0
       0
       0
       0
       0
       0
       0
       0
       0
       1
       0
       0
       0
       0
       0
       0
       0
       0
       0
       0
       0
       0
       0
       0
       0
       0
       0
       0
       1
       0
       0
       0
       0
       0
       0
       0
       0
       0
       0
       0
       0
       1
       0
       0
       0
       0
       0
       1
       0
       0
       0
       1
       0
       0
       0
       0
       0
       1
       0
       0
       0
       0
       0
       0
       1
       0
       0
       0
       0
       0
       0
       0
       0
       0
       0
       0
       0
       0
       0
       0
       0
       0
       0
       0
       0
       0
       0
       0
       0
       0
       0
       0
       0
       0
       0
       0
       0
       0
       0
       0
       0
       0
       0
       0
       0
       0
       0
       0
       0
       0
       0
       0
       0
       0
       0
       0
       0
       0
       0
       0
       0
       0
       0
       1
       0
       0
       0
       0
       0
       0
       0
       0
       0
       1
       0
       0
       0
       0
       0
       0
       0
       0
       0
       0
       0
       0
       0
       0
       0
       0
       0
       0
       0
       0
       0
       0
       2
       0
       0
       0
       0
       0
       0
       0
       0
       0
       1
       0
       0
       0
       0
       0
       1
       0
       0
       0
       0
       0
       0
       0
       0
       0
       0
       0
       0
       0
       0
       0
       0
       0
       0
       0
       0
       0
       0
       0
       0
       0
       0
       0
       0
       0
       0
       0
       0
       0
       1
       0
       0
       0
       0
       1
       0
       1
       0
       0
       0
       0
       0
       0
       2
       0
       0
       0
       1
       0
       1
       0
       1
       1
       0
       0
       0
       0
       0
       0
       0
       0
       0
       0
       0
       0
       0
       0
       0
       0
       1
       0
       0
       0
       0
       0
       0
       0
       0
       0
       0
       0
       0
       0
       1
       0
       1
       0
       0
       0
       0
       0
       1
       0
       0
       0
       1
       0
       0
       1
       0
       1
       0
       0
       0
       0
       0
       0
       0
       0
       0
       0
       0
       0
       0
       0
       0
       0
       0
       0
       1
       0
       0
       0
       0
       0
       0
       0
       0
       0
       0
       0
       0
       1
       0
       0
       0
       0
       0
       0
       0
       0
       0
       0
       0
       0
       0
       1
       0
       0
       0
       0
       0
       0
       0
       0
       0
       0
       0
       0
       0
       0
       0
       1
       0
       0
       0
       0
       0
       0
       0
       1
       0
       0
       0
       0
       0
       0
       0
       0
       1
       0
       0
       0
       1
       0
       1
       0
       0
       0
       0
       0
       0
       0
       0
       0
       0
       0
       0
       0
       0
       0
       0
       0
       0
       1
       0
       0
       0
       0
       0
       1
       0
       0
       0
       0
       1
       0
       0
       0
       0
       0
       0
       1
       0
       0
       0
       1
       0
       0
       0
       0
       0
       0
       0
       0
       0
       0
       0
       0
       1
       1
       1
       1
       0
       0
       0
       0
       0
       0
       0
       0
       0
       0
       0
       0
       0
       0
       0
       0
       0
       0
       0
       0
       0
       1
       0
       0
       0
       0
       0
       0
       0
       0
       0
       0
       0
       0
       0
       0
       0
       0
       0
       0
       0
       0
       1
       0
       0
       1
       0
       1
       0
       0
       0
       0
       0
       0
       0
       0
       0
       0
       1
       0
       0
       0
       1
       0
       0
       0
       0
       0
       1
       0
       0
       0
       0
       0
       0
       0
       0
       1
       0
       0
       0
       0
       2
       0
       0
       1
       0
       0
       0
       0
       0
       0
       0
       0
       0
       0
       0
       0
       0
       0
       0
       0
       0
       0
       0
       0
       0
       0
       0
       0
       0
       0
       0
       0
       0
       0
       0
       0
       0
       0
       0
       0
       0
       1
       0
       0
       0
       0
       0
       0
       0
       1
       0
       0
       0
       0
       0
       0
       1
       0
       0
       0
       0
       1
       0
       0
       0
       0
       0
       0
       0
       0
       0
       0
       0
       0
       0
       0
       0
       0
       0
       0
       1
       1
       0
       0
       0
       0
       1
       0
       0
       0
       0
       0
       1
       0
       0
       0
       0
       0
       0
       0
       0
       0
       0
       0
       0
       0
       0
       0
       0
       0
       0
       0
       0
       0
       0
       0
       0
       0
       0
       0
       0
       0
       0
       0
       0
       0
       0
       0
       0
       0
       0
       0
       0
       0
       0
       0
       0
       0
       0
       0
       0
       0
       0
       0
       0
       0
       0
       0
       0
       0
       0
       0
       0
       1
       0
       0
       0
       0
       0
       0
       1
       0
       0
       0
       0
       0
       0
       0
       0
       0
       0
       0
       0
       0
       0
       0
       0
       1
       0
       0
       0
       0
       0
       0
       0
       0
       0
       0
       0
       0
       0
       0
       0
       0
       0
       0
       0
       0
       0
       0
       1
       0
       1
       0
       0
       0
       0
       0
       0
       0
       0
       0
       0
       0
       0
       0
       0
       0
       0
       0
       0
       0
       0
       0
       0
       0
       0
       0
       0
       0
       0
       0
       0
       0
       0
       0
       0
       0
       0
       0
       0
       0
       0
       0
       0
       0
       0
       0
       0
       0
       0
       0
       0
       0
       0
       0
       0
       0
       0
       0
       0
       0
       0
       0
       0
       0
       0
       0
       0
       0
       0
       0
       0
       0
       0
       0
       0
       0
       0
       0
       0
       0
       0
       0
       0
       0
       0
       0
       0
       0
       0
       0
       0
       0
       0
       0
       0
       0
       0
       0
       0
       0
       0
       0
       0
       0
       0
       0
       0
       0
       0
       0
       0
       0
       0
       0
       0
       0
       0
       0
       0
       0
       0
       0
       0
       0
       0
       0
       0
       0
       0
       0
       0
       0
       0
       0
       0
       0
       0
       0
       0
       0
       0
       0
       0
       0
       0
       0
       0
       0
       0
       0
       0
       0
       0
       0
       0
       0
$ROI:
0
$PRESETS:
None
0
0
$ENER_FIT:
0.000000 0.000000
$MCA_CAL:
3
0.000000E+000 0.000000E+000 0.000000E+000 
$SHAPE_CAL:
3
0.000000E+000 0.000000E+000 0.000000E+000
