$SPEC_ID:
No sample description was entered.
$SPEC_REM:
DET# 1
DETDESC# SCE-SOPA-00035 MCB 133
AP# Maestro Version 7.01
$DATE_MEA:
10/15/2019 15:35:42
$MEAS_TIM:
78867 78869
$DATA:
0 4095
       0
       0
       0
       0
       0
       0
       0
       0
       0
       0
       0
       0
       0
       0
       0
       0
       0
       0
       0
       0
       1
       0
       0
       2
       0
       4
      43
     146
      49
      87
     404
     428
     425
     452
     463
     438
     486
     467
     435
     486
     476
     472
     457
     469
     496
     560
     697
     775
     659
     477
     445
     479
     506
     533
     561
     506
     479
     473
     490
     516
     488
     556
     642
     858
     901
     668
     524
     554
     511
     500
     543
     548
     515
     564
     667
     804
     794
     895
     788
     691
     535
     465
     477
     544
     585
     577
     522
     584
     579
     563
     607
     664
     892
    1150
     948
     647
     477
     485
     489
     466
     474
     459
     469
     465
     467
     505
     482
     491
     520
     483
     509
     485
     494
     515
     567
     481
     537
     501
     502
     508
     487
     516
     521
     499
     467
     512
     470
     528
     493
     489
     497
     468
     495
     495
     514
     493
     470
     491
     491
     500
     453
     506
     495
     503
     541
     487
     502
     483
     500
     433
     462
     452
     474
     500
     486
     492
     490
     464
     472
     444
     445
     443
     456
     463
     493
     415
     470
     442
     403
     437
     412
     428
     407
     437
     420
     450
     424
     422
     417
     411
     411
     419
     408
     386
     429
     498
     638
     708
     559
     464
     392
     394
     383
     399
     403
     378
     375
     411
     406
     415
     393
     348
     377
     382
     347
     379
     385
     385
     361
     382
     390
     378
     355
     339
     328
     303
     351
     361
     318
     368
     326
     312
     354
     367
     330
     321
     340
     351
     333
     333
     282
     307
     301
     341
     328
     302
     307
     341
     388
     515
     547
     492
     415
     432
     343
     329
     284
     279
     277
     298
     277
     229
     282
     277
     265
     233
     266
     276
     243
     267
     265
     245
     249
     222
     247
     241
     237
     257
     239
     263
     245
     276
     268
     259
     228
     224
     229
     250
     240
     245
     252
     228
     208
     234
     213
     237
     229
     212
     208
     210
     220
     197
     204
     207
     234
     285
     376
     390
     279
     239
     210
     225
     226
     190
     204
     204
     207
     199
     198
     172
     186
     190
     179
     176
     175
     217
     195
     227
     184
     195
     162
     213
     180
     210
     183
     181
     200
     205
     183
     190
     209
     211
     177
     176
     181
     197
     198
     187
     196
     209
     213
     207
     168
     160
     166
     169
     170
     188
     145
     175
     178
     215
     381
     444
     408
     207
     174
     160
     156
     160
     146
     147
     145
     153
     145
     144
     169
     168
     160
     161
     135
     147
     161
     166
     162
     142
     142
     138
     149
     118
     159
     144
     163
     153
     123
     141
     124
     155
     147
     152
     144
     142
     140
     127
     127
     130
     149
     109
     136
     138
     148
     132
     140
     122
     114
     142
     146
     137
     127
     123
     148
     132
     150
     148
     137
     127
     125
     138
     123
     122
     126
     125
     100
     113
     132
     105
     127
     132
     108
     128
     128
     127
     132
     123
     134
     113
     133
     104
     149
     104
     117
     112
     121
     112
     105
     115
     112
     139
     118
     108
     111
     129
     120
     120
     114
     112
     103
     120
     103
     113
     108
     129
     114
     144
     122
     138
     122
     107
     102
     109
     106
      97
     111
     117
     103
     113
     122
     103
     101
     105
      99
      93
     106
      90
      97
     105
      98
      97
      91
     113
     107
     104
      97
     107
      97
     103
     106
     102
      97
      79
      99
      82
      84
     117
     103
      90
     109
     106
      98
     123
     180
     266
     383
     320
     228
     157
     133
     105
     102
     102
      83
      99
      86
      93
     107
      82
     100
      71
      95
      94
      88
     104
      93
      81
      98
      71
      80
      94
      90
      83
      80
      79
      96
     103
      83
      77
      99
     107
      79
      95
      83
      71
      88
      97
      73
      79
      87
      93
      86
      71
      72
      86
      71
      86
      83
      86
      72
      93
      85
      79
      85
      96
      99
      71
      92
      84
      88
      97
      81
      84
      90
      87
      82
     106
     140
     132
     130
      91
      71
      81
      99
      80
      71
      76
      74
      70
      67
      94
     106
      96
      85
      95
      85
      80
      90
      95
     102
      91
      71
     163
     233
     302
     232
     142
      84
      75
      69
      71
      75
      68
      68
      91
      78
      84
      69
      73
      72
      80
      66
      91
      79
      76
      81
      83
      63
      82
      70
      87
      64
      77
      70
      77
      72
      70
      80
      80
      66
      74
      74
      72
      84
      66
      56
      70
      75
      57
      74
      71
      73
      76
      71
      66
      73
      83
      90
      71
      69
      89
      69
      75
      69
      72
      84
      74
      57
      64
      63
      67
      76
      60
      77
      59
      68
      75
      67
      74
      71
      71
      64
      64
      58
      68
      68
      71
      73
      70
      81
      81
      83
      71
      78
      78
      75
      77
      71
      56
      76
      63
      62
      77
      77
      70
      78
      71
      54
      69
      58
      66
      54
      66
      55
      74
      66
      54
      60
      54
      61
      73
      68
      59
      78
      62
      64
      73
      65
      65
      65
      63
      62
      73
      50
      66
      62
      64
      76
      57
      51
      68
      75
      60
      64
      46
      63
      50
      56
      63
      69
      71
      48
      63
      59
      55
      64
      57
      63
      58
      43
      61
      57
      87
      81
      69
      85
      72
      60
      58
      47
      64
      60
      63
      56
      56
      45
      51
      55
      52
      59
      59
      67
      54
      62
      51
      47
      55
      54
      59
      67
      79
      60
      53
      65
      69
      46
      66
      58
      63
      48
      56
      67
      59
      62
      49
      49
      48
      63
      63
      49
      46
      46
      64
      54
      48
      55
      61
      64
      41
      45
      61
      49
      50
      55
      62
      54
      52
      58
      50
      63
      60
      62
      59
      63
      65
      67
      54
      63
      63
      57
      45
      66
      52
      45
      43
      53
      49
      62
      58
      55
      41
      47
      46
      53
      56
      59
      66
      57
      51
      55
      46
      49
      34
      40
      54
      53
      54
      51
      43
      47
      61
      39
      56
      47
      49
      39
      57
      47
      64
      59
      56
      42
      41
      44
      69
      50
      46
      44
      50
      49
      39
      47
      45
      52
      60
      43
      65
      39
      47
      44
      50
      50
      50
      48
      50
      95
      88
      91
      48
      37
      34
      42
      46
      26
      40
      58
      56
      39
      49
      43
      54
      53
      50
      44
      48
      54
      42
      41
      54
      45
      58
      56
      48
      38
      43
      56
      48
      48
      45
      40
      39
      36
      48
      40
      49
      43
      47
      34
      46
      46
      35
      46
      55
      29
      42
      44
      35
      51
      56
      44
      42
      66
      44
      48
      68
      57
      38
      37
      46
      47
      41
      53
      40
      40
      32
      32
      34
      32
      54
      40
      37
      33
      44
      43
      48
      40
      44
      46
      38
      29
      47
      34
      38
      46
      48
      51
      55
      42
      49
      38
      41
      33
      31
      30
      36
      34
      32
      32
      39
      39
      37
      45
      48
      34
      53
      26
      48
      37
      43
      37
      33
      29
      32
      43
      30
      32
      34
      28
      32
      31
      33
      41
      26
      26
      39
      32
      33
      39
      41
      33
      36
      26
      37
      38
      39
      37
      28
      47
      28
      41
      29
      43
      36
      38
      39
      31
      45
      38
      31
      42
      35
      41
      39
      28
      43
      45
      50
      35
      31
      49
      34
      23
      39
      30
      35
      35
      33
      30
      34
      36
      32
      32
      36
      37
      39
      40
      35
      27
      25
      40
      30
      37
      35
      32
      34
      32
      39
      42
      43
      35
      36
      29
      31
      33
      36
      33
      29
      34
      37
      40
      44
      40
      49
      47
      58
      67
      78
      67
      38
      34
      31
      31
      38
      40
      29
      33
      30
      35
      47
      32
      33
      41
      32
      34
      38
      36
      27
      36
      29
      34
      36
      38
      37
      24
      34
      36
      37
      28
      34
      41
      41
      29
      37
      34
      37
      37
      27
      33
      33
      35
      32
      35
      31
      39
      33
      25
      38
      29
      29
      38
      22
      43
      30
      31
      34
      41
      27
      28
      33
      30
      31
      38
      34
      33
      29
      26
      34
      27
      29
      28
      32
      27
      29
      29
      39
      20
      37
      46
      25
      22
      34
      38
      32
      25
      32
      39
      26
      30
      21
      34
      33
      35
      34
      35
      31
      21
      34
      25
      30
      20
      37
      22
      31
      36
      28
      29
      27
      29
      34
      39
      34
      38
      38
      41
      49
      33
      40
      29
      33
      31
      28
      19
      39
      38
      23
      33
      27
      22
      31
      27
      22
      31
      29
      24
      23
      26
      34
      32
      29
      32
      32
      24
      17
      28
      25
      24
      33
      32
      28
      27
      21
      30
      22
      23
      22
      39
      29
      39
      24
      32
      26
      26
      25
      28
      22
      26
      25
      24
      26
      28
      27
      24
      25
      31
      37
      28
      25
      27
      22
      21
      18
      24
      28
      13
      16
      28
      25
      26
      31
      20
      21
      24
      25
      26
      22
      19
      20
      20
      19
      24
      22
      18
      23
      22
      23
      22
      32
      20
      29
      20
      18
      17
      25
      21
      27
      20
      22
      16
      26
      24
      20
      23
      22
      21
      24
      19
      26
      26
      20
      15
      20
      24
      23
      22
      23
      27
      15
      18
      20
      25
      15
      24
      22
      29
      14
      21
      26
      22
      25
      27
      24
      29
      29
      26
      41
      35
      15
      31
      12
      26
      21
      21
      23
      24
      26
      14
      22
      17
      18
      30
      23
      19
      20
      15
      18
      18
      24
      29
      26
      20
      22
      12
      25
      28
      36
      22
      20
      24
      15
      22
      18
      16
      25
      19
      28
      22
      13
      18
      12
      21
      20
      18
      16
      18
      19
      19
      20
      27
      13
      22
      19
      14
      16
      23
      18
      22
      22
      19
      17
      18
      22
      18
      22
      14
      23
      16
      20
      19
      24
      19
      17
      12
      18
      27
      45
      73
     120
     124
      97
      56
      19
      21
      20
      19
      18
      15
      14
      19
      12
      19
      16
      19
       8
      19
      15
      15
      18
      16
      17
      22
      17
      16
      20
      14
      11
      19
      25
      32
      11
      21
      21
      15
      20
      13
      18
      19
      18
      18
      16
      16
      23
       9
      17
      20
      16
      20
      17
      19
      11
      18
      14
      16
      16
      19
      12
      19
      17
      14
      13
      15
      14
      26
      17
      12
      15
      23
      13
      16
      13
      17
      15
      15
      13
      12
      15
      21
      14
      15
       9
      10
      15
      13
       7
      15
      19
      19
      13
      12
      12
      15
      12
      20
      19
      12
      16
      13
      18
      12
      19
      14
      19
      14
      11
      20
      19
      19
      12
       8
      19
      11
       7
      16
       8
      19
      12
      15
      13
      18
      25
      17
      23
      15
      24
      15
      18
      14
      20
      14
      22
      29
      24
      21
      14
      15
      20
      20
      16
      19
      16
      11
       8
      13
      12
       9
      10
      20
      10
      13
      13
      11
      15
       9
      17
      10
      17
      10
      15
      17
      15
      21
      12
      18
      10
      12
      19
      18
      17
      27
      10
       8
      13
      14
      13
      15
      14
       6
      11
      16
      13
      13
       6
      12
      15
      10
      16
      14
       7
      12
      11
      12
       9
      11
      10
      11
      11
       7
      24
      12
      11
      19
      16
       8
      13
       7
      11
      17
       9
      15
      16
      12
       2
       9
      17
       8
      15
      15
       7
      15
      13
      16
      14
      15
      13
      14
      10
      10
      13
       6
      12
      14
      10
       7
      16
      13
       6
       6
      17
      12
      14
      13
      13
      15
      18
      14
       9
       8
      13
      14
       7
      12
      12
      14
       9
      12
      13
      16
      19
      12
       9
      17
       8
      11
       8
       6
      11
      21
      20
      14
       9
       5
      12
      12
       4
       5
       9
       5
      14
      11
      16
       9
       9
      12
       6
       7
       5
      13
       7
      11
      19
      14
      13
      13
      18
       6
      18
       8
      14
      17
      14
      23
      35
      37
      32
      36
      13
      18
      14
      15
      10
      10
      12
       8
      13
      11
       9
       9
      14
       9
       9
       9
      12
       8
      14
       6
       7
      13
      11
      18
       9
       6
      10
      10
      13
       8
      11
       5
      10
       3
       8
       6
      14
      14
       7
       8
      10
      16
       8
       6
       9
       8
      12
      16
      10
       6
      10
       9
      18
       8
      10
      14
      14
      14
      12
       8
       7
      16
      16
       8
       9
      11
       9
       9
       8
       7
      12
       8
       7
       5
      12
       6
       6
       7
       7
      12
      14
      10
       8
       9
      12
      14
       7
      10
      12
      12
       9
       9
       8
       6
       8
       9
       9
      13
      11
       7
      12
      10
       7
      11
      13
      11
      10
       5
      11
      10
       9
       6
       8
       7
       8
       8
      13
       8
       7
      12
       9
       8
       9
       6
       4
      13
      10
      13
       8
       5
       3
       7
       6
      14
       8
       6
       9
      10
       9
      12
       4
       5
       7
      13
      11
       7
      12
       8
       7
       3
      12
       8
       7
       9
      11
      15
       5
       5
       8
       8
       9
      10
       5
       9
       8
       6
       9
       9
       3
       7
       6
      12
       8
      10
       9
       4
       6
      12
       9
      10
       7
       9
       5
       6
       7
       3
       4
       6
      11
      15
       8
      11
       3
      10
      13
      14
       8
       9
      10
       5
       7
       8
       9
      12
       9
       8
      10
      11
       8
      10
      12
       8
       6
       6
       9
      11
      10
       7
      10
       7
      12
       8
       8
      11
       6
      12
       5
       7
       9
      10
       7
       6
       7
      11
       8
       7
       7
       4
       4
       8
      10
       6
       6
       6
       3
       5
       6
       4
       8
      11
       7
       4
      12
       5
       5
      11
       3
       7
       4
      11
      11
      10
       5
       5
       9
       3
       6
       7
       2
       4
       6
       5
       7
      11
       6
       8
       4
       8
       8
       8
       7
      10
       4
      12
       7
       8
       7
       4
       3
       8
       3
       7
      10
       5
       6
       5
       6
       9
       8
      13
       7
       5
       8
       6
      10
       5
       7
       9
       6
       5
       8
       5
      10
       3
      10
      11
       7
       9
       9
      11
       5
      10
       6
       5
       7
      10
       4
       7
       9
      10
       4
       5
      15
       7
       9
      16
      13
      10
       7
      13
       8
       4
      12
      11
      10
       7
       7
       5
      12
       4
       6
       8
       6
      15
      10
       4
       9
       2
       3
       5
       4
       4
       8
      14
       6
      10
       4
       7
       4
       3
       6
      10
       8
       9
       4
       4
       7
       5
      10
      10
       5
       6
      10
       3
       6
       6
       5
       7
       2
       7
       7
       8
       5
       8
       6
       7
       8
       8
       8
       4
       6
       5
       3
       7
       8
      12
       3
       8
       8
       3
       7
      11
       8
       9
       7
      10
       1
       8
       5
       8
       3
       7
       3
       7
      10
       8
      10
       4
      12
       3
       2
       8
       8
      13
      11
       9
      10
      17
      14
      15
      11
      10
      12
       5
       8
       5
       7
       5
       1
       8
       3
       3
       9
       8
       4
       9
       5
      12
       9
       2
       5
       5
       8
       9
       5
      10
       6
       6
       3
       5
       5
       5
       6
       7
       4
       4
       9
       7
      11
       9
       5
       5
       6
      10
       5
       5
       6
       3
      12
       8
       4
       4
       6
       9
       2
       5
       3
       5
       9
       9
       4
       4
      10
       7
       7
       6
       8
      10
       8
       4
       4
       4
       4
       7
       8
       2
       8
      12
       5
       6
       7
       9
       5
       7
      10
       6
       4
       4
       8
       5
       6
       6
       9
       7
       5
      10
       7
       3
       6
       5
       9
      10
       8
       6
       4
       7
       5
       9
       7
       7
       4
       8
       5
       7
       9
       6
       7
       5
       5
       7
      12
       6
       6
       2
       9
       9
       4
       4
       2
       6
       7
       7
       3
      10
       6
       3
       4
       5
       2
       8
      10
       7
       7
      12
       3
       6
       5
       9
       3
       9
       5
       9
       2
       6
      12
       5
       8
       9
       5
      11
       5
       6
       4
       5
       7
       4
       9
       5
       5
       8
       6
       8
       9
       3
       7
       9
       7
       7
       2
       3
       9
       6
       3
       7
       8
       4
      12
       3
       5
       8
       5
       3
       6
       4
      11
       8
      11
       9
       2
       6
       5
       7
       5
       7
       5
       8
       9
       5
       2
       6
       4
       5
       6
       4
       5
       5
       4
       5
       4
       6
       8
       3
       5
       6
       2
       5
       4
       4
       2
       4
       4
       7
       2
       3
       3
       4
       4
       6
       5
       5
       4
      13
      10
       4
       5
       3
       5
       4
       5
       2
       2
       2
       9
       9
       3
       4
       3
       3
       9
       5
       8
       4
       3
       5
       5
       9
       4
       5
       6
       6
       3
      14
       5
       6
       5
       2
       1
       4
       6
       5
       3
       4
       3
       2
       6
       7
       1
       7
       4
       5
       1
       6
       5
       3
       6
       5
       2
       6
       3
       2
       3
       7
       4
       6
       8
       1
       7
       4
       4
       8
       4
       7
       1
       6
       3
       5
       5
       1
       5
       6
       1
       6
       5
       4
       4
       6
       4
       3
       3
       6
       6
       6
       4
       3
       7
       2
       3
       3
       7
       7
       5
       3
       5
       3
       5
       4
       4
       5
       2
       4
       2
       4
       7
       3
       1
       9
       4
       2
       4
       6
       4
       7
       4
       3
       4
       5
       3
       3
       5
       7
       6
       1
       4
       2
       6
       2
       5
       5
       1
       5
       6
       6
       0
       2
       7
       4
       4
       3
       4
       4
       3
       1
       3
       7
       6
       3
       1
       2
       6
       6
       4
       4
       4
      10
       8
      17
      30
      32
      49
      45
      45
      20
      13
       7
       4
       3
       4
       1
       6
       2
       3
       2
       2
       1
       2
       2
       4
       2
       1
       4
       3
       7
       2
       6
       2
       1
       1
       6
       5
       2
       4
       4
       3
       4
       2
       2
       2
       5
       5
       1
       4
       1
       4
       0
       1
       0
       1
       1
       4
       3
       3
       6
       2
       3
       5
       4
       1
       3
       2
       1
       0
       5
       6
       5
       4
       4
       5
       6
       3
       4
       1
       2
       4
       2
       3
       3
       1
       1
       6
       3
       4
       5
       5
       6
       2
       3
       2
       2
       2
       3
       2
       4
       5
       7
      11
       4
       2
       3
       4
       3
       2
       1
       6
       4
       3
       2
       2
       2
       4
       2
       2
       4
       2
       3
       6
       3
       2
       1
       4
       6
       2
       4
       2
       1
       4
       1
       2
       1
       4
       5
       9
       3
       1
       2
       3
       2
       1
       4
       3
       1
       2
       5
       2
       4
       4
       9
       3
       1
       6
       2
       4
       4
       2
       3
       2
       3
       5
       3
       9
       5
       4
       3
       1
       2
       4
       5
       3
       2
       4
       6
       2
       3
       3
       3
       2
       5
       5
       5
       2
       2
       2
       2
       2
       2
       4
       2
       2
       3
       1
       3
       4
       5
       8
       3
       4
       2
       1
       1
       7
       3
       2
       4
       2
       3
       2
       1
       5
       3
       1
       3
       1
       1
       5
       5
       4
       4
       4
       5
       0
       4
       3
       3
       3
       2
       2
       6
       2
       4
       2
       4
       2
       2
       2
       5
       1
       2
       7
       6
       3
       1
       2
       3
       3
       1
       1
       2
       2
       2
       2
       1
       6
       6
       2
       2
       0
       2
       7
       9
       4
       6
       3
       1
       2
       4
       1
       3
       1
       5
       5
       0
       1
       2
       2
       6
       3
       2
       1
       4
       1
       2
       2
       2
       1
       3
       2
       2
       1
       1
       2
       1
       0
       5
       2
       2
       3
       5
       3
       3
       3
       2
       3
       0
       3
       4
       0
       4
       2
       4
       0
       3
       0
       0
       4
       5
       2
       2
       2
       9
       1
       5
       2
       1
       3
       1
       5
       1
       1
       1
       3
       4
       4
       4
       2
       5
       2
       3
       7
       3
       2
       6
       5
       2
       0
       0
       1
       8
       2
       3
       1
       3
       0
       2
       3
       3
       4
       4
       2
       1
       5
       5
       4
       3
       2
       2
       2
       1
       5
       4
       2
       2
       5
       4
       4
       0
       1
       5
       5
       5
       0
       3
       2
       0
       2
       3
       3
       2
       4
       3
       5
       5
       2
       2
       3
       2
       4
       1
       3
       2
       2
       4
       2
       2
       1
       3
       2
       2
       2
       2
       1
       4
       1
       2
       2
       3
       2
       2
       5
       2
       0
       4
       2
       2
       1
       3
       1
       3
       3
       1
       1
       3
       3
       2
       2
       0
       5
       2
       4
       0
       2
       1
       2
       0
       4
       3
       4
       5
       4
       2
       1
       5
       1
       7
       4
       1
       2
       3
       1
       2
       0
       2
       2
       5
       5
       6
       2
       4
       1
       0
       5
       1
       5
       4
       3
       5
       6
       2
       5
       3
       5
       2
       7
       2
       4
       1
       0
       4
       6
       3
       0
       8
       1
       1
       2
       3
       3
       4
       3
       2
       3
       6
       5
       2
       3
       6
       5
       1
       0
       4
       5
       3
       2
       0
       1
       4
       5
       2
       1
       1
       4
       5
       3
       3
      10
       1
       4
       3
       4
       4
       2
       2
       2
       4
       4
       0
       2
       4
       3
       1
       1
       3
       1
       5
       4
       1
       5
       5
       2
       2
       3
       2
       6
       1
       5
       3
       1
       4
       6
       5
       2
       4
       1
       3
       2
       0
       6
       2
       4
       2
       1
       2
       3
       6
       2
       1
       5
       1
       3
       2
       3
       2
       1
       2
       0
       5
       2
       6
       3
       0
       3
       2
       3
       0
       7
       4
       1
       5
       3
       1
       3
       2
       2
       3
       2
       5
       1
       3
       1
       2
       4
       0
       3
       1
       3
       2
       3
       2
       2
       3
       4
       3
       3
       3
       6
       2
       1
       3
       2
       0
       4
       4
       3
       0
       3
       3
       6
       3
       4
       3
       1
       4
       3
       1
       6
       0
       5
       1
       7
       1
       3
       2
       1
       1
       5
       4
       5
       2
       3
       1
       2
       1
       3
       2
       3
       6
       4
       0
       2
       4
       5
       1
       1
       1
       6
       4
       0
       1
       0
       4
       2
       1
       2
       4
       3
       1
       3
       1
       2
       0
       0
       2
       0
       2
       2
       4
       2
       5
       2
       1
       4
       1
       2
       5
       2
       2
       1
       2
       2
       1
       4
       4
       5
       0
       3
       1
       0
       2
       4
       2
       2
       2
       0
       1
       1
       2
       4
       2
       4
       7
       2
       1
       2
       4
       4
       4
       1
       3
       1
       2
       1
       4
       3
       3
       1
       1
       1
       2
       3
       4
       3
       2
       1
       5
       4
       4
       1
       2
       3
       7
       5
       2
       4
       1
       0
       3
       4
       1
       2
       2
       3
       2
       1
       1
       6
       1
       3
       2
       1
       1
       0
       4
       3
       0
       1
       1
       1
       0
       0
       2
       0
       5
       1
       2
       1
       1
       1
       2
       0
       1
       3
       1
       6
       1
       4
       0
       5
       1
       2
       2
       2
       2
       8
       3
       1
       2
       3
       3
       4
       1
       1
       1
       1
       2
       3
       1
       2
       4
       2
       2
       4
       3
       5
       1
       2
       1
       2
       2
       1
       3
       4
       2
       3
       1
       3
       3
       1
       4
       2
       1
       2
       3
       1
       1
       1
       2
       0
       2
       7
       2
       3
       0
       3
       1
       2
       4
       1
       1
       3
       4
       3
       0
       2
       1
       2
       2
       2
       3
       3
       3
       5
       3
       2
       4
       2
       2
       0
       2
       2
       4
       1
       2
       2
       2
       0
       2
       1
       3
       4
       4
       4
       2
       2
       3
       1
       2
       2
       3
       4
       2
       4
       3
       0
       4
       4
       0
       3
       0
       2
       1
       1
       2
       4
       2
       0
       4
       0
       4
       0
       2
       4
       3
       1
       1
       2
       2
       1
       2
       2
       0
       1
       2
       0
       0
       6
       1
       6
       3
       0
       3
       3
       2
       4
       4
       0
       2
       1
       1
       3
       1
       3
       3
       2
       4
       4
       2
       1
       0
       1
       3
       1
       2
       1
       0
       4
       1
       2
       2
       4
       0
       3
       2
       3
       5
       0
       3
       2
       1
       3
       0
       1
       1
       2
       1
       2
       4
       6
       2
       0
       1
       3
       1
       2
       0
       1
       0
       4
       2
       2
       2
       6
       3
       6
       1
       1
       3
       3
       1
       4
       1
       1
       4
       2
       4
       2
       2
       3
       1
       6
       2
       1
       3
       4
       1
       2
       1
       1
       2
       3
       2
       1
       1
       0
       1
       2
       2
       5
       1
       3
       2
       3
       1
       1
       1
       1
       2
       2
       2
       1
       2
       2
       5
       4
       3
       1
       1
       0
       3
       3
       3
       3
       3
       1
       2
       2
       1
       0
       1
       1
       4
       2
       2
       1
       0
       2
       3
       3
       3
       1
       1
       0
       1
       3
       4
       3
       3
       0
       0
       1
       1
       2
       1
       0
       1
       2
       1
       2
       4
       1
       3
       1
       2
       2
       2
       2
       2
       1
       0
       2
       1
       1
       0
       0
       2
       1
       4
       1
       1
       3
       3
       4
       1
       2
       4
       4
       1
       1
       4
       2
       2
       4
       1
       4
       5
       1
       0
       2
       1
       8
       5
       2
       6
       3
       2
       3
       3
       1
       2
       1
       4
       1
       3
       1
       2
       1
       1
       6
       1
       3
       2
       1
       2
       0
       1
       1
       1
       3
       6
       2
       2
       3
       7
       4
       1
       1
       3
       1
       0
       0
       3
       1
       1
       2
       1
       1
       1
       3
       2
       1
       2
       1
       0
       3
       0
       2
       1
       2
       0
       4
       0
       1
       1
       2
       4
       0
       0
       2
       1
       6
       3
       2
       4
       1
       3
       6
       2
       1
       4
       3
       2
       1
       0
       0
       1
       3
       3
       3
       1
       3
       1
       1
       0
       1
       1
       0
       2
       3
       3
       1
       0
       5
       2
       0
       1
       3
       0
       1
       0
       4
       1
       2
       3
       2
       3
       2
       4
       0
       0
       1
       0
       5
       4
       0
       6
       5
       2
       1
       1
       3
       0
       3
       2
       2
       2
       1
       1
       1
       3
       1
       0
       4
       2
       3
       3
       5
       2
       3
       2
       0
       2
       5
       0
       3
       2
       1
       2
       1
       3
       2
       2
       2
       2
       3
       1
       2
       2
       2
       3
       1
       0
       1
       0
       1
       0
       0
       0
       0
       0
       0
       0
       0
       0
       0
       0
       0
       0
       0
       0
       0
       0
       0
       0
       0
       0
       0
       0
       0
       0
       0
       0
       0
       0
       0
       0
       0
       0
       0
       0
       0
       0
       0
       0
       0
       0
       0
       0
       0
       0
       0
       0
       0
       0
       0
       0
       0
       0
       0
       0
       0
       0
       0
       0
       0
       0
       0
       0
       0
       0
       0
       0
       0
       0
       0
       0
       0
       0
       0
       0
       0
       0
       0
       0
       0
       0
       0
       0
       0
       0
       0
       0
       0
       0
       0
       0
       0
       0
       0
       0
       0
       0
       0
       0
       0
       0
       0
       0
       0
       0
       0
       0
       0
       0
       0
       0
       0
       0
       0
       0
       0
       0
       0
       0
       0
       0
       0
       0
       0
       0
       0
       0
       0
       0
       0
       0
       0
       0
       0
       0
       0
       0
       0
       0
       0
       0
       0
       0
       0
       0
       0
       0
       0
       0
       0
       0
       0
       0
       0
$ROI:
0
$PRESETS:
None
0
0
$ENER_FIT:
0.000000 0.000000
$MCA_CAL:
3
0.000000E+000 0.000000E+000 0.000000E+000 
$SHAPE_CAL:
3
0.000000E+000 0.000000E+000 0.000000E+000
