$SPEC_ID:
No sample description was entered.
$SPEC_REM:
DET# 1
DETDESC# SCE-SOPA-00035 MCB 133
AP# Maestro Version 7.01
$DATE_MEA:
11/14/2019 11:03:23
$MEAS_TIM:
3707 3708
$DATA:
0 4095
       0
       0
       0
       0
       0
       0
       0
       0
       0
       0
       0
       0
       0
       0
       0
       0
       0
       0
       0
       0
       0
       0
       0
       0
       0
       0
       3
       7
       4
      14
      76
      71
      69
      78
      70
      62
      82
      74
      66
      78
      71
      55
      78
      81
      77
      66
      71
      75
      79
      53
      74
      58
      50
      67
      72
      89
      60
      64
      71
      79
      69
      72
      84
     104
      77
      85
      77
      81
      67
      72
      65
      57
      63
      75
      62
      90
      73
      63
      88
      89
      75
      74
      83
      78
      73
      81
      79
      84
      75
      82
      75
      95
      92
     103
      85
      77
      80
      94
      88
      89
      82
      78
     107
      95
      82
      79
      84
      82
      83
      89
      78
      96
      74
     108
      89
     102
      95
      75
      86
      93
      88
      96
     104
      82
      96
      97
      90
      87
      96
     114
      91
      96
      88
     103
     104
      92
      96
     106
     106
     115
      93
     106
      93
     100
      92
     127
     111
     101
     100
      93
      99
      98
     114
     101
      74
      75
     110
      88
      98
      87
     108
     104
      90
      85
      95
     100
      67
      91
      95
      94
     102
      92
     103
      77
      93
      99
      78
      91
      72
      95
      95
      95
      90
     118
      92
      90
      84
      99
      91
      96
      89
      89
      90
      94
      71
      83
     102
      85
     101
      89
      78
      91
      92
      84
      89
      86
      93
      84
      82
      97
      87
      97
      91
      87
      88
     100
     103
      92
     106
     100
     122
     116
     106
     122
     106
      92
     118
     116
     107
     103
      95
      92
     106
      77
      87
     107
      91
      98
      85
      97
      88
      85
      92
      82
      83
      83
      83
      80
      64
      68
      79
      74
      84
      79
      56
      75
      69
      65
      68
      70
      63
      69
      71
      60
      62
      49
      65
      62
      61
      62
      56
      52
      58
      52
      54
      60
      63
      64
      54
      54
      58
      48
      53
      45
      63
      52
      58
      58
      55
      66
      48
      56
      62
      53
      61
      51
      49
      45
      56
      44
      53
      47
      49
      48
      49
      45
      41
      44
      38
      39
      43
      49
      54
      47
      34
      53
      48
      50
      45
      46
      44
      35
      42
      48
      36
      48
      48
      30
      41
      42
      46
      30
      37
      39
      30
      37
      45
      38
      47
      42
      36
      35
      38
      49
      41
      52
      37
      31
      31
      39
      37
      48
      35
      40
      42
      48
      34
      33
      34
      36
      30
      47
      42
      35
      37
      33
      38
      34
      35
      35
      32
      27
      35
      47
      38
      35
      34
      28
      33
      36
      48
      26
      29
      42
      28
      45
      36
      37
      23
      33
      27
      32
      35
      41
      38
      29
      28
      45
      28
      32
      32
      38
      39
      30
      37
      32
      35
      34
      37
      42
      41
      33
      39
      33
      37
      32
      46
      29
      36
      30
      34
      24
      38
      31
      32
      22
      22
      28
      31
      41
      35
      36
      39
      17
      30
      27
      30
      30
      26
      20
      38
      40
      34
      35
      33
      21
      31
      27
      38
      38
      36
      18
      24
      26
      24
      36
      30
      32
      32
      27
      27
      29
      41
      26
      28
      29
      41
      29
      29
      33
      36
      20
      20
      28
      30
      25
      29
      33
      27
      27
      19
      31
      27
      29
      35
      30
      16
      38
      26
      20
      20
      28
      31
      22
      16
      29
      24
      24
      31
      34
      39
      34
      35
      37
      27
      23
      32
      33
      31
      28
      29
      31
      36
      50
      36
      47
      29
      28
      30
      31
      30
      33
      20
      23
      33
      33
      30
      21
      18
      26
      26
      20
      29
      28
      33
      27
      33
      32
      31
      30
      24
      17
      35
      31
      22
      26
      29
      32
      25
      30
      26
      29
      26
      21
      28
      30
      24
      24
      27
      27
      36
      24
      28
      30
      18
      14
      31
      15
      18
      33
      25
      34
      28
      28
      26
      28
      22
      35
      32
      25
      29
      25
      33
      27
      25
      19
      22
      36
      28
      17
      30
      20
      31
      22
      24
      33
      20
      22
      21
      21
      25
      28
      35
      25
      23
      29
      24
      28
      20
      28
      28
      33
      33
      22
      21
      24
      33
      22
      31
      25
      23
      30
      29
      26
      27
      25
      29
      24
      30
      19
      41
      25
      35
      27
      39
      17
      26
      23
      24
      23
      30
      35
      32
      30
      20
      24
      29
      28
      28
      35
      27
      24
      24
      19
      31
      29
      30
      31
      21
      30
      22
      25
      36
      37
      25
      32
      25
      22
      21
      26
      20
      26
      30
      22
      27
      30
      23
      23
      26
      25
      25
      23
      24
      20
      29
      19
      24
      22
      17
      22
      29
      20
      38
      26
      28
      22
      27
      31
      30
      24
      23
      27
      27
      30
      24
      34
      22
      26
      25
      18
      35
      26
      28
      22
      20
      22
      25
      33
      30
      28
      14
      25
      35
      22
      26
      19
      26
      19
      32
      22
      31
      38
      24
      27
      20
      28
      21
      25
      20
      27
      29
      29
      26
      20
      25
      22
      20
      35
      34
      25
      25
      24
      32
      27
      18
      22
      24
      34
      27
      34
      30
      25
      20
      28
      28
      20
      23
      25
      29
      32
      28
      28
      25
      28
      34
      30
      23
      29
      23
      25
      32
      29
      21
      30
      32
      33
      23
      33
      26
      24
      23
      16
      22
      33
      24
      29
      32
      23
      35
      26
      39
      29
      28
      35
      22
      30
      43
      28
      33
      32
      23
      20
      20
      20
      26
      35
      23
      29
      25
      25
      30
      21
      30
      35
      25
      33
      20
      33
      27
      30
      16
      19
      26
      22
      43
      27
      29
      32
      29
      20
      36
      23
      33
      29
      36
      30
      34
      14
      24
      26
      41
      24
      28
      37
      19
      24
      32
      26
      36
      36
      23
      24
      24
      31
      31
      40
      29
      27
      30
      30
      29
      27
      35
      26
      28
      18
      28
      30
      40
      30
      22
      33
      28
      30
      32
      35
      26
      33
      32
      29
      30
      36
      34
      33
      36
      27
      27
      43
      32
      31
      35
      35
      31
      34
      40
      33
      39
      26
      30
      24
      34
      34
      41
      46
      35
      29
      40
      43
      34
      33
      30
      31
      34
      34
      35
      46
      33
      40
      20
      38
      36
      45
      33
      36
      39
      28
      31
      42
      26
      31
      30
      27
      33
      34
      41
      30
      33
      37
      45
      49
      42
      25
      31
      40
      41
      28
      38
      35
      37
      36
      38
      41
      45
      45
      36
      39
      34
      35
      39
      27
      28
      26
      29
      30
      25
      35
      35
      30
      20
      36
      33
      27
      31
      24
      27
      18
      29
      34
      26
      30
      20
      26
      24
      30
      29
      23
      16
      20
      34
      35
      29
      31
      18
      36
      38
      28
      41
      32
      25
      30
      22
      30
      29
      26
      23
      25
      39
      34
      28
      24
      32
      37
      23
      26
      29
      31
      26
      23
      26
      37
      33
      34
      31
      26
      18
      30
      21
      28
      31
      27
      25
      19
      21
      32
      31
      20
      24
      29
      25
      19
      28
      37
      32
      19
      21
      19
      30
      26
      19
      20
      26
      31
      27
      22
      18
      24
      16
      35
      28
      30
      25
      26
      26
      24
      25
      31
      14
      27
      28
      19
      37
      24
      25
      34
      18
      28
      25
      27
      33
      33
      23
      29
      20
      25
      24
      33
      21
      28
      35
      20
      21
      27
      28
      27
      27
      35
      26
      19
      35
      35
      25
      26
      29
      21
      23
      27
      27
      34
      23
      32
      30
      22
      25
      24
      21
      21
      26
      16
      19
      15
      14
      27
      19
      13
      15
      16
      18
       7
      12
      15
      25
       8
      17
      13
      10
      16
      18
      15
      12
      12
      14
      15
      14
      14
      15
       7
      13
       9
      10
      17
      12
      12
      19
      20
      17
      13
      14
      12
      16
      12
      12
      12
       6
      14
      26
      64
     174
     387
     596
     581
     348
     121
      32
      17
      13
       7
      12
       9
      13
       5
       7
       6
      13
      12
      11
      12
      11
       9
       6
      12
      10
       7
       9
      10
       9
       5
       9
      10
      10
      10
       6
       8
       5
       9
       7
      11
       5
       7
       6
       4
       1
       8
       6
      10
       5
       4
       3
       8
       3
       5
       8
       7
       7
       7
       4
       9
      10
       6
       5
       4
       4
       2
       6
       6
       6
       9
       4
       4
       1
       0
       1
       2
       4
       4
       4
       3
       5
       5
       3
       2
       1
       6
       3
       1
       2
       4
       5
       4
       4
       1
       4
       3
       1
       7
       2
       3
       6
       3
       4
       5
       5
       1
       2
       2
       7
       7
       1
       3
       3
       7
       5
       5
       4
       2
       4
       4
       2
       2
       3
       5
       3
       4
       1
       5
       2
       2
      10
       3
       1
       2
       3
       5
       2
       2
       2
       1
       3
       4
       3
       4
       5
       4
       3
       7
       6
       5
       2
       2
       7
       2
       5
       5
       9
       9
      19
      63
     195
     389
     573
     528
     291
      83
      28
       8
       2
       3
       2
       1
       1
       3
       2
       1
       0
       2
       1
       1
       2
       0
       1
       2
       0
       0
       1
       0
       1
       1
       2
       4
       3
       0
       1
       0
       1
       0
       1
       3
       0
       1
       2
       2
       0
       0
       0
       0
       2
       1
       2
       1
       1
       2
       2
       0
       1
       1
       1
       2
       1
       1
       1
       0
       2
       2
       2
       2
       2
       1
       0
       2
       0
       3
       2
       0
       1
       1
       1
       3
       3
       0
       3
       0
       0
       1
       0
       2
       1
       0
       3
       0
       1
       4
       1
       0
       1
       0
       2
       2
       2
       2
       0
       3
       0
       0
       0
       1
       2
       1
       1
       2
       4
       0
       0
       1
       2
       0
       2
       0
       1
       2
       1
       4
       2
       1
       1
       0
       2
       4
       4
       6
       8
       3
       2
       1
       2
       0
       1
       1
       1
       1
       1
       1
       1
       1
       3
       0
       2
       0
       1
       0
       1
       2
       0
       3
       0
       1
       0
       2
       0
       0
       3
       0
       0
       3
       0
       0
       0
       1
       2
       0
       1
       0
       0
       0
       1
       1
       0
       3
       0
       3
       3
       0
       1
       0
       1
       0
       0
       1
       0
       2
       2
       3
       1
       0
       2
       1
       1
       1
       3
       0
       0
       0
       1
       1
       1
       2
       3
       1
       1
       2
       1
       1
       1
       0
       0
       1
       2
       2
       0
       1
       0
       1
       1
       0
       0
       0
       1
       2
       1
       0
       1
       3
       1
       0
       2
       0
       0
       1
       1
       0
       1
       0
       0
       0
       1
       0
       1
       1
       1
       3
       0
       0
       0
       0
       0
       0
       0
       0
       0
       0
       4
       0
       1
       0
       0
       1
       1
       0
       1
       0
       0
       0
       1
       0
       1
       0
       1
       0
       1
       1
       1
       0
       0
       0
       2
       1
       1
       0
       1
       1
       1
       1
       0
       0
       0
       2
       0
       1
       0
       1
       0
       2
       0
       2
       0
       2
       0
       0
       1
       0
       1
       1
       4
       1
       3
       3
       0
       1
       0
       0
       1
       0
       0
       1
       1
       0
       1
       3
       1
       1
       1
       2
       2
       0
       1
       0
       1
       2
       4
       1
       0
       2
       1
       0
       1
       0
       1
       1
       1
       1
       1
       0
       0
       0
       1
       0
       1
       1
       2
       1
       0
       1
       1
       0
       1
       0
       0
       1
       2
       1
       2
       0
       1
       1
       1
       0
       3
       0
       1
       4
       0
       2
       1
       0
       0
       0
       1
       1
       0
       1
       0
       0
       2
       0
       1
       1
       0
       0
       0
       0
       0
       1
       0
       1
       1
       1
       1
       1
       2
       0
       0
       0
       3
       0
       0
       2
       0
       0
       0
       1
       2
       0
       0
       0
       0
       0
       0
       1
       0
       1
       1
       0
       1
       0
       2
       1
       1
       0
       1
       0
       0
       0
       0
       0
       1
       0
       1
       0
       1
       0
       0
       0
       2
       0
       1
       1
       0
       0
       0
       1
       0
       1
       0
       1
       1
       0
       3
       1
       0
       2
       0
       0
       1
       0
       0
       0
       0
       0
       0
       0
       1
       1
       0
       0
       2
       1
       0
       0
       0
       1
       0
       0
       1
       2
       0
       1
       0
       0
       1
       0
       0
       2
       0
       0
       0
       0
       0
       0
       3
       0
       1
       2
       1
       1
       1
       0
       0
       0
       0
       0
       2
       0
       3
       2
       0
       0
       2
       0
       1
       2
       0
       0
       2
       0
       0
       2
       1
       0
       1
       0
       2
       0
       0
       2
       0
       1
       0
       1
       0
       1
       0
       1
       0
       0
       1
       1
       1
       0
       0
       0
       0
       0
       0
       0
       0
       0
       0
       0
       0
       1
       1
       0
       2
       0
       0
       2
       1
       0
       0
       0
       0
       0
       1
       0
       0
       0
       0
       1
       1
       1
       0
       0
       1
       0
       1
       1
       1
       1
       0
       0
       0
       0
       1
       1
       0
       1
       0
       0
       0
       0
       0
       0
       0
       1
       0
       1
       1
       0
       0
       0
       0
       0
       1
       0
       2
       0
       0
       0
       0
       1
       0
       0
       0
       0
       1
       0
       1
       0
       1
       0
       0
       1
       0
       0
       0
       0
       1
       0
       0
       0
       0
       0
       0
       1
       1
       0
       0
       0
       0
       2
       0
       0
       0
       0
       0
       0
       0
       0
       1
       1
       0
       0
       0
       2
       1
       0
       1
       1
       0
       0
       0
       0
       2
       0
       0
       0
       0
       0
       0
       2
       1
       0
       2
       0
       1
       0
       0
       0
       2
       1
       1
       0
       1
       0
       1
       0
       0
       0
       0
       0
       1
       0
       0
       0
       1
       0
       0
       0
       0
       0
       0
       0
       2
       0
       0
       0
       0
       0
       0
       0
       1
       0
       0
       0
       0
       0
       1
       2
       0
       1
       0
       0
       0
       0
       0
       1
       0
       0
       0
       0
       0
       0
       1
       0
       1
       0
       1
       0
       0
       0
       0
       0
       1
       1
       1
       0
       0
       0
       0
       0
       1
       1
       2
       1
       0
       0
       1
       0
       1
       0
       1
       0
       1
       0
       0
       1
       0
       0
       0
       0
       1
       2
       0
       0
       0
       1
       0
       0
       0
       1
       1
       0
       1
       1
       0
       0
       0
       0
       0
       0
       0
       1
       0
       0
       1
       0
       1
       0
       0
       0
       0
       0
       0
       0
       0
       1
       0
       0
       2
       1
       0
       1
       1
       0
       0
       0
       0
       0
       1
       1
       1
       0
       0
       1
       0
       0
       0
       0
       0
       0
       0
       1
       0
       0
       0
       0
       0
       0
       1
       0
       0
       0
       0
       0
       1
       1
       0
       0
       1
       0
       0
       0
       1
       0
       0
       1
       0
       1
       0
       0
       0
       0
       0
       0
       1
       1
       1
       0
       1
       0
       0
       1
       0
       0
       0
       0
       1
       0
       0
       1
       0
       0
       0
       1
       1
       0
       0
       0
       0
       1
       0
       1
       1
       0
       0
       1
       0
       2
       0
       1
       0
       0
       0
       0
       0
       0
       0
       0
       1
       0
       0
       0
       0
       0
       0
       0
       1
       0
       0
       0
       0
       0
       0
       1
       1
       0
       1
       0
       1
       0
       1
       1
       0
       0
       0
       0
       2
       0
       1
       0
       0
       1
       1
       0
       0
       1
       0
       0
       0
       0
       0
       0
       0
       0
       0
       0
       0
       0
       0
       0
       0
       1
       0
       0
       1
       1
       0
       0
       0
       0
       0
       0
       0
       1
       1
       0
       0
       0
       0
       0
       0
       0
       0
       0
       0
       0
       0
       0
       0
       0
       0
       0
       1
       0
       1
       1
       0
       0
       0
       0
       0
       0
       1
       1
       0
       0
       1
       0
       0
       0
       1
       0
       0
       0
       1
       2
       0
       0
       2
       1
       0
       0
       0
       0
       1
       0
       2
       0
       0
       0
       0
       0
       0
       0
       0
       0
       0
       0
       0
       0
       0
       0
       0
       0
       0
       0
       0
       1
       0
       0
       0
       0
       0
       1
       1
       0
       0
       0
       0
       1
       0
       0
       0
       0
       0
       0
       0
       0
       0
       1
       0
       0
       0
       1
       0
       0
       1
       0
       0
       0
       0
       1
       1
       1
       0
       0
       1
       0
       0
       1
       0
       2
       0
       0
       0
       0
       0
       0
       0
       1
       1
       0
       0
       0
       0
       0
       1
       1
       0
       1
       0
       1
       0
       0
       0
       0
       0
       0
       0
       1
       1
       1
       1
       0
       0
       0
       0
       0
       1
       0
       0
       1
       1
       0
       0
       0
       0
       0
       1
       0
       0
       0
       0
       0
       0
       0
       0
       0
       0
       0
       0
       0
       0
       0
       0
       0
       2
       1
       3
       1
       1
       0
       0
       0
       0
       0
       0
       1
       0
       0
       0
       0
       0
       0
       0
       0
       0
       0
       0
       0
       0
       0
       0
       0
       0
       0
       0
       0
       0
       0
       0
       0
       0
       0
       0
       1
       0
       0
       0
       0
       0
       0
       0
       0
       0
       1
       0
       0
       0
       0
       0
       0
       0
       0
       0
       0
       0
       0
       0
       0
       0
       1
       1
       0
       0
       0
       0
       0
       0
       0
       1
       0
       2
       1
       0
       0
       0
       0
       0
       0
       1
       0
       0
       0
       1
       0
       0
       0
       0
       0
       0
       0
       0
       0
       0
       0
       0
       1
       0
       0
       0
       0
       0
       1
       0
       2
       1
       1
       1
       0
       3
       0
       1
       1
       0
       0
       0
       0
       0
       0
       0
       0
       0
       0
       1
       0
       0
       1
       0
       2
       0
       0
       0
       0
       0
       0
       0
       0
       0
       0
       0
       1
       0
       0
       1
       0
       0
       0
       0
       0
       0
       0
       0
       0
       0
       0
       1
       1
       0
       0
       0
       0
       0
       0
       0
       0
       0
       0
       0
       0
       0
       0
       0
       0
       0
       0
       0
       0
       0
       0
       0
       0
       1
       0
       0
       0
       0
       1
       0
       0
       0
       0
       0
       0
       0
       0
       0
       0
       0
       0
       1
       0
       0
       0
       0
       0
       0
       0
       0
       0
       0
       0
       1
       0
       0
       0
       0
       0
       0
       0
       0
       1
       0
       0
       0
       0
       0
       1
       0
       0
       0
       0
       0
       0
       1
       0
       0
       0
       1
       1
       0
       0
       0
       0
       0
       0
       0
       0
       0
       1
       1
       0
       0
       0
       0
       0
       0
       0
       0
       0
       1
       0
       1
       0
       0
       0
       0
       0
       0
       0
       0
       0
       0
       0
       0
       0
       0
       0
       0
       0
       0
       0
       0
       0
       0
       0
       0
       0
       0
       0
       0
       0
       0
       1
       0
       0
       0
       0
       0
       0
       0
       0
       0
       0
       0
       0
       1
       0
       0
       0
       0
       0
       1
       0
       0
       0
       0
       0
       1
       0
       0
       0
       1
       0
       0
       0
       0
       1
       1
       0
       0
       0
       0
       0
       0
       0
       0
       0
       0
       0
       0
       1
       0
       0
       0
       0
       0
       1
       0
       0
       0
       0
       0
       0
       0
       0
       1
       0
       0
       0
       0
       0
       0
       0
       0
       0
       1
       0
       0
       0
       1
       1
       0
       0
       0
       0
       0
       1
       0
       1
       0
       0
       0
       0
       0
       0
       0
       0
       1
       0
       0
       0
       0
       0
       0
       0
       0
       0
       0
       0
       0
       0
       0
       0
       0
       0
       0
       0
       0
       1
       1
       0
       0
       0
       0
       1
       0
       0
       0
       0
       0
       0
       0
       0
       0
       0
       0
       0
       0
       0
       0
       0
       0
       0
       0
       0
       0
       1
       0
       0
       0
       0
       0
       0
       0
       1
       0
       0
       0
       0
       0
       0
       0
       1
       0
       0
       0
       0
       0
       0
       1
       0
       0
       0
       0
       0
       1
       0
       0
       0
       0
       0
       0
       0
       0
       1
       0
       0
       0
       1
       0
       0
       0
       0
       0
       0
       0
       0
       0
       1
       1
       0
       0
       0
       0
       0
       0
       0
       0
       0
       0
       0
       1
       0
       0
       0
       0
       0
       0
       0
       0
       0
       0
       1
       0
       0
       0
       1
       0
       1
       0
       0
       0
       0
       0
       0
       0
       0
       0
       0
       0
       0
       0
       0
       0
       0
       0
       0
       0
       0
       0
       0
       0
       0
       0
       0
       1
       0
       0
       0
       0
       1
       0
       0
       0
       0
       0
       0
       0
       0
       0
       0
       0
       0
       0
       0
       0
       0
       0
       1
       0
       0
       0
       0
       0
       0
       0
       0
       1
       1
       0
       0
       0
       0
       0
       0
       0
       0
       0
       0
       0
       0
       0
       0
       0
       0
       0
       0
       0
       0
       0
       1
       0
       0
       0
       0
       0
       0
       0
       0
       0
       0
       0
       0
       0
       0
       0
       0
       0
       0
       1
       0
       1
       0
       0
       0
       1
       0
       0
       0
       0
       0
       0
       0
       0
       0
       0
       0
       0
       0
       0
       1
       0
       0
       0
       0
       0
       0
       0
       0
       0
       0
       0
       0
       0
       0
       1
       0
       0
       0
       0
       0
       0
       0
       0
       0
       0
       0
       0
       0
       0
       0
       0
       0
       0
       1
       0
       0
       0
       0
       1
       0
       1
       0
       0
       0
       0
       0
       0
       0
       0
       0
       0
       0
       0
       0
       0
       0
       0
       0
       0
       0
       0
       0
       0
       0
       1
       0
       0
       1
       1
       0
       1
       0
       0
       0
       0
       0
       0
       0
       0
       0
       1
       0
       0
       0
       0
       1
       0
       0
       0
       0
       0
       0
       0
       0
       0
       0
       0
       0
       0
       1
       0
       0
       0
       0
       0
       0
       0
       0
       0
       0
       1
       0
       0
       0
       0
       0
       0
       0
       0
       0
       0
       0
       0
       0
       0
       0
       0
       0
       0
       0
       0
       0
       0
       0
       0
       0
       0
       0
       0
       1
       0
       0
       0
       0
       0
       0
       0
       0
       0
       0
       0
       0
       1
       0
       1
       0
       0
       0
       0
       0
       0
       0
       0
       0
       0
       0
       0
       1
       1
       0
       0
       1
       0
       0
       0
       0
       0
       0
       0
       0
       0
       0
       0
       0
       0
       1
       1
       0
       0
       0
       1
       1
       0
       1
       0
       0
       2
       0
       0
       0
       0
       0
       0
       0
       0
       1
       0
       0
       0
       0
       0
       0
       0
       0
       0
       1
       0
       0
       0
       0
       0
       0
       0
       0
       0
       0
       0
       0
       0
       0
       0
       0
       0
       0
       0
       0
       0
       1
       0
       0
       0
       0
       0
       0
       0
       0
       0
       1
       0
       0
       0
       0
       0
       0
       0
       0
       0
       0
       0
       0
       0
       0
       0
       1
       0
       0
       0
       0
       0
       0
       0
       0
       0
       0
       0
       0
       0
       0
       0
       0
       0
       0
       0
       0
       0
       0
       0
       0
       1
       0
       0
       0
       0
       0
       0
       0
       0
       0
       0
       0
       0
       0
       0
       0
       0
       0
       0
       0
       0
       0
       0
       0
       0
       0
       0
       0
       1
       0
       0
       0
       0
       0
       0
       0
       0
       0
       0
       0
       0
       0
       0
       0
       0
       0
       1
       0
       0
       0
       0
       0
       0
       0
       0
       0
       0
       1
       0
       0
       0
       1
       1
       0
       0
       1
       0
       0
       0
       0
       0
       0
       0
       0
       0
       0
       0
       0
       0
       0
       1
       0
       0
       0
       0
       0
       0
       0
       1
       0
       0
       0
       0
       1
       0
       0
       0
       0
       0
       0
       0
       0
       0
       0
       0
       0
       0
       0
       0
       0
       0
       0
       0
       1
       0
       0
       0
       0
       0
       0
       0
       1
       1
       0
       0
       0
       1
       0
       0
       0
       0
       0
       0
       0
       0
       0
       0
       0
       0
       0
       0
       0
       0
       0
       0
       0
       0
       0
       1
       0
       0
       0
       0
       0
       0
       0
       0
       0
       0
       0
       0
       0
       2
       0
       0
       1
       0
       0
       0
       0
       0
       0
       0
       1
       0
       0
       0
       0
       0
       0
       0
       0
       0
       0
       1
       0
       0
       0
       1
       0
       0
       1
       0
       0
       0
       0
       0
       0
       0
       0
       0
       0
       0
       0
       0
       0
       0
       0
       0
       1
       0
       0
       0
       0
       0
       0
       0
       0
       2
       0
       0
       0
       1
       0
       0
       1
       1
       0
       0
       0
       1
       0
       0
       0
       0
       0
       0
       0
       0
       0
       0
       2
       0
       0
       0
       0
       0
       0
       0
       0
       0
       0
       0
       0
       0
       0
       0
       0
       0
       1
       0
       0
       0
       0
       0
       0
       0
       0
       0
       0
       0
       0
       0
       0
       0
       0
       0
       0
       0
       0
       0
       0
       0
       0
       0
       0
       0
       0
       0
       0
       0
       0
       0
       0
       0
       0
       0
       0
       0
       0
       0
       0
       1
       1
       0
       0
       0
       0
       0
       1
       0
       0
       0
       0
       0
       0
       0
       0
       0
       0
       0
       0
       0
       0
       0
       0
       0
       1
       0
       0
       0
       0
       0
       0
       0
       0
       0
       0
       0
       0
       0
       0
       0
       0
       0
       0
       0
       0
       0
       0
       0
       0
       0
       0
       0
       0
       0
       0
       0
       0
       0
       0
       0
       0
       0
       0
       0
       0
       0
       1
       0
       0
       0
       0
       1
       0
       0
       0
       0
       0
       0
       0
       0
       0
       0
       0
       0
       0
       0
       0
       0
       0
       0
       0
       1
       0
       0
       0
       0
       0
       1
       0
       0
       0
       0
       0
       0
       0
       0
       0
       0
       0
       0
       0
       0
       0
       0
       0
       0
       0
       0
       0
       0
       0
       0
       0
       1
       0
       0
       0
       0
       0
       0
       1
       0
       0
       0
       0
       0
       0
       0
       0
       0
       0
       0
       0
       0
       0
       0
       0
       0
       0
       0
       1
       0
       0
       0
       0
       0
       0
       0
       0
       0
       0
       0
       1
       0
       0
       0
       0
       0
       1
       0
       0
       0
       0
       0
       0
       0
       0
       0
       0
       0
       1
       0
       0
       0
       0
       0
       0
       0
       0
       0
       0
       0
       0
       0
       0
       0
       0
       0
       0
       0
       0
       0
       0
       0
       0
       0
       0
       0
       0
       0
       0
       0
       0
       0
       0
       0
       0
       0
       0
       0
       0
       0
       0
       0
       0
       0
       0
       0
       0
       0
       0
       0
       0
       0
       0
       0
       0
       0
       0
       0
       0
       0
       0
       0
       0
       0
       0
       0
       0
       0
       0
       0
       0
       0
       0
       0
       0
       0
       0
       0
       0
       0
       0
       0
       0
       0
       0
       0
       0
       0
       0
       0
       0
       0
       0
       0
       0
       0
       0
       0
       0
       0
       0
       0
       0
       0
       0
       0
       0
       0
       0
       0
       0
       0
       0
       0
       0
       0
       0
       0
       0
       0
       0
       0
       0
       0
       0
       0
       0
       0
       0
       0
       0
       0
       0
       0
       0
       0
       0
       0
       0
       0
       0
       0
       0
       0
       0
       0
       0
       0
       0
       0
       0
       0
       0
       0
       0
       0
       0
       0
       0
       0
       0
       0
       0
$ROI:
0
$PRESETS:
None
0
0
$ENER_FIT:
0.000000 0.000000
$MCA_CAL:
3
0.000000E+000 0.000000E+000 0.000000E+000 
$SHAPE_CAL:
3
0.000000E+000 0.000000E+000 0.000000E+000
