$SPEC_ID:
No sample description was entered.
$SPEC_REM:
DET# 1
DETDESC# SCE-SOPA-00035 MCB 133
AP# Maestro Version 7.01
$DATE_MEA:
11/11/2019 16:43:52
$MEAS_TIM:
82702 82704
$DATA:
0 4095
       0
       0
       0
       0
       0
       0
       0
       0
       0
       1
       0
       0
       0
       1
       1
       1
       0
       0
       0
       1
       1
       1
       6
       3
       7
      11
      66
     198
      80
     109
     396
     372
     408
     402
     386
     412
     384
     420
     418
     430
     378
     427
     361
     362
     394
     462
     598
     705
     568
     435
     381
     388
     391
     439
     457
     460
     385
     364
     361
     374
     359
     390
     533
     702
     743
     574
     431
     379
     391
     386
     400
     405
     394
     408
     427
     406
     439
     414
     434
     442
     377
     421
     406
     368
     426
     433
     406
     385
     418
     391
     446
     497
     717
     975
     853
     632
     388
     365
     393
     400
     422
     402
     421
     389
     405
     398
     393
     425
     423
     438
     471
     433
     438
     454
     454
     416
     422
     420
     444
     401
     395
     451
     446
     429
     404
     419
     422
     407
     427
     424
     417
     447
     455
     451
     372
     411
     423
     436
     384
     369
     420
     457
     429
     385
     479
     451
     370
     446
     420
     393
     393
     367
     423
     406
     401
     408
     401
     428
     406
     405
     391
     382
     410
     363
     415
     415
     388
     406
     370
     393
     348
     397
     354
     383
     376
     359
     392
     385
     343
     372
     335
     345
     352
     337
     348
     411
     514
     605
     448
     373
     323
     324
     342
     330
     334
     340
     352
     355
     307
     318
     365
     328
     312
     333
     334
     318
     348
     328
     307
     320
     334
     314
     326
     271
     310
     302
     298
     272
     284
     295
     304
     300
     314
     307
     302
     288
     277
     293
     306
     311
     276
     313
     288
     243
     261
     254
     274
     289
     302
     320
     351
     317
     313
     269
     238
     295
     260
     268
     243
     246
     234
     232
     213
     249
     252
     245
     230
     235
     237
     254
     241
     249
     250
     238
     218
     231
     231
     218
     218
     208
     213
     228
     225
     188
     196
     197
     234
     213
     238
     218
     195
     201
     197
     204
     252
     236
     200
     198
     213
     207
     195
     197
     206
     216
     185
     204
     209
     188
     182
     199
     204
     203
     205
     188
     176
     187
     178
     191
     172
     181
     163
     178
     189
     152
     176
     170
     183
     190
     199
     182
     166
     153
     155
     163
     191
     187
     149
     170
     189
     190
     178
     186
     193
     188
     163
     184
     164
     159
     159
     177
     169
     175
     157
     154
     164
     164
     165
     138
     159
     138
     158
     164
     168
     146
     159
     156
     134
     150
     138
     132
     153
     136
     135
     151
     139
     145
     147
     138
     147
     140
     136
     114
     141
     132
     136
     145
     122
     152
     121
     142
     150
     133
     131
     125
     142
     143
     140
     137
     136
     134
     125
     123
     128
     114
     114
     116
     120
     118
     136
     122
     124
     127
     116
     154
     144
     119
     121
     124
     112
     123
     138
     135
     109
     131
     132
     124
     137
     125
     106
     107
     111
     126
     122
     133
      99
      91
     120
     113
     118
     100
     100
     120
     110
     124
     108
     110
     114
     105
     101
     113
     117
     112
     116
     102
     122
      92
     102
     114
      98
     114
      89
     117
     135
     107
     127
     118
     132
      89
      93
     107
      97
     101
     111
     109
     103
     104
     107
     118
     119
     107
     105
     105
      95
     105
      98
     121
      91
      87
      98
     108
      93
     108
      86
     110
      94
      93
     101
     106
      87
      99
      92
     105
      82
     112
      89
     107
      96
      84
     113
      93
      93
     100
     109
      97
     101
      93
      78
     103
      85
     101
     134
     200
     305
     363
     343
     241
     177
     120
     103
      87
      95
      80
     103
      95
      79
      99
      93
      90
      87
      92
      69
      76
      97
      86
      88
      76
      71
      98
      86
      87
      74
      80
      93
      95
      77
      98
      92
      87
      83
      88
      83
      87
      70
      77
      73
      64
      98
      90
      86
      83
      69
      62
      64
      62
      84
      79
      89
      87
      85
      87
      88
      70
      93
      91
      87
      93
      79
      72
      75
      86
      98
      97
      81
      93
      86
      75
     106
      98
      77
      91
      98
      80
      74
      78
      75
      87
      77
      86
      81
      95
      90
      91
      78
      87
      77
      85
      87
      78
      82
      96
      89
     103
      90
      76
      74
      74
      76
      68
      72
      89
      69
      74
      78
      65
      62
      95
      81
      67
      66
      76
      67
      60
      57
      55
      84
      72
      67
      83
      66
      68
      77
      70
      63
      79
      77
      60
      84
      71
      68
      84
      74
      75
      67
      71
      77
      67
      48
      80
      63
      68
      61
      74
      58
      64
      92
      83
      61
      69
      55
      64
      65
      70
      60
      75
      78
      63
      65
      58
      60
      58
      59
      77
      61
      66
      71
      49
      68
      76
      63
      53
      55
      73
      59
      62
      59
      76
      69
      66
      82
      84
      72
      83
      69
      78
      64
      68
      80
      59
      74
      69
      70
      61
      51
      73
      58
      74
      73
      59
      56
      56
      56
      59
      61
      68
      64
      59
      73
      62
      65
      69
      62
      64
      64
      60
      60
      52
      60
      55
      57
      69
      65
      68
      66
      62
      55
      54
      48
      54
      70
      64
      62
      58
      67
      56
      64
      46
      56
      62
      55
      53
      53
      62
      55
      50
      65
      59
      51
      61
      48
      65
      75
      58
      53
      72
      43
      57
      51
      57
      59
      59
      56
      63
      52
      57
      57
      49
      53
      51
      66
      60
      46
      59
      61
      49
      64
      45
      58
      56
      56
      62
      55
      62
      57
      53
      56
      61
      45
      51
      49
      62
      59
      44
      54
      65
      53
      60
      54
      56
      41
      51
      46
      61
      62
      49
      55
      62
      47
      51
      52
      49
      53
      41
      41
      46
      46
      61
      56
      50
      47
      56
      39
      54
      61
      46
      52
      56
      58
      53
      51
      53
      48
      41
      43
      48
      45
      42
      44
      36
      67
      47
      47
      47
      60
      61
      64
      43
      48
      47
      48
      49
      53
      37
      48
      43
      45
      47
      44
      46
      39
      58
      53
      44
      52
      41
      50
      48
      52
      48
      52
      51
      45
      57
      47
      35
      45
      34
      51
      36
      45
      49
      49
      52
      58
      46
      41
      50
      44
      46
      59
      42
      43
      42
      43
      51
      62
      67
      66
      37
      42
      40
      46
      47
      57
      53
      39
      56
      35
      37
      35
      48
      56
      47
      45
      38
      37
      46
      38
      46
      41
      40
      35
      35
      44
      43
      43
      39
      35
      40
      48
      47
      55
      49
      54
      40
      42
      34
      31
      46
      31
      34
      36
      37
      45
      35
      46
      46
      74
      54
      54
      32
      47
      38
      53
      48
      46
      52
      38
      49
      43
      33
      43
      40
      41
      52
      27
      37
      30
      24
      35
      32
      38
      44
      43
      33
      31
      49
      38
      48
      38
      43
      41
      36
      41
      42
      50
      49
      48
      47
      34
      32
      43
      33
      29
      39
      27
      37
      41
      32
      34
      41
      46
      48
      39
      39
      47
      53
      52
      46
      36
      44
      37
      34
      45
      32
      40
      47
      32
      36
      41
      28
      37
      41
      43
      30
      53
      39
      34
      43
      33
      30
      31
      31
      39
      51
      34
      26
      35
      36
      35
      35
      42
      38
      42
      24
      36
      37
      26
      36
      34
      27
      42
      27
      35
      36
      34
      31
      31
      42
      44
      41
      30
      31
      35
      38
      25
      40
      32
      28
      32
      34
      44
      32
      30
      37
      40
      33
      26
      30
      34
      40
      37
      42
      32
      30
      35
      22
      37
      36
      32
      31
      35
      37
      24
      38
      27
      42
      38
      38
      40
      39
      35
      34
      31
      47
      38
      38
      30
      27
      29
      27
      46
      27
      33
      30
      39
      36
      33
      27
      41
      26
      42
      27
      46
      34
      34
      33
      34
      28
      31
      33
      25
      34
      25
      30
      32
      30
      34
      37
      36
      41
      17
      31
      37
      29
      38
      39
      30
      30
      33
      28
      20
      25
      33
      33
      34
      27
      32
      39
      22
      28
      33
      33
      31
      33
      26
      34
      23
      37
      47
      29
      26
      33
      35
      30
      26
      24
      24
      34
      29
      33
      20
      21
      33
      41
      21
      30
      28
      22
      33
      37
      27
      34
      22
      38
      43
      24
      25
      32
      32
      41
      22
      28
      26
      27
      32
      21
      33
      38
      32
      34
      29
      25
      36
      34
      21
      43
      27
      25
      32
      33
      30
      27
      23
      36
      25
      38
      27
      27
      24
      26
      32
      26
      43
      26
      29
      28
      26
      23
      28
      30
      24
      25
      25
      25
      21
      24
      32
      26
      29
      21
      28
      16
      29
      29
      25
      28
      35
      38
      30
      27
      20
      21
      21
      14
      19
      29
      23
      30
      23
      33
      27
      22
      25
      19
      20
      23
      27
      29
      21
      30
      34
      25
      21
      27
      18
      25
      32
      32
      26
      20
      31
      19
      21
      29
      16
      24
      14
      18
      30
      28
      22
      20
      27
      38
      23
      26
      22
      16
      25
      26
      23
      26
      21
      19
      34
      21
      14
      23
      24
      18
      22
      29
      17
      18
      20
      14
      17
      26
      14
      25
      18
      24
      22
      18
      35
      23
      29
      19
      21
      15
      25
      19
      12
      25
      13
      21
      25
      26
      22
      16
      26
      15
      14
      33
      23
      21
      24
      23
      27
      19
      22
      22
      23
      31
      24
      21
      27
      19
      17
      19
      24
      23
      19
      12
      24
      22
      18
      21
      22
      23
      24
      18
      16
      24
      20
      24
      23
      21
      21
      20
      21
      22
      20
      21
      27
      14
      14
      28
      32
      20
      20
      17
      17
      17
      19
      19
      12
      21
      22
      14
      22
      22
      15
      17
      12
      13
      19
      17
      17
      13
      17
      20
      18
      34
      20
      19
      18
       9
      21
      26
      13
      23
      15
      15
      21
      27
      17
      18
      11
      13
      12
      15
      24
      32
      56
      89
     118
      99
      65
      42
      18
      14
      14
      15
      16
      17
      20
      22
      14
      18
      24
       9
      13
      24
      15
      15
      21
      16
      11
      18
      17
      11
      21
      19
      14
      22
      15
      17
      14
      17
      10
      16
      14
      19
      13
      14
      22
      12
      10
      11
      16
      21
      15
      11
      16
      16
      17
      20
      17
      14
      16
      14
      16
      20
      13
      16
      20
      10
      19
       7
      10
       9
      17
      13
      25
      15
      18
      19
      22
      19
      13
      20
      14
      14
      14
      11
      13
      21
      18
      18
      19
      16
      21
      14
      16
      16
      24
      13
      18
      15
       9
      18
      17
      25
      17
      17
      20
      16
       9
      15
      10
      15
      11
      14
      21
      12
      23
      20
      14
      14
      19
      17
      12
      11
      11
      15
      18
      13
      19
      15
      18
      16
      14
      16
      17
      20
      19
      15
      18
      15
      14
      18
       9
      14
      11
      15
      15
      12
      14
       9
       7
      15
      15
      18
      13
      12
      11
      11
       3
      14
       9
       7
      13
       9
      13
      18
      19
      17
      16
      15
      13
      22
      15
      14
      15
      11
      19
      15
       9
      13
       8
      16
      10
      11
       9
      16
      19
       8
      11
      14
      12
      12
      15
       9
      12
      10
      12
      14
      13
      14
      11
      13
       7
      15
       9
      16
      19
       9
      14
       6
      15
      10
      12
      10
       9
      10
      14
      11
      17
      14
      14
       6
       8
       9
       7
      15
      16
       7
       7
       9
      15
      10
      18
      10
      11
      18
      12
      10
      12
      12
      11
       8
      22
       6
      13
       8
      10
      11
      17
       8
      10
      10
      19
      10
       9
      14
      11
      16
      11
      13
      22
       8
       7
      10
      16
       9
      12
       5
       7
       9
       8
       6
      14
      13
       8
       8
      12
      16
       4
      12
      12
      10
      10
      12
      13
      13
      17
      14
       8
      14
      13
       9
      12
      12
       9
      16
      16
      12
      13
       6
       8
       5
       8
      15
      10
      11
       8
       7
      14
      16
      20
      21
      25
      17
      10
       9
       5
      14
      14
      13
       7
      13
      10
      10
       8
      15
      19
       4
       7
       6
      11
      10
       7
       8
       6
      14
       2
       9
      14
      11
      12
      11
      12
      16
      13
       9
       9
      10
       7
      12
       8
      16
      12
       9
      13
       8
      12
       8
       9
       8
       9
       7
      16
      13
      13
      13
       3
      14
      16
      11
      11
      13
      14
      10
      14
       8
      14
       7
      11
       9
       7
      14
       5
      17
      10
       7
      13
      14
      10
      10
      10
       9
       7
      11
       5
      12
       8
       7
       8
       5
       8
       8
      13
       9
      12
      10
       4
       7
      12
       8
      13
      11
       9
       7
      10
       9
      18
      10
      14
       8
      13
       7
      12
       8
       8
       8
       5
       6
      11
      14
       8
       9
       7
       9
       7
      12
       7
       5
      12
       5
       7
       5
       6
       6
       8
      10
      14
      10
       5
       7
      10
       7
      10
      13
       5
       6
       5
      14
       4
       9
      11
       9
       9
       8
       9
       9
       7
       2
       5
       7
       7
       5
       5
       3
      13
       5
       3
      12
       8
       6
       9
      10
      13
       3
       6
      10
      14
      14
      12
      11
       9
       2
       3
       4
       9
      12
      11
       8
       7
      11
       9
       8
       7
       9
       7
      13
       7
      11
       7
      10
      12
      10
       8
       6
       9
       6
      10
      12
       6
       8
      10
       9
       4
       4
      12
       9
       6
       8
       8
      11
      11
       5
       4
       9
       7
       8
       6
       6
      11
      17
       8
       7
      11
       2
       5
      15
       7
       9
       6
       7
       7
       7
       4
       8
       8
       8
       6
       7
       7
       9
       7
      14
       7
      12
       6
       8
       6
       7
       7
       7
       4
       7
      11
      11
       6
       6
      11
       7
       8
       6
       7
      12
       4
       2
       7
       8
       9
       7
       5
       6
       4
       5
       4
       8
       7
       9
       6
      10
       6
       7
      10
       3
       8
       3
       6
       6
      11
       6
       5
       6
      13
       7
       4
       7
      11
       7
       4
       8
       7
       9
       3
       2
       5
       6
       5
       6
       8
       4
       6
       9
       4
       6
      12
       6
       9
       6
       7
       7
       7
       9
       6
       8
       4
       7
       5
       8
       6
      12
      11
       7
      10
       9
      13
      10
       9
       7
      10
       8
       5
       4
       4
      10
      12
      10
      14
       3
       9
       5
       8
       7
       9
       6
       1
       7
       5
       9
       9
       5
       7
       8
       8
       7
       8
      10
       4
       5
       6
       4
       6
       6
       8
      10
      11
       8
       4
       5
       9
       5
      12
       5
      11
      10
      10
       7
       6
       7
       2
       6
       5
      10
       7
       6
       5
       9
       5
       3
      10
       5
       3
       6
      10
       3
       7
       8
       7
       5
       7
       5
       7
       6
       9
       8
       6
       6
       4
       8
       4
       6
       6
       4
       4
      11
       7
       3
       6
      10
       6
       8
       4
       6
       9
      10
       8
      12
       7
       8
       3
      11
      10
       9
       8
       4
       8
      12
       6
       8
       5
       6
       4
       6
       8
       8
       5
      13
       4
       4
       3
       9
       9
       4
       4
       5
       4
       5
       4
       6
       5
       2
       3
       6
       6
       6
       9
       4
       5
       6
       5
       6
       2
       4
       4
       7
       7
       7
       5
       4
       9
      10
       5
       3
       6
       6
       6
       6
       5
       6
       6
       4
       4
       7
       6
       6
       7
       3
       6
       7
       9
       7
       6
       5
       6
       7
       3
       8
       7
       5
       8
      10
       5
       4
       5
      10
       4
       4
       3
      10
       4
       7
       6
       5
       6
      10
       8
       6
       5
       4
       3
       5
       3
       2
      11
       6
       6
       5
       7
       6
       1
      12
       5
       7
       3
      10
       7
       6
       5
       7
       6
       6
      10
      12
       6
       4
       7
       7
       9
      11
       5
       1
       8
       3
       7
       7
       4
       5
       5
       6
       8
       5
       9
       7
       8
       4
       3
       4
       4
       7
       2
       7
       6
       6
       5
       7
       8
       8
       9
       9
       5
       8
       1
       6
       2
       9
       6
       7
       3
       3
       7
       7
       4
       3
       9
       6
       4
       9
       3
       4
       3
       7
       3
       7
       9
       3
       4
       7
       2
       2
       4
       6
       6
       3
       4
       4
       2
      10
       8
       2
      10
       6
       7
       6
       6
       5
       2
       3
       5
       8
       2
       6
       8
       3
      12
       4
       4
       4
       5
       2
       9
       3
       5
      12
       7
       9
       3
       9
       5
       7
       4
       7
       4
       6
      11
       5
       5
       7
       4
       5
       8
       6
      10
       7
       4
       6
       8
       8
       1
      10
       6
       7
       1
       3
       5
       1
       4
       5
       2
       6
       7
       5
       8
       3
       5
       8
       6
       4
       6
       7
       5
       2
       9
       5
       6
       2
       6
       6
       6
       6
       5
       6
       5
       4
       5
       5
       3
       7
       4
       3
       5
       2
       7
       5
       6
       3
       6
       6
       4
       4
       7
       1
       4
       4
       6
       3
       3
       2
       8
       4
       7
       5
       3
       5
       7
       4
       3
       3
       2
       2
      13
       4
       5
       6
       3
       5
       7
       7
      10
       3
       6
       4
       7
       5
       7
       4
       4
       5
       5
       0
       2
       5
       2
       4
       7
       5
       5
       4
       4
       5
       2
       2
       3
       4
       6
       4
       4
       7
       5
       6
       3
       5
       2
       2
       4
       6
       5
       3
       2
       4
       8
       4
       4
       2
       9
       2
       1
       3
       3
       4
       2
       4
       3
       2
       4
       3
       5
       4
       3
       3
       8
       3
       4
       3
       1
       5
       7
       4
       1
       2
       4
       5
       7
       7
      11
      22
      18
      36
      30
      39
      17
       7
       8
       5
       5
       7
       3
       5
       6
       3
       3
       6
       3
       0
       5
       3
       2
       3
       4
       0
       4
       4
       5
       0
       4
       4
       4
       7
       2
       2
       1
       6
       2
       2
       5
       7
       4
       2
       3
       6
       3
       3
       5
       4
       4
       2
       3
       5
       0
       4
       6
       5
       2
       6
       3
       3
       2
       5
       7
       1
       5
       1
       4
       2
       6
       2
       2
       3
       3
       1
       3
       2
       3
       4
       7
       2
       1
       1
       3
       2
       3
       3
       6
       3
       3
       3
       2
       4
       1
       3
       5
       3
       8
       3
       3
       3
       4
       1
       4
       1
       4
       2
       2
       6
       2
       3
       6
       7
       5
       6
       4
       3
       4
       5
       6
       3
       0
       2
       3
       5
       3
       5
       6
       1
       1
       6
       1
       3
       4
       1
       7
       3
       1
       1
       4
       0
       5
       7
       4
       5
       7
       7
       3
       4
       3
       1
       2
       3
       2
       2
       3
       4
       1
       2
       2
       7
       6
       4
       2
       2
       2
       2
       3
       1
       4
       3
       5
       3
       5
       4
       2
       3
       4
       5
       4
       4
       3
       3
       5
       6
       4
       5
       1
       1
       2
       4
       3
       4
       5
       4
       3
       6
       4
       3
       4
       4
       4
       5
       6
       3
       4
       6
       1
       3
       4
       3
       8
       2
       2
       6
       4
       6
       4
       3
       2
       4
       2
       7
       3
       4
       0
       4
       1
       1
       2
       1
       4
       7
       1
       4
       4
       5
       5
       3
       2
       5
       6
       2
       5
       7
       0
       0
       1
       5
       3
       1
       1
       3
       3
       2
       2
       0
       5
       4
       4
       5
       3
       5
       1
       4
       1
       5
       3
       5
       2
       6
       2
       5
       5
       2
       1
       0
       6
       3
       0
       3
       2
       0
       6
       3
       2
       3
       3
       3
       2
       6
       3
       3
       1
       3
       2
       3
       4
       1
       1
       2
       2
       3
       9
       3
       4
       4
       2
       4
       4
       6
       2
       3
       4
       2
       2
       3
       2
       4
       0
       4
       3
       5
       2
       3
       5
       4
       3
       3
       2
       4
       1
       4
       2
       3
       3
       2
       4
       0
       1
       3
       3
       2
       4
       2
       1
       5
       4
       7
       7
       4
       2
       3
       5
       3
       2
       5
       1
       2
       3
       4
       2
       4
       6
       2
       1
       2
       3
       1
       4
       3
       3
       2
       3
       2
       6
       1
       5
       5
       2
       1
       5
       1
       5
       5
       3
       0
       3
       2
       7
       3
       2
       2
       5
       6
       4
       3
       3
       3
       2
       6
       4
       2
       3
       2
       2
       1
       5
       5
       1
       2
       0
       6
       3
       4
       5
       4
       3
       2
       3
       2
       5
       2
       5
       3
       3
       5
       3
       4
       7
       2
       2
       3
       7
       1
       6
       2
       4
       7
       3
       1
       4
       8
       0
       1
       0
       5
       4
       2
       5
       3
       3
       2
       5
       3
       2
       4
       3
       1
       2
       4
       4
       2
       3
       1
       2
       4
       3
       5
       4
       6
       5
       2
       5
       5
       4
       1
       2
       6
       0
       4
       3
       3
       2
       4
       2
       2
       1
       4
       4
       2
       4
       3
       2
       2
       3
       3
       2
       2
       3
       1
       3
       0
       3
       4
       6
       2
       6
       1
       0
       2
       3
       1
       7
       7
       5
       5
       3
       2
       4
       1
       4
       2
       5
       7
       0
       3
       3
       4
       4
       4
       5
       3
       3
       2
       2
       2
       1
       0
       1
       2
       2
       3
       2
       4
       4
       3
       0
       2
       1
       3
       5
       4
       2
       4
       4
       1
       1
       2
       1
       3
       1
       4
       3
       2
       2
       5
       3
       4
       2
       0
       1
       4
       1
       1
       4
       1
       1
       4
       3
       6
       2
       1
       0
       8
       5
       6
       2
       6
       4
       2
       0
       4
       0
       3
       5
       1
       3
       5
       3
       3
       2
       0
       2
       4
       1
       2
       5
       2
       2
       2
       5
       5
       4
       3
       4
       7
       2
       3
       2
       3
       1
       2
       3
       3
       7
       3
       2
       4
       4
       0
       1
       2
       2
       2
       6
       3
       1
       2
       2
       1
       2
       3
       3
       2
       3
       3
       3
       4
       2
       3
       1
       2
       3
       1
       3
       3
       3
       2
       1
       3
       4
       3
       3
       2
       3
       4
       3
       4
       3
       2
       3
       2
       3
       1
       1
       5
       1
       2
       4
       2
       4
       2
       6
       2
       1
       2
       4
       2
       1
       3
       3
       1
       3
       2
       4
       4
       2
       1
       4
       1
       3
      10
       5
       2
       0
       4
       1
       5
       3
       1
       1
       3
       2
       2
       4
       6
       1
       4
       2
       0
       2
       2
       1
       1
       2
       2
       3
       4
       2
       3
       5
       3
       4
       3
       2
       4
       3
       2
       1
       3
       3
       3
       2
       3
       3
       4
       1
       0
       1
       0
       3
       4
       5
       1
       1
       4
       3
       1
       3
       2
       4
       5
       2
       0
       1
       1
       1
       2
       6
       2
       3
       1
       1
       2
       1
       3
       6
       1
       5
       3
       2
       1
       1
       3
       1
       1
       5
       1
       2
       4
       2
       3
       0
       2
       2
       3
       2
       2
       1
       3
       4
       3
       4
       5
       4
       4
       3
       1
       2
       2
       4
       3
       2
       3
       2
       2
       6
       2
       4
       1
       2
       2
       9
       4
       2
       1
       2
       4
       4
       3
       2
       3
       1
       0
       2
       3
       1
       0
       1
       2
       5
       3
       1
       3
       2
       3
       2
       1
       2
       3
       3
       3
       3
       4
       3
       4
       2
       3
       1
       1
       2
       3
       1
       3
       1
       3
       0
       3
       3
       2
       1
       1
       2
       1
       2
       4
       5
       3
       2
       3
       0
       0
       0
       2
       3
       4
       6
       2
       1
       3
       1
       4
       3
       4
       5
       0
       0
       2
       4
       3
       2
       2
       1
       1
       0
       0
       3
       3
       2
       1
       3
       0
       2
       4
       0
       3
       1
       2
       5
       2
       4
       3
       2
       0
       2
       0
       2
       2
       4
       1
       2
       2
       0
       5
       2
       1
       2
       1
       3
       2
       2
       0
       4
       2
       1
       3
       4
       1
       0
       4
       3
       2
       2
       2
       3
       3
       3
       1
       4
       2
       1
       2
       1
       2
       1
       4
       3
       1
       6
       2
       1
       2
       2
       2
       4
       3
       3
       2
       1
       2
       2
       1
       1
       3
       2
       6
       5
       3
       2
       3
       1
       0
       3
       2
       3
       3
       1
       0
       6
       4
       1
       1
       5
       4
       3
       1
       2
       1
       3
       4
       2
       1
       1
       4
       1
       3
       6
       0
       1
       0
       0
       4
       2
       2
       3
       2
       3
       0
       1
       3
       1
       3
       5
       3
       0
       1
       0
       0
       1
       3
       3
       4
       1
       1
       4
       3
       2
       1
       0
       0
       1
       2
       3
       3
       0
       0
       4
       0
       2
       3
       2
       6
       2
       4
       3
       2
       2
       7
       1
       0
       3
       1
       3
       2
       3
       3
       3
       2
       1
       1
       1
       1
       1
       4
       4
       1
       2
       0
       4
       0
       1
       2
       1
       1
       5
       0
       2
       4
       3
       3
       2
       2
       5
       2
       6
       5
       2
       4
       3
       5
       2
       0
       1
       1
       2
       1
       2
       1
       3
       5
       2
       4
       2
       2
       3
       2
       0
       2
       2
       3
       1
       3
       1
       1
       4
       6
       3
       0
       1
       2
       3
       2
       4
       0
       1
       2
       2
       2
       3
       2
       2
       0
       1
       1
       0
       0
       1
       3
       1
       3
       3
       1
       5
       1
       3
       2
       2
       2
       0
       3
       2
       1
       2
       2
       2
       1
       0
       1
       0
       0
       1
       1
       2
       4
       4
       5
       0
       3
       1
       4
       5
       5
       1
       3
       1
       1
       3
       0
       0
       2
       1
       5
       3
       0
       2
       1
       7
       3
       2
       1
       1
       3
       5
       3
       0
       6
       6
       4
       2
       4
       1
       2
       4
       2
       0
       3
       2
       1
       0
       4
       0
       4
       2
       1
       5
       3
       1
       0
       0
       3
       1
       1
       5
       0
       1
       1
       2
       2
       1
       4
       0
       2
       2
       1
       3
       2
       2
       2
       2
       1
       2
       3
       2
       2
       3
       0
       2
       1
       0
       3
       3
       0
       4
       2
       4
       2
       1
       2
       2
       0
       0
       5
       2
       2
       5
       1
       1
       4
       5
       4
       4
       2
       3
       3
       2
       4
       3
       2
       1
       1
       1
       1
       3
       3
       2
       3
       1
       2
       1
       3
       0
       1
       4
       3
       0
       0
       3
       1
       1
       0
       0
       0
       0
       0
       0
       0
       0
       0
       0
       0
       0
       0
       0
       0
       0
       0
       0
       0
       0
       0
       0
       0
       0
       0
       0
       0
       0
       0
       0
       0
       0
       0
       0
       0
       0
       0
       0
       0
       0
       0
       0
       0
       0
       0
       0
       0
       0
       0
       0
       0
       0
       0
       0
       0
       0
       0
       0
       0
       0
       0
       0
       0
       0
       0
       0
       0
       0
       0
       0
       0
       0
       0
       0
       0
       0
       0
       0
       0
       0
       0
       0
       0
       0
       0
       0
       0
       0
       0
       0
       0
       0
       0
       0
       0
       0
       0
       0
       0
       0
       0
       0
       0
       0
       0
       0
       0
       0
       0
       0
       0
       0
       0
       0
       0
       0
       0
       0
       0
       0
       0
       0
       0
       0
       0
       0
       0
       0
       0
       0
       0
       0
       0
       0
       0
       0
       0
       0
       0
       0
       0
       0
       0
       0
       0
       0
       0
       0
       0
       0
       0
       0
       0
       0
       0
$ROI:
0
$PRESETS:
None
0
0
$ENER_FIT:
0.000000 0.000000
$MCA_CAL:
3
0.000000E+000 0.000000E+000 0.000000E+000 
$SHAPE_CAL:
3
0.000000E+000 0.000000E+000 0.000000E+000
