$SPEC_ID:
No sample description was entered.
$SPEC_REM:
DET# 1
DETDESC# SCE-SOPA-00035 MCB 133
AP# Maestro Version 7.01
$DATE_MEA:
11/13/2019 15:08:37
$MEAS_TIM:
3463 3463
$DATA:
0 4095
       0
       0
       0
       0
       0
       0
       0
       0
       0
       0
       0
       0
       0
       0
       0
       0
       0
       0
       0
       0
       0
       0
       0
       1
       0
       1
       3
      18
       9
      15
      67
      72
      61
      73
      72
      94
      86
      82
      84
      70
      73
      65
      79
      80
      89
     102
      90
      77
      87
      78
      59
      63
      92
      79
      90
      82
      74
      81
     100
      79
      94
      89
      86
      98
      99
     107
      77
      75
      77
      84
      86
      75
      83
      82
      75
      86
      73
      94
      99
      93
      82
      86
      92
      72
      89
      75
     112
      88
      93
      88
      89
     103
      96
     125
     121
     115
      87
      96
     110
      97
     109
     107
     104
      91
     109
     110
      95
     101
     103
     114
     102
     110
      89
      98
     111
      93
      98
      85
     101
      98
     114
     108
     107
     108
     130
      87
     117
     100
     124
     113
     109
     125
     103
      93
     105
     130
     111
     113
     123
     136
     111
     116
     110
     134
     110
     117
     128
      98
      99
     109
     101
      93
     113
     110
     103
     113
     110
      94
      96
      96
     103
     104
     116
     113
     101
     108
      98
     105
     121
      87
     108
      99
     102
      97
     117
      89
      95
      96
     100
     110
      99
     100
     105
      97
     103
     124
      93
     116
     103
     112
     103
      96
     112
     109
      76
      99
     100
     113
     100
      94
     106
      93
      99
     101
     104
     100
      95
      93
     118
     102
     103
     118
     107
     142
     112
     120
     119
     137
     112
     117
     124
     106
     116
     118
     115
     103
     107
      99
     116
     105
     100
      95
     111
     107
     108
      84
     100
      89
      78
     124
     108
     100
      92
      87
      77
      99
      93
      99
      89
      80
      95
      84
      98
      85
      89
      82
      89
      86
      74
      70
      92
      83
      86
      61
      95
      81
      69
      79
      81
      86
      75
      58
      57
      62
      83
      62
      73
      65
      73
      73
      67
      77
      47
      59
      71
      63
      61
      62
      61
      67
      57
      57
      52
      55
      50
      67
      66
      63
      58
      53
      58
      63
      66
      55
      64
      60
      56
      45
      45
      58
      47
      54
      68
      52
      57
      45
      58
      51
      44
      45
      57
      64
      58
      48
      65
      59
      44
      49
      54
      46
      55
      34
      53
      44
      51
      49
      56
      43
      49
      44
      69
      33
      45
      36
      34
      47
      53
      47
      46
      52
      37
      58
      41
      48
      50
      50
      55
      47
      49
      61
      47
      45
      51
      50
      43
      55
      46
      53
      45
      47
      42
      24
      48
      41
      40
      55
      37
      44
      35
      37
      40
      40
      36
      42
      44
      54
      44
      40
      41
      42
      44
      51
      48
      34
      45
      48
      44
      50
      41
      45
      40
      36
      42
      38
      53
      35
      32
      28
      42
      43
      48
      40
      40
      39
      37
      46
      35
      31
      36
      29
      42
      50
      33
      37
      35
      33
      52
      48
      45
      38
      40
      44
      33
      39
      41
      42
      29
      40
      39
      48
      32
      40
      38
      29
      37
      33
      38
      29
      39
      27
      33
      44
      33
      38
      34
      36
      36
      38
      35
      33
      37
      42
      30
      49
      40
      31
      29
      45
      32
      40
      34
      28
      44
      42
      33
      38
      40
      34
      40
      30
      39
      31
      41
      29
      35
      34
      44
      26
      47
      31
      32
      32
      30
      39
      33
      38
      36
      32
      34
      28
      43
      31
      36
      30
      28
      43
      29
      27
      30
      49
      37
      36
      56
      50
      40
      50
      46
      37
      40
      37
      20
      27
      35
      39
      32
      37
      30
      33
      38
      35
      36
      33
      42
      43
      36
      40
      28
      33
      27
      30
      33
      35
      27
      26
      34
      27
      25
      38
      34
      27
      32
      46
      38
      38
      30
      27
      25
      30
      28
      32
      28
      35
      30
      25
      38
      34
      35
      26
      30
      33
      34
      49
      37
      29
      31
      29
      40
      28
      43
      37
      29
      29
      36
      28
      29
      43
      39
      33
      26
      26
      28
      36
      30
      19
      31
      33
      36
      34
      32
      26
      26
      39
      42
      38
      49
      34
      22
      37
      37
      25
      36
      29
      38
      43
      38
      32
      32
      26
      25
      28
      32
      33
      30
      32
      27
      30
      43
      26
      34
      33
      23
      36
      37
      53
      33
      32
      34
      24
      27
      23
      38
      25
      32
      33
      34
      27
      28
      39
      26
      30
      33
      21
      27
      42
      32
      35
      45
      33
      39
      22
      29
      35
      29
      31
      30
      31
      36
      30
      35
      38
      34
      40
      28
      25
      28
      29
      25
      34
      40
      30
      37
      33
      31
      42
      35
      28
      31
      38
      28
      39
      33
      32
      26
      35
      32
      41
      35
      35
      35
      33
      28
      31
      29
      30
      35
      37
      30
      28
      29
      33
      27
      37
      26
      32
      33
      28
      30
      29
      48
      37
      24
      28
      28
      33
      30
      37
      30
      29
      40
      32
      38
      36
      42
      27
      37
      29
      33
      24
      38
      36
      24
      41
      40
      33
      26
      33
      40
      38
      45
      36
      30
      38
      41
      32
      28
      38
      40
      40
      30
      26
      28
      34
      29
      25
      24
      27
      40
      37
      29
      28
      26
      36
      46
      36
      30
      26
      43
      35
      39
      33
      36
      33
      43
      30
      28
      29
      33
      31
      28
      27
      33
      32
      39
      37
      31
      27
      28
      42
      42
      33
      39
      38
      29
      34
      38
      37
      32
      32
      35
      36
      52
      32
      32
      54
      34
      29
      35
      47
      30
      43
      44
      24
      26
      37
      34
      32
      56
      41
      36
      31
      34
      38
      42
      41
      48
      37
      35
      45
      34
      48
      34
      41
      34
      32
      35
      42
      43
      33
      30
      40
      42
      41
      39
      40
      41
      43
      49
      48
      37
      44
      25
      49
      35
      44
      46
      49
      35
      42
      38
      39
      36
      46
      41
      53
      35
      37
      36
      54
      47
      34
      27
      43
      43
      36
      41
      35
      50
      37
      40
      28
      45
      42
      51
      45
      42
      47
      38
      40
      46
      40
      40
      48
      37
      36
      40
      39
      50
      49
      36
      43
      53
      48
      51
      38
      42
      37
      48
      47
      51
      50
      48
      50
      38
      42
      38
      36
      48
      44
      47
      37
      54
      36
      51
      51
      52
      56
      56
      45
      38
      55
      44
      39
      36
      46
      47
      52
      52
      50
      42
      44
      50
      41
      53
      49
      57
      45
      48
      62
      54
      46
      48
      37
      59
      62
      59
      60
      44
      50
      54
      55
      50
      42
      42
      53
      21
      39
      41
      42
      34
      43
      32
      38
      44
      39
      41
      38
      29
      48
      26
      33
      51
      42
      30
      36
      52
      32
      47
      48
      34
      41
      34
      44
      40
      38
      36
      48
      30
      43
      36
      39
      35
      37
      36
      44
      31
      33
      33
      37
      46
      42
      22
      48
      28
      42
      25
      40
      43
      35
      34
      37
      35
      33
      41
      25
      35
      44
      28
      41
      35
      26
      35
      32
      36
      25
      35
      34
      39
      31
      25
      34
      33
      35
      38
      30
      42
      34
      28
      31
      34
      34
      30
      43
      36
      32
      27
      45
      40
      22
      28
      22
      40
      24
      33
      31
      42
      29
      34
      32
      40
      31
      34
      27
      29
      32
      35
      31
      26
      39
      24
      34
      31
      33
      28
      27
      28
      48
      32
      27
      28
      28
      30
      48
      40
      33
      37
      37
      43
      30
      34
      40
      35
      39
      33
      33
      29
      30
      23
      25
      36
      30
      27
      31
      36
      30
      36
      27
      30
      19
      26
      13
      15
      21
      29
      17
      26
       8
      18
      20
      25
      14
      25
      20
      15
      30
      17
      22
      33
      26
      20
      23
      15
      15
      16
      15
      15
      19
      22
      17
      20
      25
      24
      16
      21
      17
      12
      17
      19
      17
      21
      20
      21
      20
      15
      26
      36
     107
     308
     625
     818
     726
     339
     109
      27
      16
       9
      12
      17
      15
      12
      14
      11
      12
      10
       7
       8
      10
       8
      17
      12
      10
      12
      13
       7
      12
      12
       5
      10
       7
       4
      11
      11
       7
       8
       8
       5
      14
       7
       3
       5
       7
      10
       7
      12
      12
       3
       8
      12
       5
      11
       4
       7
       3
       6
       8
       4
       9
       5
      13
       5
       6
       7
       7
      10
       7
       7
       5
       3
       3
       6
      10
       4
       4
       9
       3
       5
       6
       5
       7
       7
       5
       4
       9
       3
       6
       4
       6
       4
       7
       1
       4
       6
       2
       5
       4
       7
       7
       4
       6
       4
       2
       8
       7
       4
       2
       8
       4
      12
       5
       1
       6
       4
       2
       6
       6
      11
       5
       6
       2
       4
       4
       3
       2
       5
       4
       7
       5
       4
       2
       3
       6
       4
       4
       4
       6
       7
       5
       9
       6
       3
       7
       2
       5
       3
       6
       4
       6
       8
       6
       9
       8
       5
       8
       9
      15
      44
     115
     329
     586
     718
     545
     245
      82
       6
       6
       3
       1
       2
       3
       3
       1
       2
       2
       3
       1
       2
       3
       1
       0
       2
       0
       0
       1
       1
       0
       1
       2
       1
       0
       0
       2
       0
       3
       0
       0
       4
       0
       0
       1
       0
       0
       1
       1
       4
       3
       0
       0
       0
       4
       1
       2
       2
       2
       0
       1
       0
       0
       5
       2
       0
       2
       2
       1
       4
       3
       2
       1
       1
       1
       0
       1
       2
       1
       2
       3
       1
       2
       3
       0
       0
       3
       1
       2
       1
       0
       0
       0
       0
       0
       2
       0
       2
       1
       1
       1
       0
       0
       3
       1
       0
       0
       1
       0
       3
       1
       2
       1
       1
       1
       1
       0
       3
       1
       2
       1
       2
       0
       2
       1
       1
       1
       0
       0
       3
       2
       3
       4
       4
       6
       4
       4
       3
       0
       2
       2
       3
       0
       2
       0
       1
       4
       0
       2
       1
       4
       1
       0
       1
       1
       1
       1
       0
       2
       0
       2
       0
       2
       2
       1
       2
       2
       2
       1
       2
       1
       2
       1
       1
       2
       0
       1
       0
       2
       2
       0
       1
       1
       2
       0
       2
       0
       3
       1
       1
       2
       0
       2
       1
       1
       0
       0
       1
       0
       2
       1
       0
       2
       1
       0
       2
       1
       0
       0
       0
       0
       2
       3
       0
       2
       0
       2
       2
       2
       2
       2
       0
       1
       0
       0
       1
       2
       0
       0
       4
       1
       0
       0
       1
       1
       3
       1
       1
       1
       1
       1
       2
       1
       1
       1
       0
       0
       1
       2
       2
       1
       0
       1
       1
       1
       0
       0
       0
       1
       1
       0
       2
       2
       1
       1
       1
       0
       0
       0
       0
       0
       3
       0
       0
       1
       2
       0
       1
       0
       1
       0
       0
       0
       1
       2
       1
       0
       1
       0
       0
       1
       1
       1
       0
       2
       2
       0
       4
       0
       1
       2
       3
       0
       1
       0
       1
       1
       1
       0
       0
       1
       3
       3
       1
       2
       0
       2
       0
       1
       1
       1
       1
       3
       1
       1
       1
       1
       0
       1
       0
       2
       1
       0
       0
       0
       1
       2
       1
       0
       3
       0
       0
       1
       1
       0
       0
       0
       0
       1
       2
       1
       0
       3
       0
       1
       1
       1
       0
       0
       0
       0
       2
       2
       0
       2
       1
       0
       0
       2
       1
       0
       0
       0
       1
       0
       0
       0
       1
       1
       2
       0
       1
       1
       0
       1
       0
       1
       0
       0
       1
       0
       0
       0
       1
       0
       0
       0
       0
       0
       1
       1
       0
       1
       0
       1
       1
       3
       1
       0
       2
       0
       0
       1
       1
       0
       0
       1
       2
       0
       1
       0
       2
       0
       2
       0
       0
       0
       0
       0
       2
       0
       1
       3
       1
       0
       0
       2
       2
       0
       1
       0
       0
       0
       0
       1
       0
       1
       2
       1
       0
       1
       0
       1
       0
       1
       0
       0
       0
       1
       0
       0
       0
       0
       1
       1
       1
       1
       1
       0
       0
       1
       0
       1
       0
       0
       1
       2
       0
       0
       0
       0
       1
       0
       1
       0
       0
       0
       0
       0
       0
       1
       0
       1
       0
       1
       0
       0
       1
       0
       0
       0
       1
       1
       3
       0
       2
       1
       1
       0
       1
       0
       0
       0
       1
       0
       0
       0
       0
       0
       0
       1
       0
       1
       1
       1
       0
       2
       0
       1
       0
       0
       0
       0
       0
       1
       1
       1
       0
       1
       0
       2
       0
       0
       1
       2
       0
       1
       1
       0
       2
       1
       0
       0
       0
       0
       0
       0
       0
       0
       0
       0
       0
       0
       0
       0
       0
       1
       1
       3
       1
       0
       0
       1
       0
       0
       0
       0
       1
       1
       0
       3
       2
       0
       0
       3
       1
       0
       1
       0
       2
       0
       0
       2
       1
       1
       1
       0
       0
       2
       1
       1
       0
       1
       0
       1
       2
       0
       0
       0
       1
       0
       1
       1
       0
       1
       0
       0
       0
       1
       1
       0
       1
       0
       0
       0
       2
       0
       1
       0
       0
       1
       1
       0
       2
       1
       1
       0
       1
       0
       0
       0
       0
       0
       0
       1
       0
       1
       0
       0
       1
       0
       0
       1
       0
       0
       2
       0
       1
       1
       0
       1
       0
       0
       0
       2
       2
       0
       0
       0
       1
       2
       2
       0
       0
       0
       1
       1
       0
       0
       0
       0
       1
       0
       1
       0
       0
       1
       0
       0
       1
       1
       1
       1
       2
       1
       0
       1
       1
       0
       2
       0
       0
       0
       0
       0
       0
       0
       0
       0
       1
       0
       2
       0
       1
       0
       0
       0
       1
       0
       0
       0
       1
       1
       2
       1
       1
       1
       1
       1
       0
       0
       0
       2
       1
       0
       1
       0
       0
       0
       1
       0
       1
       0
       0
       0
       1
       0
       1
       1
       0
       1
       0
       1
       1
       1
       2
       2
       0
       0
       0
       2
       1
       0
       0
       0
       0
       0
       1
       1
       1
       2
       0
       1
       0
       1
       0
       0
       0
       0
       0
       0
       0
       0
       0
       0
       0
       0
       1
       0
       0
       0
       1
       3
       0
       2
       0
       0
       0
       0
       1
       0
       1
       2
       1
       0
       0
       0
       0
       0
       1
       0
       2
       0
       0
       0
       1
       2
       1
       0
       0
       1
       0
       1
       0
       2
       0
       0
       3
       2
       1
       2
       0
       0
       0
       0
       0
       1
       1
       1
       0
       0
       0
       0
       1
       1
       0
       0
       0
       1
       0
       1
       0
       0
       1
       0
       1
       0
       1
       1
       1
       2
       0
       0
       0
       0
       0
       1
       1
       1
       0
       0
       0
       0
       3
       1
       0
       0
       1
       2
       1
       1
       0
       1
       0
       0
       0
       1
       0
       1
       1
       0
       1
       1
       0
       1
       0
       1
       0
       0
       0
       0
       1
       1
       0
       0
       1
       0
       1
       0
       2
       0
       0
       0
       1
       1
       0
       0
       0
       2
       0
       0
       0
       1
       0
       0
       1
       0
       1
       1
       0
       2
       0
       0
       1
       0
       0
       0
       1
       0
       1
       0
       1
       0
       0
       1
       0
       0
       0
       2
       0
       1
       0
       0
       0
       1
       0
       0
       1
       4
       0
       4
       1
       1
       0
       1
       0
       3
       1
       0
       0
       1
       0
       0
       0
       0
       2
       0
       0
       1
       1
       0
       2
       0
       0
       0
       1
       0
       0
       0
       0
       1
       1
       0
       0
       0
       1
       0
       0
       0
       0
       0
       1
       0
       0
       0
       0
       0
       0
       1
       0
       0
       0
       0
       1
       0
       0
       1
       0
       1
       0
       0
       0
       0
       0
       0
       0
       4
       0
       2
       1
       1
       1
       0
       0
       1
       0
       1
       1
       0
       0
       0
       0
       0
       1
       0
       0
       0
       0
       0
       1
       2
       0
       0
       0
       0
       0
       0
       1
       0
       0
       1
       0
       0
       0
       0
       0
       0
       0
       2
       0
       1
       1
       2
       0
       0
       0
       0
       0
       0
       2
       0
       0
       0
       0
       0
       0
       0
       0
       0
       0
       0
       2
       0
       1
       0
       0
       0
       0
       1
       0
       1
       1
       0
       0
       0
       0
       0
       0
       0
       0
       1
       0
       1
       0
       1
       1
       1
       1
       0
       0
       0
       0
       1
       0
       0
       0
       0
       0
       0
       0
       0
       0
       0
       0
       1
       0
       1
       0
       1
       0
       0
       0
       1
       0
       0
       0
       0
       0
       0
       0
       0
       0
       1
       0
       0
       0
       0
       0
       0
       0
       0
       0
       0
       1
       0
       0
       0
       0
       0
       0
       0
       0
       0
       0
       2
       1
       0
       0
       0
       2
       2
       2
       2
       3
       0
       0
       0
       0
       0
       0
       0
       0
       0
       0
       0
       0
       0
       0
       0
       0
       0
       1
       0
       0
       0
       0
       0
       0
       0
       0
       0
       0
       0
       0
       0
       0
       0
       0
       0
       0
       0
       0
       1
       0
       0
       0
       0
       0
       0
       0
       0
       0
       0
       0
       0
       1
       0
       1
       0
       0
       0
       0
       0
       0
       0
       1
       0
       1
       0
       0
       0
       1
       0
       0
       0
       0
       0
       0
       0
       0
       0
       0
       0
       0
       0
       0
       1
       0
       0
       0
       0
       0
       0
       0
       1
       0
       0
       0
       0
       1
       0
       0
       0
       0
       0
       0
       1
       0
       2
       1
       2
       2
       2
       1
       2
       1
       0
       0
       0
       0
       0
       0
       0
       0
       0
       1
       0
       0
       0
       0
       1
       0
       0
       0
       0
       0
       0
       0
       0
       0
       0
       2
       0
       0
       0
       0
       0
       0
       0
       0
       0
       0
       0
       0
       0
       0
       0
       0
       1
       0
       0
       1
       0
       0
       0
       0
       1
       0
       0
       0
       0
       0
       0
       0
       0
       0
       0
       0
       0
       1
       0
       0
       0
       1
       0
       1
       0
       0
       0
       0
       0
       0
       0
       0
       1
       0
       0
       0
       0
       0
       1
       1
       0
       0
       0
       0
       0
       0
       0
       0
       0
       2
       0
       0
       0
       0
       0
       0
       0
       0
       1
       0
       0
       0
       0
       0
       0
       0
       0
       0
       0
       0
       0
       0
       0
       0
       0
       0
       0
       0
       0
       0
       0
       0
       1
       0
       0
       0
       0
       0
       0
       0
       0
       0
       0
       0
       0
       0
       0
       0
       0
       0
       0
       0
       0
       0
       0
       0
       0
       0
       0
       0
       0
       0
       1
       0
       0
       0
       0
       0
       0
       1
       0
       0
       0
       0
       0
       0
       0
       1
       0
       1
       1
       0
       0
       0
       0
       0
       0
       2
       0
       0
       0
       0
       1
       1
       0
       0
       1
       0
       0
       0
       0
       0
       1
       0
       1
       0
       0
       0
       0
       1
       0
       0
       0
       0
       0
       0
       0
       0
       0
       1
       0
       0
       0
       0
       0
       0
       0
       0
       0
       0
       0
       0
       0
       0
       0
       0
       0
       1
       0
       0
       0
       0
       0
       0
       0
       0
       0
       0
       0
       0
       0
       0
       0
       0
       0
       0
       0
       0
       0
       0
       0
       0
       0
       0
       0
       0
       0
       0
       0
       0
       0
       0
       0
       0
       0
       0
       0
       1
       0
       0
       0
       0
       0
       0
       0
       1
       0
       0
       1
       0
       0
       0
       1
       0
       0
       0
       0
       0
       0
       0
       0
       0
       1
       0
       0
       0
       0
       0
       0
       0
       0
       0
       1
       1
       0
       0
       0
       0
       0
       1
       0
       0
       0
       0
       0
       0
       0
       0
       0
       0
       0
       0
       0
       2
       0
       0
       0
       0
       0
       0
       0
       0
       0
       0
       0
       0
       0
       0
       0
       0
       0
       0
       0
       0
       0
       0
       0
       0
       1
       0
       1
       0
       0
       1
       0
       0
       0
       0
       0
       1
       0
       0
       0
       0
       0
       1
       0
       0
       0
       0
       0
       0
       0
       0
       0
       0
       0
       0
       0
       0
       0
       0
       0
       1
       0
       0
       0
       0
       0
       0
       0
       1
       0
       0
       0
       0
       0
       0
       0
       0
       0
       0
       0
       0
       1
       0
       0
       0
       0
       0
       0
       0
       0
       0
       0
       1
       0
       0
       0
       0
       0
       0
       0
       0
       0
       0
       0
       0
       0
       0
       1
       0
       1
       0
       0
       0
       0
       0
       1
       0
       0
       0
       0
       0
       0
       0
       0
       0
       0
       0
       0
       1
       0
       0
       0
       1
       0
       0
       0
       0
       0
       0
       0
       0
       0
       0
       0
       1
       1
       0
       0
       0
       0
       0
       0
       0
       0
       0
       0
       0
       0
       0
       0
       0
       0
       0
       0
       0
       0
       0
       0
       0
       0
       0
       0
       0
       0
       1
       0
       0
       0
       0
       0
       0
       0
       0
       0
       1
       0
       0
       0
       0
       0
       0
       0
       0
       0
       0
       0
       0
       0
       0
       0
       0
       0
       0
       0
       0
       0
       1
       0
       0
       0
       0
       0
       2
       0
       0
       0
       0
       0
       0
       0
       0
       0
       1
       0
       0
       0
       0
       0
       0
       0
       0
       0
       1
       0
       0
       1
       0
       0
       0
       0
       0
       0
       1
       1
       0
       0
       0
       0
       1
       0
       1
       0
       0
       0
       0
       1
       0
       0
       0
       0
       0
       0
       0
       0
       1
       0
       0
       0
       0
       0
       0
       0
       0
       0
       0
       0
       0
       1
       0
       0
       0
       0
       0
       0
       0
       0
       0
       0
       0
       1
       0
       0
       1
       0
       1
       0
       0
       0
       0
       0
       0
       0
       0
       0
       0
       0
       0
       0
       0
       0
       0
       0
       1
       0
       0
       0
       0
       0
       0
       0
       0
       0
       1
       0
       0
       0
       1
       0
       0
       0
       0
       1
       0
       0
       0
       0
       0
       0
       0
       0
       0
       0
       0
       0
       0
       0
       0
       0
       0
       0
       0
       0
       1
       0
       0
       0
       0
       0
       0
       0
       0
       0
       0
       0
       1
       0
       0
       0
       0
       0
       0
       1
       0
       0
       0
       0
       1
       0
       0
       0
       0
       0
       0
       0
       0
       1
       0
       0
       0
       0
       0
       0
       0
       0
       0
       0
       0
       1
       0
       0
       0
       0
       0
       0
       0
       0
       0
       0
       0
       1
       0
       0
       0
       1
       0
       0
       0
       0
       1
       0
       0
       0
       0
       0
       0
       0
       0
       0
       0
       0
       0
       0
       0
       0
       0
       0
       0
       0
       0
       0
       0
       0
       0
       0
       0
       0
       1
       0
       0
       0
       1
       0
       0
       0
       0
       0
       0
       0
       0
       0
       0
       0
       0
       0
       0
       0
       0
       0
       0
       1
       0
       0
       0
       0
       0
       0
       0
       0
       0
       0
       0
       0
       0
       0
       0
       0
       0
       0
       0
       0
       2
       0
       0
       0
       0
       0
       0
       0
       0
       0
       0
       0
       0
       0
       0
       0
       1
       0
       0
       0
       0
       0
       0
       0
       0
       0
       0
       0
       0
       0
       0
       0
       0
       0
       0
       0
       0
       0
       0
       0
       0
       2
       2
       0
       1
       0
       0
       1
       0
       0
       0
       0
       0
       0
       0
       0
       0
       0
       0
       0
       0
       0
       0
       0
       0
       0
       0
       0
       0
       0
       0
       0
       0
       0
       0
       0
       1
       0
       0
       0
       0
       0
       0
       0
       0
       0
       0
       0
       0
       0
       0
       0
       0
       0
       0
       0
       0
       0
       0
       0
       0
       0
       0
       0
       1
       0
       0
       0
       0
       0
       0
       0
       0
       0
       0
       0
       0
       0
       0
       0
       1
       0
       0
       0
       0
       0
       1
       0
       0
       0
       0
       0
       0
       1
       0
       0
       0
       0
       0
       0
       0
       0
       0
       1
       0
       0
       0
       0
       0
       0
       0
       0
       0
       0
       0
       0
       0
       0
       0
       0
       0
       0
       0
       0
       0
       0
       0
       0
       0
       1
       1
       0
       0
       0
       0
       0
       0
       0
       0
       0
       0
       0
       0
       0
       1
       0
       1
       0
       0
       0
       0
       0
       0
       0
       1
       0
       0
       0
       1
       0
       0
       1
       0
       0
       0
       0
       0
       0
       0
       0
       0
       0
       0
       0
       0
       0
       0
       0
       0
       0
       0
       1
       0
       1
       0
       0
       0
       0
       0
       0
       1
       0
       0
       0
       1
       0
       0
       0
       0
       0
       0
       0
       0
       0
       2
       0
       0
       0
       0
       0
       0
       0
       0
       0
       0
       0
       0
       0
       0
       1
       0
       0
       0
       0
       0
       0
       0
       0
       0
       0
       1
       0
       0
       0
       0
       0
       0
       0
       0
       0
       1
       0
       1
       0
       0
       0
       0
       0
       0
       1
       0
       0
       0
       0
       0
       0
       1
       0
       0
       0
       0
       0
       0
       0
       0
       0
       0
       1
       0
       1
       0
       0
       0
       0
       0
       0
       0
       0
       0
       0
       0
       0
       0
       0
       0
       0
       0
       0
       0
       0
       0
       0
       0
       1
       0
       1
       0
       0
       0
       0
       0
       0
       0
       0
       0
       1
       0
       0
       0
       0
       0
       0
       0
       0
       0
       0
       1
       0
       0
       0
       0
       0
       0
       0
       0
       0
       0
       0
       0
       0
       0
       0
       0
       0
       0
       0
       0
       0
       0
       0
       0
       0
       0
       0
       0
       0
       0
       0
       0
       0
       0
       0
       0
       0
       0
       0
       0
       0
       0
       0
       0
       0
       0
       0
       0
       0
       0
       0
       0
       1
       0
       0
       0
       0
       0
       0
       0
       0
       0
       0
       0
       0
       1
       0
       0
       1
       0
       0
       0
       0
       0
       0
       0
       0
       0
       0
       0
       0
       1
       0
       0
       0
       0
       0
       0
       0
       0
       0
       0
       0
       0
       0
       0
       0
       0
       0
       0
       1
       0
       0
       0
       0
       1
       0
       0
       0
       0
       0
       0
       0
       0
       0
       0
       0
       0
       0
       0
       0
       0
       0
       0
       0
       0
       0
       0
       0
       0
       0
       0
       0
       0
       0
       0
       0
       0
       0
       0
       0
       0
       0
       0
       0
       0
       0
       0
       0
       0
       0
       0
       0
       0
       0
       0
       0
       0
       0
       0
       0
       0
       0
       0
       0
       0
       0
       0
       0
       0
       0
       0
       0
       0
       0
       0
       0
       0
       0
       0
       0
       0
       0
       0
       0
       0
       0
       0
       0
       0
       0
       0
       0
       0
       0
       0
       0
       0
       0
       0
       0
       0
       0
       0
       0
       0
       0
       0
       0
       0
       0
       0
       0
       0
       0
       0
       0
       0
       0
       0
       0
       0
       0
       0
       0
       0
       0
       0
       0
       0
       0
       0
       0
       0
       0
       0
       0
       0
       0
       0
       0
       0
       0
       0
       0
       0
       0
       0
       0
       0
       0
       0
       0
       0
       0
       0
       0
       0
       0
       0
       0
       0
       0
       0
       0
       0
       0
       0
       0
       0
       0
       0
       0
       0
       0
       0
       0
       0
       0
       0
       0
       0
       0
       0
       0
       0
       0
       0
       0
       0
       0
$ROI:
0
$PRESETS:
None
0
0
$ENER_FIT:
0.000000 0.000000
$MCA_CAL:
3
0.000000E+000 0.000000E+000 0.000000E+000 
$SHAPE_CAL:
3
0.000000E+000 0.000000E+000 0.000000E+000
