$SPEC_ID:
No sample description was entered.
$SPEC_REM:
DET# 1
DETDESC# SCE-SOPA-00035 MCB 133
AP# Maestro Version 7.01
$DATE_MEA:
11/14/2019 12:06:51
$MEAS_TIM:
3316 3317
$DATA:
0 4095
       0
       0
       0
       0
       0
       0
       0
       0
       0
       0
       0
       0
       0
       0
       0
       0
       0
       0
       0
       0
       0
       0
       0
       0
       0
       0
       4
       4
       1
       9
      61
      64
      63
      60
      78
      55
      79
      67
      56
      78
      63
      67
      60
      65
      55
      61
      54
      89
      76
      69
      66
      71
      76
      63
      87
      59
      81
      59
      72
      70
      66
      69
      69
      75
      86
      76
      58
      82
      61
      55
      66
      56
      64
      71
      53
      63
      69
      69
      61
      62
      75
      70
      74
      80
      75
      62
      70
      71
      66
      79
      90
      76
     100
      95
     116
      83
      71
      80
      86
      94
      82
      93
      82
      88
      90
      83
      73
      86
      76
      72
      76
      88
      93
      70
      89
      89
      90
     110
      78
      94
      79
      91
      97
      81
      76
      88
      89
      86
      93
      99
      86
      97
     101
      94
     109
      86
      82
      74
     103
     108
     106
      90
      81
     100
      90
      78
     112
      97
      64
      93
      73
      93
      99
      83
      71
     100
      81
      88
      87
      79
      92
      84
      69
      78
      92
      87
      85
      81
      89
      92
     105
      86
      86
      95
      72
      84
      77
      90
      84
      85
      92
      90
      83
      79
      83
      92
      84
      86
      83
      78
      89
      81
      87
      85
      79
      91
      91
      82
      91
      73
     104
      74
      82
      92
      82
      74
      75
     101
      85
      83
      97
      86
      80
      80
      82
      93
     109
     108
     103
     104
      98
     106
      95
     114
     108
     101
      98
      96
      93
     105
      77
      83
     104
      80
      78
      98
      94
      68
      70
      79
      65
      76
      86
      81
      64
      72
      74
      67
      68
      72
      69
      69
      71
      73
      66
      58
      54
      72
      66
      63
      56
      59
      61
      85
      57
      70
      51
      62
      42
      46
      47
      49
      59
      60
      65
      55
      45
      61
      61
      68
      58
      48
      50
      58
      44
      43
      54
      42
      42
      44
      54
      54
      42
      57
      48
      38
      46
      49
      61
      45
      53
      41
      38
      46
      40
      49
      51
      31
      46
      44
      34
      48
      50
      52
      45
      45
      34
      41
      51
      38
      55
      39
      35
      58
      45
      49
      47
      35
      45
      35
      39
      37
      39
      41
      45
      39
      39
      26
      31
      36
      44
      40
      42
      49
      32
      28
      36
      35
      41
      20
      35
      29
      35
      37
      37
      32
      39
      25
      29
      28
      28
      29
      36
      37
      37
      38
      30
      33
      34
      40
      32
      26
      42
      18
      32
      30
      43
      40
      34
      44
      30
      38
      28
      33
      29
      29
      30
      31
      34
      33
      30
      43
      42
      24
      28
      39
      31
      19
      22
      34
      27
      25
      42
      33
      28
      30
      36
      26
      40
      33
      32
      31
      27
      30
      32
      28
      25
      24
      31
      32
      41
      25
      26
      18
      33
      29
      28
      33
      33
      25
      28
      23
      24
      25
      26
      37
      42
      25
      31
      33
      34
      34
      33
      30
      25
      25
      28
      36
      24
      24
      31
      30
      20
      28
      37
      35
      18
      38
      29
      26
      36
      29
      24
      25
      36
      26
      18
      27
      32
      20
      29
      28
      31
      28
      33
      21
      19
      30
      24
      35
      23
      28
      24
      29
      23
      38
      36
      19
      24
      30
      26
      21
      24
      24
      26
      31
      33
      30
      25
      32
      29
      29
      33
      29
      25
      27
      20
      24
      38
      30
      20
      35
      30
      36
      40
      37
      30
      36
      29
      25
      29
      25
      31
      26
      30
      24
      20
      24
      24
      26
      20
      23
      29
      22
      25
      18
      22
      24
      24
      30
      27
      22
      27
      30
      10
      29
      33
      21
      27
      28
      19
      25
      28
      12
      25
      23
      28
      19
      28
      24
      32
      22
      28
      20
      18
      22
      32
      32
      25
      25
      25
      24
      21
      32
      35
      27
      14
      21
      25
      26
      24
      28
      20
      24
      33
      30
      34
      27
      23
      28
      29
      27
      26
      38
      21
      25
      29
      29
      27
      21
      32
      32
      20
      12
      32
      31
      24
      24
      27
      27
      22
      27
      34
      22
      25
      20
      21
      25
      29
      24
      20
      20
      20
      20
      30
      25
      25
      28
      18
      25
      27
      21
      25
      26
      24
      36
      29
      22
      21
      35
      22
      30
      33
      21
      27
      25
      19
      24
      27
      24
      27
      21
      21
      27
      26
      30
      23
      29
      34
      26
      22
      26
      26
      27
      29
      20
      19
      20
      30
      28
      19
      30
      27
      29
      19
      29
      24
      27
      24
      28
      27
      23
      27
      26
      20
      18
      22
      25
      30
      27
      30
      26
      30
      23
      26
      29
      21
      26
      14
      21
      20
      24
      27
      27
      28
      31
      21
      30
      18
      13
      27
      29
      23
      26
      19
      29
      27
      26
      17
      23
      25
      23
      20
      20
      35
      28
      21
      26
      23
      27
      20
      28
      31
      29
      26
      22
      24
      25
      32
      21
      24
      28
      26
      19
      24
      30
      32
      20
      18
      23
      25
      27
      19
      32
      17
      21
      24
      18
      20
      25
      22
      28
      24
      22
      22
      26
      19
      30
      21
      26
      25
      18
      30
      25
      36
      33
      28
      19
      26
      26
      17
      14
      35
      18
      23
      23
      29
      31
      31
      22
      26
      26
      14
      23
      19
      28
      32
      30
      32
      21
      22
      27
      33
      17
      25
      21
      29
      22
      26
      28
      27
      20
      20
      25
      34
      28
      25
      28
      27
      23
      26
      29
      24
      26
      21
      24
      26
      37
      25
      30
      24
      23
      29
      17
      39
      25
      37
      19
      26
      22
      28
      30
      25
      22
      29
      27
      28
      30
      19
      22
      21
      21
      28
      25
      28
      37
      27
      41
      36
      26
      34
      31
      22
      29
      20
      24
      24
      27
      32
      26
      28
      24
      30
      43
      34
      27
      31
      37
      25
      34
      34
      32
      30
      28
      32
      34
      26
      32
      31
      26
      33
      29
      32
      34
      26
      28
      37
      25
      35
      23
      35
      31
      25
      27
      35
      25
      34
      26
      39
      27
      36
      33
      29
      31
      27
      37
      28
      18
      31
      28
      41
      28
      39
      43
      39
      26
      47
      35
      43
      33
      33
      34
      32
      24
      33
      31
      39
      38
      33
      38
      39
      31
      34
      26
      36
      41
      44
      43
      28
      35
      29
      45
      34
      33
      39
      29
      40
      47
      32
      45
      46
      37
      44
      44
      31
      38
      26
      38
      42
      28
      32
      35
      29
      27
      24
      26
      20
      31
      25
      30
      18
      32
      20
      30
      22
      27
      36
      28
      29
      32
      29
      21
      17
      27
      31
      26
      29
      22
      31
      25
      30
      23
      31
      18
      31
      24
      31
      26
      27
      27
      23
      24
      40
      30
      27
      29
      30
      23
      26
      21
      14
      28
      35
      28
      33
      33
      36
      28
      21
      25
      20
      28
      24
      24
      27
      19
      27
      24
      31
      21
      22
      19
      22
      16
      26
      20
      31
      30
      22
      18
      16
      27
      31
      23
      33
      18
      23
      22
      19
      27
      18
      24
      21
      24
      19
      20
      14
      24
      21
      17
      25
      28
      22
      30
      30
      26
      23
      32
      22
      24
      22
      23
      29
      29
      34
      25
      22
      24
      19
      23
      22
      20
      23
      23
      23
      24
      26
      19
      19
      29
      27
      14
      23
      19
      32
      18
      18
      25
      23
      23
      20
      27
      15
      20
      23
      27
      20
      23
      23
      42
      20
      19
      23
      17
      27
      13
      26
      20
      21
      12
      13
      17
      21
      16
      18
      13
      18
      11
      12
       9
      16
      15
      20
      15
      15
      18
      19
      13
      16
      12
      15
      13
       6
      19
      19
      10
      12
      10
      23
      14
      18
      16
      16
      14
      13
      13
      15
      14
      14
      11
      18
      12
      17
      14
      16
      40
     168
     385
     570
     551
     304
     118
      32
      18
       7
      10
       5
       9
       9
      11
       6
      13
      16
      15
       9
       7
       5
      11
      10
       6
       8
       8
      11
       2
       6
       8
       5
       6
       6
       8
       4
      11
       7
       8
       8
       9
       8
       8
       6
       7
      11
       9
       5
       7
       7
       7
       2
       5
       5
       6
       3
       4
       2
       1
       9
       4
       5
       2
       4
       5
       3
       5
       6
      10
       7
       5
       4
       5
       6
       3
       3
       3
       5
       6
       7
       4
       3
       3
       4
       8
       5
       2
       5
       3
       5
       4
       4
       1
       9
       4
       4
       3
       3
       2
       1
       3
       2
       7
       3
       6
       3
       4
       7
       5
       5
       3
       0
       1
       3
       6
       3
       5
       5
       3
       0
       4
       3
       5
       2
       4
       3
       4
       3
       4
       5
       4
       4
       2
       2
       0
       1
       2
       2
       2
       1
       4
       2
       0
       3
       2
       2
       2
       1
       2
       3
       0
       5
       2
       2
       4
       2
       6
       6
       6
      16
      70
     195
     349
     513
     475
     272
      79
      23
       4
       1
       1
       0
       2
       0
       0
       3
       2
       0
       0
       0
       1
       1
       1
       0
       1
       0
       1
       1
       0
       4
       1
       0
       2
       0
       1
       0
       0
       1
       2
       3
       0
       2
       2
       0
       4
       2
       2
       1
       3
       5
       2
       1
       0
       1
       3
       2
       1
       2
       2
       1
       0
       0
       1
       1
       3
       0
       2
       0
       1
       0
       0
       1
       1
       1
       3
       0
       0
       2
       1
       0
       2
       1
       3
       0
       1
       1
       0
       0
       2
       3
       1
       1
       4
       0
       3
       1
       0
       0
       0
       0
       1
       2
       0
       0
       1
       3
       0
       0
       0
       0
       2
       1
       1
       1
       3
       0
       2
       1
       1
       1
       1
       2
       1
       2
       0
       2
       1
       1
       1
       1
       3
       5
       5
       6
       3
       0
       1
       0
       0
       0
       2
       0
       3
       2
       2
       1
       0
       0
       0
       2
       1
       0
       1
       2
       2
       1
       1
       0
       0
       4
       2
       0
       1
       0
       0
       1
       1
       1
       0
       0
       1
       0
       1
       3
       2
       1
       1
       0
       0
       1
       0
       1
       1
       1
       0
       0
       1
       0
       0
       1
       0
       0
       1
       0
       1
       0
       1
       1
       1
       1
       1
       2
       3
       0
       0
       1
       1
       1
       0
       2
       1
       0
       0
       1
       2
       0
       1
       0
       0
       2
       2
       3
       0
       1
       0
       0
       1
       1
       1
       0
       1
       1
       2
       0
       0
       2
       0
       1
       0
       0
       1
       1
       1
       0
       0
       0
       3
       2
       0
       0
       0
       1
       1
       0
       1
       0
       1
       1
       1
       1
       2
       0
       0
       0
       1
       3
       0
       0
       0
       2
       1
       0
       0
       1
       0
       1
       1
       0
       1
       0
       0
       1
       3
       1
       0
       1
       2
       0
       0
       0
       1
       1
       2
       1
       1
       1
       0
       1
       0
       2
       0
       1
       0
       1
       0
       0
       0
       0
       0
       0
       0
       0
       0
       2
       1
       0
       3
       0
       0
       0
       1
       1
       0
       1
       1
       1
       1
       1
       1
       0
       0
       0
       0
       2
       0
       0
       2
       0
       1
       0
       2
       1
       2
       0
       0
       1
       0
       1
       0
       0
       0
       1
       0
       1
       1
       1
       0
       1
       0
       2
       0
       1
       1
       1
       1
       0
       0
       1
       0
       2
       0
       1
       1
       0
       0
       0
       0
       0
       1
       2
       0
       0
       0
       0
       2
       1
       1
       1
       0
       2
       2
       0
       0
       1
       1
       1
       0
       0
       0
       0
       0
       0
       0
       0
       1
       0
       1
       2
       0
       0
       1
       1
       1
       0
       0
       2
       0
       1
       1
       0
       0
       1
       0
       3
       1
       0
       1
       0
       0
       1
       0
       3
       1
       1
       0
       2
       0
       2
       0
       1
       2
       0
       0
       0
       0
       0
       0
       1
       1
       0
       1
       0
       0
       2
       1
       0
       0
       0
       0
       0
       0
       0
       0
       1
       0
       2
       0
       0
       0
       1
       1
       2
       1
       2
       2
       1
       0
       0
       0
       1
       1
       2
       0
       0
       2
       0
       1
       1
       0
       1
       1
       0
       1
       0
       1
       0
       2
       0
       0
       0
       0
       0
       0
       0
       1
       2
       2
       0
       0
       0
       1
       1
       0
       1
       1
       1
       1
       1
       0
       0
       0
       1
       0
       1
       0
       0
       0
       0
       1
       0
       0
       0
       1
       0
       0
       1
       1
       1
       1
       0
       0
       1
       1
       0
       0
       1
       0
       0
       0
       1
       1
       1
       0
       0
       0
       0
       0
       0
       1
       1
       3
       1
       0
       2
       0
       1
       0
       0
       0
       0
       0
       1
       1
       0
       1
       1
       1
       0
       1
       1
       0
       0
       0
       1
       0
       0
       1
       0
       0
       0
       0
       0
       1
       1
       0
       0
       1
       0
       0
       1
       0
       1
       0
       0
       0
       0
       0
       0
       0
       1
       0
       0
       0
       1
       0
       0
       1
       1
       0
       0
       0
       0
       1
       0
       0
       1
       1
       0
       1
       0
       0
       1
       1
       0
       0
       1
       0
       1
       0
       1
       1
       0
       0
       0
       1
       2
       0
       0
       0
       0
       0
       1
       1
       0
       0
       1
       0
       0
       1
       0
       0
       0
       0
       0
       0
       0
       0
       0
       0
       0
       1
       0
       0
       0
       0
       1
       0
       0
       0
       0
       0
       1
       0
       1
       1
       0
       0
       1
       0
       1
       0
       0
       0
       2
       0
       0
       0
       0
       1
       0
       0
       2
       1
       0
       1
       1
       0
       0
       0
       1
       1
       0
       0
       1
       0
       0
       1
       0
       0
       0
       2
       0
       1
       1
       0
       0
       1
       0
       1
       0
       0
       0
       1
       0
       0
       0
       1
       0
       0
       2
       0
       0
       0
       1
       0
       2
       0
       1
       0
       0
       0
       0
       1
       0
       2
       1
       0
       2
       0
       0
       0
       0
       1
       1
       1
       2
       1
       0
       0
       0
       0
       0
       0
       0
       0
       0
       0
       1
       0
       0
       1
       1
       0
       0
       0
       0
       1
       0
       0
       1
       0
       0
       0
       1
       0
       1
       1
       0
       0
       0
       0
       1
       1
       0
       1
       2
       0
       1
       0
       0
       0
       0
       0
       0
       1
       0
       0
       1
       0
       0
       0
       0
       1
       1
       1
       2
       0
       0
       1
       0
       1
       2
       1
       0
       0
       0
       1
       0
       0
       0
       0
       1
       0
       0
       0
       1
       0
       0
       0
       3
       0
       0
       2
       0
       0
       0
       1
       0
       0
       0
       0
       0
       0
       0
       1
       1
       0
       0
       0
       0
       0
       0
       1
       0
       1
       0
       1
       0
       1
       0
       0
       1
       0
       0
       1
       1
       0
       0
       0
       1
       1
       2
       0
       0
       0
       0
       1
       0
       0
       0
       0
       0
       0
       0
       1
       1
       0
       0
       1
       0
       0
       0
       1
       1
       0
       1
       1
       1
       0
       0
       1
       1
       1
       1
       0
       0
       0
       0
       0
       0
       0
       0
       0
       1
       0
       1
       0
       0
       0
       0
       0
       0
       0
       2
       1
       0
       2
       1
       1
       1
       0
       0
       0
       1
       1
       0
       3
       2
       0
       0
       0
       0
       0
       0
       0
       0
       1
       0
       1
       0
       0
       0
       1
       0
       0
       1
       0
       0
       0
       0
       0
       1
       1
       0
       0
       0
       1
       1
       0
       0
       2
       1
       0
       0
       0
       1
       0
       0
       0
       1
       0
       2
       0
       0
       0
       0
       0
       0
       0
       0
       0
       0
       1
       0
       0
       0
       0
       0
       0
       1
       0
       0
       0
       1
       1
       0
       0
       2
       0
       1
       0
       0
       0
       0
       0
       1
       0
       0
       1
       0
       0
       0
       0
       0
       0
       0
       1
       0
       0
       0
       0
       0
       0
       0
       0
       0
       0
       0
       0
       1
       0
       0
       0
       0
       0
       0
       0
       1
       0
       0
       1
       0
       0
       0
       0
       0
       0
       0
       0
       0
       1
       0
       0
       1
       0
       0
       0
       0
       0
       0
       0
       0
       0
       1
       0
       2
       0
       0
       0
       0
       0
       0
       0
       0
       0
       0
       0
       0
       1
       0
       0
       0
       0
       1
       0
       0
       0
       0
       0
       0
       0
       0
       0
       0
       1
       0
       0
       0
       0
       0
       0
       1
       0
       2
       0
       0
       0
       0
       0
       0
       2
       0
       0
       0
       0
       0
       0
       1
       1
       0
       1
       0
       0
       0
       0
       0
       0
       0
       0
       0
       0
       0
       0
       0
       0
       0
       1
       1
       1
       0
       0
       1
       0
       1
       0
       0
       0
       0
       0
       2
       0
       1
       0
       0
       1
       0
       0
       0
       0
       1
       1
       0
       0
       0
       0
       0
       0
       0
       0
       0
       0
       0
       0
       0
       0
       0
       0
       0
       0
       0
       0
       0
       0
       0
       1
       1
       0
       0
       1
       1
       1
       0
       0
       0
       2
       0
       0
       1
       0
       0
       0
       0
       1
       0
       1
       0
       0
       0
       0
       0
       0
       1
       0
       0
       0
       0
       0
       1
       0
       0
       0
       0
       0
       0
       0
       0
       0
       0
       0
       0
       1
       0
       0
       1
       0
       0
       0
       0
       0
       0
       0
       0
       1
       0
       0
       0
       0
       0
       0
       0
       0
       0
       1
       0
       0
       0
       0
       0
       0
       1
       2
       1
       3
       0
       0
       0
       0
       0
       0
       0
       0
       0
       1
       0
       0
       0
       0
       1
       0
       0
       0
       0
       0
       0
       0
       0
       0
       0
       0
       0
       0
       0
       0
       0
       0
       0
       0
       0
       0
       0
       0
       0
       0
       0
       0
       0
       0
       0
       0
       0
       0
       1
       0
       0
       0
       0
       0
       1
       0
       0
       0
       0
       0
       0
       0
       0
       0
       0
       0
       0
       0
       1
       1
       0
       1
       0
       0
       0
       0
       0
       1
       0
       0
       0
       0
       0
       1
       0
       0
       0
       0
       0
       0
       0
       0
       0
       0
       1
       0
       0
       0
       1
       0
       0
       0
       0
       0
       0
       0
       0
       0
       0
       0
       1
       0
       0
       1
       0
       0
       1
       1
       0
       0
       0
       0
       0
       0
       0
       0
       0
       0
       0
       0
       0
       1
       0
       0
       0
       0
       0
       0
       0
       0
       0
       1
       0
       1
       0
       0
       0
       0
       0
       0
       1
       0
       0
       0
       0
       0
       0
       1
       0
       0
       0
       0
       0
       0
       0
       0
       0
       0
       0
       0
       0
       0
       0
       1
       0
       0
       0
       0
       0
       0
       0
       0
       0
       0
       0
       1
       0
       0
       1
       0
       0
       0
       0
       0
       0
       0
       0
       0
       0
       0
       0
       0
       1
       0
       0
       0
       0
       0
       0
       0
       1
       0
       0
       0
       0
       0
       0
       0
       0
       0
       0
       0
       0
       0
       0
       0
       0
       1
       0
       0
       0
       0
       0
       0
       0
       0
       0
       0
       0
       1
       0
       0
       0
       1
       0
       1
       0
       0
       0
       1
       0
       0
       0
       1
       0
       0
       0
       1
       0
       0
       0
       0
       1
       0
       0
       1
       0
       0
       0
       0
       0
       0
       0
       0
       0
       0
       1
       0
       0
       0
       0
       0
       0
       0
       1
       0
       1
       0
       0
       0
       0
       1
       0
       0
       0
       1
       0
       0
       0
       0
       0
       0
       1
       0
       0
       0
       0
       0
       0
       0
       0
       1
       1
       0
       0
       0
       0
       0
       1
       0
       0
       1
       0
       0
       0
       0
       0
       0
       0
       0
       0
       0
       0
       0
       0
       0
       0
       0
       0
       0
       0
       0
       0
       0
       0
       0
       1
       0
       0
       0
       0
       0
       0
       0
       0
       2
       0
       0
       0
       0
       0
       0
       0
       0
       0
       0
       0
       0
       0
       0
       1
       0
       0
       0
       0
       0
       0
       0
       0
       0
       0
       0
       0
       0
       0
       0
       0
       0
       1
       0
       0
       0
       0
       0
       1
       0
       0
       0
       0
       0
       0
       0
       0
       1
       0
       0
       0
       0
       1
       0
       0
       0
       0
       0
       0
       0
       0
       0
       0
       0
       0
       0
       0
       0
       0
       0
       0
       0
       0
       0
       0
       0
       0
       0
       0
       0
       0
       0
       0
       0
       0
       0
       0
       0
       0
       0
       0
       0
       0
       0
       0
       0
       0
       0
       0
       0
       0
       0
       0
       0
       0
       0
       0
       1
       0
       0
       0
       0
       0
       0
       0
       0
       0
       0
       0
       0
       0
       0
       0
       0
       0
       0
       0
       0
       0
       0
       0
       0
       0
       1
       0
       0
       0
       0
       0
       0
       0
       0
       0
       0
       0
       0
       0
       0
       0
       0
       0
       0
       0
       0
       0
       0
       0
       0
       0
       0
       0
       0
       0
       1
       0
       0
       0
       1
       0
       0
       0
       0
       0
       0
       0
       1
       0
       0
       0
       0
       0
       0
       0
       0
       0
       0
       0
       0
       0
       0
       0
       1
       0
       1
       0
       0
       0
       0
       1
       0
       0
       0
       0
       0
       0
       0
       0
       0
       0
       0
       1
       0
       0
       0
       0
       0
       1
       0
       0
       0
       0
       0
       0
       0
       0
       1
       0
       0
       0
       0
       0
       0
       0
       0
       0
       0
       0
       0
       0
       0
       0
       0
       0
       0
       0
       0
       0
       0
       1
       0
       0
       0
       0
       0
       0
       0
       0
       0
       0
       0
       0
       0
       0
       1
       0
       0
       0
       0
       0
       0
       0
       0
       0
       0
       0
       0
       1
       0
       0
       0
       0
       1
       0
       0
       0
       0
       0
       0
       0
       0
       0
       0
       1
       0
       0
       0
       0
       0
       0
       1
       0
       0
       0
       0
       0
       0
       0
       0
       0
       0
       0
       0
       0
       0
       0
       0
       0
       0
       0
       0
       0
       0
       0
       0
       0
       0
       0
       0
       0
       0
       0
       0
       0
       0
       0
       0
       0
       0
       0
       0
       0
       0
       0
       0
       0
       0
       0
       0
       0
       1
       0
       0
       0
       0
       0
       1
       0
       0
       0
       0
       0
       0
       0
       0
       0
       0
       0
       0
       1
       0
       0
       0
       0
       0
       0
       0
       0
       0
       0
       0
       0
       0
       0
       0
       0
       0
       0
       0
       0
       0
       1
       0
       0
       0
       0
       0
       0
       0
       0
       0
       0
       0
       0
       1
       0
       0
       0
       0
       0
       0
       0
       0
       0
       0
       0
       0
       0
       0
       0
       0
       0
       0
       0
       0
       0
       0
       0
       0
       0
       0
       0
       0
       0
       0
       1
       0
       1
       0
       0
       0
       0
       0
       0
       0
       0
       0
       0
       0
       0
       0
       0
       0
       0
       0
       0
       0
       0
       0
       0
       1
       0
       0
       0
       0
       0
       0
       0
       0
       0
       0
       0
       1
       0
       0
       0
       0
       0
       0
       0
       0
       0
       0
       0
       1
       0
       0
       0
       0
       0
       0
       0
       0
       0
       0
       1
       0
       0
       0
       2
       1
       0
       0
       0
       0
       0
       0
       0
       0
       1
       0
       0
       0
       0
       0
       0
       0
       0
       0
       0
       0
       0
       0
       0
       0
       1
       0
       0
       0
       1
       0
       0
       0
       0
       0
       0
       0
       0
       0
       0
       0
       0
       0
       0
       0
       0
       0
       0
       0
       0
       0
       0
       0
       0
       0
       1
       0
       0
       1
       0
       0
       0
       0
       0
       0
       0
       0
       0
       0
       0
       0
       0
       0
       0
       0
       0
       0
       0
       0
       0
       0
       0
       0
       0
       0
       1
       1
       0
       0
       0
       0
       0
       0
       0
       0
       0
       0
       0
       0
       0
       0
       0
       0
       0
       0
       0
       0
       0
       0
       0
       0
       0
       0
       0
       0
       1
       0
       0
       0
       0
       1
       0
       0
       1
       0
       0
       0
       0
       0
       0
       0
       0
       1
       0
       0
       0
       0
       0
       0
       0
       0
       0
       0
       0
       0
       0
       0
       0
       0
       0
       0
       0
       0
       1
       0
       0
       0
       0
       0
       0
       0
       1
       0
       0
       0
       0
       0
       0
       0
       0
       0
       0
       0
       0
       0
       0
       0
       0
       0
       0
       0
       0
       0
       0
       0
       0
       0
       0
       1
       0
       0
       0
       0
       0
       0
       0
       0
       0
       0
       0
       0
       0
       0
       0
       0
       0
       0
       0
       1
       0
       0
       0
       0
       0
       0
       0
       0
       1
       0
       1
       0
       0
       0
       0
       0
       0
       0
       0
       0
       0
       1
       0
       0
       0
       0
       0
       0
       0
       0
       0
       0
       0
       0
       0
       0
       0
       0
       0
       0
       0
       0
       0
       0
       0
       0
       1
       0
       0
       0
       0
       0
       0
       0
       1
       0
       0
       0
       0
       0
       0
       0
       0
       0
       0
       1
       0
       0
       0
       0
       0
       0
       0
       0
       0
       0
       0
       0
       0
       0
       0
       0
       0
       0
       0
       0
       0
       0
       0
       0
       0
       0
       0
       0
       0
       0
       0
       1
       0
       0
       0
       0
       0
       0
       0
       0
       0
       0
       0
       1
       0
       0
       0
       1
       0
       0
       0
       0
       0
       0
       0
       0
       1
       0
       0
       0
       0
       0
       0
       0
       1
       0
       0
       0
       0
       0
       0
       0
       0
       0
       0
       0
       0
       0
       0
       0
       0
       0
       0
       0
       0
       0
       0
       0
       0
       0
       0
       0
       0
       0
       0
       1
       0
       0
       0
       1
       0
       0
       0
       0
       0
       0
       0
       0
       0
       0
       0
       0
       0
       0
       0
       0
       0
       0
       0
       0
       1
       1
       0
       0
       0
       0
       0
       0
       0
       0
       0
       0
       0
       0
       1
       0
       0
       0
       0
       0
       0
       0
       0
       0
       0
       0
       0
       0
       0
       0
       0
       0
       0
       1
       0
       0
       0
       0
       0
       0
       0
       0
       1
       0
       0
       0
       0
       1
       0
       0
       0
       0
       0
       0
       0
       0
       0
       0
       0
       0
       0
       0
       0
       0
       0
       0
       0
       0
       0
       0
       0
       0
       0
       0
       0
       0
       0
       0
       0
       0
       0
       0
       0
       0
       0
       0
       0
       0
       0
       0
       0
       0
       0
       0
       0
       0
       0
       0
       0
       0
       0
       0
       0
       0
       0
       0
       0
       0
       0
       0
       0
       0
       0
       0
       0
       0
       0
       0
       0
       0
       0
       0
       0
       0
       0
       0
       0
       0
       0
       0
       0
       0
       0
       0
       0
       0
       0
       0
       0
       0
       0
       0
       0
       0
       0
       0
       0
       0
       0
       0
       0
       0
       0
       0
       0
       0
       0
       0
       0
       0
       0
       0
       0
       0
       0
       0
       0
       0
       0
       0
       0
       0
       0
       0
       0
       0
       0
       0
       0
       0
       0
       0
       0
       0
       0
       0
       0
       0
       0
       0
       0
       0
       0
       0
       0
       0
       0
       0
       0
       0
       0
       0
       0
       0
       0
       0
       0
       0
       0
       0
       0
       0
       0
       0
       0
       0
       0
       0
$ROI:
0
$PRESETS:
None
0
0
$ENER_FIT:
0.000000 0.000000
$MCA_CAL:
3
0.000000E+000 0.000000E+000 0.000000E+000 
$SHAPE_CAL:
3
0.000000E+000 0.000000E+000 0.000000E+000
