$SPEC_ID:
No sample description was entered.
$SPEC_REM:
DET# 1
DETDESC# SCE-SOPA-00035 MCB 133
AP# Maestro Version 7.01
$DATE_MEA:
11/08/2019 14:33:02
$MEAS_TIM:
3581 3581
$DATA:
0 4095
       0
       0
       0
       0
       0
       0
       0
       0
       0
       0
       0
       0
       0
       0
       0
       0
       0
       0
       0
       0
       0
       0
       0
       0
       0
       2
       2
      17
      11
       8
      60
      62
      82
      91
      76
      61
      70
      85
      70
      58
      56
      63
      82
      83
      75
      77
      80
      89
      88
      87
      77
      60
      75
      76
      81
      65
      67
      72
      80
      79
      71
      69
      75
      85
     100
      72
      57
      76
      76
      72
      63
      79
      57
      70
      68
      75
      66
      83
      74
      78
      78
      61
      74
      67
      93
      93
     104
      81
      91
      69
      81
      87
      96
     115
      97
      87
      79
      77
      90
      67
      76
      83
      84
      77
      85
      85
     100
     102
      87
      97
     101
      98
      80
      94
      84
      98
      98
      97
     100
     102
     104
      98
      97
     110
     107
     109
      94
     103
     104
     116
     101
     108
      96
     106
     106
     103
      93
      97
     118
      98
     100
     103
      96
     105
     121
     110
     115
      87
      97
     105
      98
     117
      90
      99
      92
     106
     105
     106
     117
      96
      92
     105
     100
      95
      95
      83
     115
      93
     110
     105
     124
      98
     111
      85
      99
      91
     105
      93
      91
      95
     101
      93
      96
      72
     101
      97
      98
      82
      98
      86
      78
      97
     110
      82
     109
      88
      97
      86
      96
      91
     101
      84
      74
      94
      99
      96
      82
      92
     114
      95
      89
      82
     100
     114
      97
     115
      97
     127
     108
     103
     121
     127
     112
     109
     124
     112
     108
     112
      97
     109
     100
      83
      81
      93
     104
      86
     101
      95
      93
     113
      91
      79
      91
      75
      79
      83
      68
      83
      82
      82
      77
      66
      81
      78
      69
      69
      90
      74
      82
      62
      57
      70
      54
      66
      76
      71
      56
      83
      63
      71
      65
      65
      61
      71
      74
      61
      55
      68
      65
      64
      54
      68
      57
      60
      61
      67
      60
      54
      69
      49
      61
      63
      56
      57
      58
      63
      53
      56
      57
      51
      55
      43
      69
      54
      64
      51
      59
      53
      51
      50
      43
      40
      56
      55
      38
      58
      46
      47
      58
      56
      33
      49
      59
      53
      38
      62
      46
      53
      39
      59
      50
      55
      41
      42
      46
      42
      44
      41
      34
      45
      44
      51
      46
      44
      42
      31
      36
      36
      48
      47
      46
      56
      45
      36
      45
      36
      45
      29
      52
      34
      49
      38
      46
      43
      39
      41
      30
      36
      28
      46
      30
      38
      37
      45
      41
      59
      45
      41
      40
      50
      52
      37
      52
      31
      29
      48
      49
      51
      35
      48
      36
      47
      33
      44
      38
      23
      44
      34
      36
      46
      46
      40
      32
      35
      40
      40
      41
      36
      23
      41
      33
      32
      32
      28
      42
      30
      40
      44
      47
      34
      41
      33
      42
      23
      32
      31
      33
      41
      32
      35
      30
      26
      35
      34
      33
      38
      33
      29
      34
      29
      31
      30
      37
      31
      27
      32
      37
      31
      20
      28
      29
      27
      27
      37
      44
      39
      35
      32
      26
      40
      42
      40
      29
      40
      32
      34
      30
      34
      40
      31
      43
      30
      39
      31
      28
      36
      35
      34
      29
      34
      38
      31
      39
      32
      33
      33
      36
      25
      34
      30
      25
      32
      28
      30
      20
      26
      36
      25
      23
      28
      26
      33
      35
      28
      24
      40
      30
      31
      40
      29
      29
      43
      51
      48
      42
      49
      42
      29
      38
      31
      38
      26
      32
      35
      29
      29
      26
      33
      31
      29
      24
      28
      33
      32
      32
      35
      33
      29
      22
      25
      35
      32
      30
      27
      32
      26
      32
      31
      21
      30
      19
      35
      26
      21
      29
      37
      36
      25
      26
      22
      36
      35
      25
      23
      40
      33
      31
      36
      30
      28
      35
      25
      43
      35
      29
      40
      27
      39
      24
      34
      28
      24
      36
      29
      25
      34
      32
      32
      35
      27
      34
      25
      27
      30
      39
      25
      34
      33
      27
      30
      29
      40
      33
      29
      21
      43
      22
      26
      31
      21
      33
      27
      32
      28
      30
      28
      26
      26
      21
      33
      25
      30
      27
      28
      23
      26
      39
      29
      32
      26
      36
      34
      32
      21
      30
      32
      27
      28
      23
      30
      30
      27
      26
      30
      25
      30
      23
      31
      30
      32
      23
      29
      24
      23
      23
      26
      17
      23
      25
      23
      33
      32
      26
      25
      39
      28
      34
      25
      27
      24
      33
      24
      25
      25
      27
      37
      27
      31
      31
      24
      21
      33
      30
      26
      30
      22
      22
      23
      34
      25
      27
      33
      21
      26
      29
      25
      30
      19
      31
      31
      27
      26
      29
      30
      24
      33
      34
      27
      24
      28
      29
      22
      25
      29
      28
      23
      34
      20
      29
      29
      18
      32
      29
      26
      28
      31
      32
      25
      32
      30
      30
      27
      22
      32
      34
      26
      26
      28
      28
      32
      32
      28
      29
      23
      21
      23
      24
      34
      27
      25
      17
      22
      24
      42
      29
      26
      27
      26
      25
      27
      32
      35
      41
      35
      26
      14
      30
      28
      32
      32
      29
      22
      33
      30
      38
      29
      26
      35
      27
      28
      40
      28
      33
      25
      33
      33
      29
      25
      33
      35
      36
      30
      28
      26
      28
      28
      33
      34
      24
      25
      33
      23
      30
      32
      34
      37
      33
      27
      34
      30
      34
      40
      24
      33
      31
      30
      29
      39
      31
      38
      32
      27
      24
      32
      42
      45
      30
      31
      30
      29
      35
      31
      35
      33
      22
      23
      37
      26
      38
      43
      35
      32
      36
      37
      29
      31
      34
      25
      25
      27
      27
      31
      30
      34
      38
      36
      35
      34
      22
      27
      35
      32
      29
      27
      23
      33
      41
      36
      28
      37
      29
      33
      29
      36
      32
      31
      33
      40
      42
      38
      32
      33
      38
      41
      38
      37
      46
      36
      27
      44
      32
      36
      44
      39
      35
      42
      32
      30
      35
      44
      36
      33
      40
      45
      36
      30
      43
      44
      41
      49
      39
      34
      41
      37
      36
      36
      42
      39
      39
      44
      44
      37
      48
      41
      33
      38
      39
      45
      33
      33
      46
      45
      39
      42
      41
      35
      44
      51
      36
      37
      30
      51
      46
      36
      48
      39
      38
      51
      44
      45
      34
      47
      52
      58
      35
      38
      39
      35
      39
      44
      57
      41
      41
      47
      31
      38
      40
      26
      42
      46
      35
      31
      39
      43
      29
      28
      29
      36
      33
      27
      38
      28
      35
      34
      30
      35
      28
      28
      39
      37
      39
      34
      38
      34
      32
      25
      29
      36
      43
      27
      33
      37
      33
      39
      34
      38
      22
      36
      41
      32
      31
      31
      34
      37
      25
      35
      20
      32
      29
      25
      27
      30
      30
      32
      37
      34
      30
      43
      22
      31
      34
      32
      25
      34
      28
      28
      30
      25
      22
      35
      33
      36
      38
      26
      28
      37
      22
      23
      26
      22
      25
      22
      31
      25
      24
      36
      39
      26
      24
      25
      25
      25
      38
      21
      31
      22
      26
      26
      27
      24
      30
      20
      35
      30
      22
      29
      29
      23
      18
      23
      30
      34
      33
      28
      24
      33
      33
      34
      24
      26
      35
      22
      33
      25
      29
      22
      33
      30
      40
      22
      32
      26
      33
      31
      27
      28
      37
      27
      20
      23
      26
      38
      31
      33
      23
      25
      44
      27
      23
      29
      21
      18
      26
      22
      22
      16
      18
      22
      15
      19
      21
      21
      17
      15
      27
      20
      21
      17
      21
      13
      16
      17
       9
      21
      16
      23
      11
      22
      10
      17
      11
      11
      16
      14
      12
      16
      13
      10
      15
      15
      11
      17
      12
      17
      15
      10
      20
      16
      16
      20
      16
      18
      14
      19
      37
     101
     318
     614
     727
     558
     265
      81
      14
      11
      20
      10
       7
      14
       7
      11
      11
      14
      13
      10
       7
      14
      11
       9
      11
      13
      10
      11
      12
       8
       4
       6
      10
      10
      11
       9
       7
       4
      11
       8
       7
      12
       9
       9
      10
      12
       5
       6
       4
      11
       7
       6
       9
       6
       8
       6
       5
       5
       1
       8
       5
       3
       7
       5
      12
       4
       6
       8
       6
       8
       3
       5
       2
       6
       7
       3
       7
       8
       6
       3
       4
       6
       5
       6
       2
       4
       7
       5
       4
       1
       1
       5
       1
       4
       1
       2
       3
       4
       5
       6
       6
      10
       4
       7
       6
       4
       3
       4
       6
       7
       5
       2
       5
       7
       3
       7
       7
       1
       4
       0
       3
       6
       4
       6
       1
       2
       7
       6
       2
       2
       3
       0
       3
       1
       6
       9
       2
       2
       2
       4
       3
       2
       5
       6
       4
       5
       6
       3
       4
       4
       2
       5
       7
       3
       7
       3
       7
       9
       5
      11
      45
     113
     294
     521
     653
     446
     200
      58
      11
       2
       2
       3
       1
       4
       4
       4
       0
       1
       1
       1
       4
       3
       0
       1
       2
       1
       2
       0
       0
       2
       2
       2
       0
       0
       0
       1
       0
       0
       1
       1
       0
       0
       1
       0
       2
       1
       1
       0
       3
       2
       1
       1
       0
       3
       0
       2
       0
       1
       2
       1
       1
       1
       1
       0
       1
       1
       5
       0
       0
       2
       0
       3
       1
       1
       2
       2
       2
       2
       1
       1
       3
       1
       1
       0
       2
       4
       0
       2
       1
       3
       0
       0
       2
       0
       2
       0
       3
       3
       0
       1
       2
       4
       1
       0
       1
       0
       0
       2
       3
       1
       0
       2
       1
       0
       0
       1
       1
       1
       1
       2
       1
       0
       1
       1
       3
       1
       1
       2
       2
       2
       4
       5
      10
       4
       4
       1
       1
       3
       0
       1
       0
       1
       1
       1
       0
       0
       0
       1
       0
       0
       0
       0
       1
       0
       0
       0
       2
       1
       2
       1
       1
       0
       0
       1
       0
       0
       2
       1
       1
       0
       1
       1
       0
       0
       3
       1
       2
       1
       2
       1
       0
       1
       0
       1
       0
       2
       1
       1
       0
       1
       0
       2
       0
       1
       1
       1
       0
       0
       0
       3
       0
       0
       0
       2
       3
       3
       1
       0
       1
       3
       0
       0
       3
       0
       0
       1
       0
       1
       0
       1
       0
       1
       2
       0
       0
       1
       3
       0
       0
       0
       2
       2
       1
       0
       0
       1
       1
       1
       2
       0
       1
       1
       1
       0
       1
       1
       0
       0
       0
       1
       1
       5
       0
       1
       1
       1
       1
       0
       1
       1
       3
       3
       2
       0
       2
       2
       2
       2
       1
       1
       0
       1
       3
       1
       1
       3
       0
       0
       0
       0
       0
       1
       1
       1
       0
       1
       2
       1
       1
       1
       0
       0
       0
       2
       0
       0
       1
       0
       0
       1
       2
       1
       0
       1
       2
       1
       1
       1
       0
       1
       1
       0
       0
       0
       0
       0
       1
       3
       1
       1
       1
       1
       2
       1
       3
       0
       0
       0
       0
       0
       0
       0
       1
       0
       1
       0
       1
       0
       0
       0
       1
       1
       0
       1
       2
       2
       2
       2
       1
       0
       1
       1
       0
       0
       0
       0
       0
       0
       0
       0
       1
       1
       0
       0
       2
       1
       2
       1
       1
       0
       0
       0
       2
       0
       1
       1
       0
       1
       0
       2
       0
       2
       0
       1
       0
       0
       0
       1
       1
       0
       0
       1
       1
       1
       1
       1
       1
       1
       1
       1
       1
       0
       1
       0
       1
       0
       1
       0
       1
       1
       2
       0
       0
       1
       1
       2
       0
       0
       2
       0
       0
       1
       1
       0
       0
       0
       2
       0
       0
       1
       2
       1
       0
       2
       1
       0
       0
       2
       4
       1
       0
       1
       0
       1
       2
       0
       1
       1
       0
       2
       2
       3
       0
       1
       1
       0
       0
       2
       0
       0
       2
       1
       1
       0
       1
       1
       2
       0
       0
       1
       0
       0
       2
       0
       2
       0
       0
       0
       0
       0
       0
       0
       0
       0
       2
       1
       0
       2
       0
       0
       0
       0
       0
       1
       0
       2
       0
       1
       1
       1
       1
       0
       0
       0
       0
       0
       0
       0
       0
       0
       0
       1
       0
       1
       0
       0
       1
       0
       1
       1
       2
       0
       0
       0
       0
       2
       1
       1
       1
       0
       2
       0
       0
       1
       0
       0
       0
       0
       1
       0
       0
       1
       1
       0
       2
       0
       2
       1
       0
       0
       0
       1
       0
       0
       1
       0
       0
       0
       1
       0
       0
       0
       0
       1
       0
       0
       3
       1
       0
       0
       1
       0
       0
       0
       0
       2
       0
       1
       1
       0
       0
       0
       0
       0
       1
       0
       1
       1
       0
       1
       1
       0
       1
       0
       0
       1
       1
       1
       0
       0
       0
       0
       0
       0
       0
       0
       0
       0
       0
       0
       0
       0
       1
       0
       0
       1
       0
       1
       0
       1
       0
       0
       0
       0
       1
       0
       0
       0
       0
       0
       0
       0
       1
       0
       2
       0
       0
       1
       1
       1
       1
       0
       0
       1
       0
       0
       1
       0
       0
       0
       1
       0
       0
       0
       0
       0
       0
       0
       0
       0
       0
       0
       0
       1
       0
       0
       0
       1
       0
       0
       1
       0
       1
       1
       0
       0
       0
       1
       1
       0
       0
       0
       0
       0
       0
       0
       2
       0
       0
       0
       0
       0
       0
       0
       0
       1
       0
       0
       0
       0
       2
       0
       0
       0
       1
       2
       0
       0
       0
       0
       0
       0
       0
       0
       1
       2
       0
       0
       1
       1
       0
       1
       3
       0
       1
       1
       0
       2
       1
       1
       0
       0
       1
       0
       0
       0
       0
       0
       2
       0
       0
       1
       1
       2
       0
       2
       0
       1
       0
       0
       0
       2
       0
       0
       1
       0
       0
       0
       2
       0
       0
       1
       0
       0
       1
       0
       1
       1
       0
       1
       1
       0
       0
       0
       0
       0
       2
       0
       1
       2
       0
       0
       0
       0
       0
       0
       1
       1
       0
       2
       1
       1
       0
       0
       1
       0
       0
       2
       0
       1
       0
       0
       0
       0
       0
       0
       0
       0
       0
       0
       0
       1
       0
       1
       0
       1
       1
       0
       0
       0
       1
       0
       1
       0
       0
       1
       0
       1
       0
       0
       0
       0
       0
       2
       0
       0
       0
       1
       1
       0
       0
       1
       1
       0
       1
       0
       0
       1
       0
       0
       1
       0
       1
       0
       0
       0
       0
       0
       0
       0
       0
       1
       0
       0
       0
       0
       0
       1
       1
       0
       0
       1
       1
       1
       0
       2
       0
       0
       1
       0
       0
       0
       1
       0
       0
       0
       0
       0
       0
       0
       0
       0
       1
       1
       0
       0
       1
       0
       0
       2
       0
       0
       0
       0
       0
       1
       0
       0
       0
       0
       0
       0
       1
       1
       0
       1
       1
       0
       0
       0
       0
       2
       0
       1
       0
       1
       1
       1
       3
       0
       0
       0
       1
       2
       0
       0
       0
       0
       0
       0
       0
       1
       0
       0
       2
       0
       0
       0
       0
       0
       0
       0
       0
       0
       0
       0
       1
       2
       0
       0
       0
       0
       0
       0
       1
       0
       0
       4
       1
       0
       1
       1
       1
       0
       0
       0
       0
       1
       0
       1
       0
       0
       0
       0
       1
       0
       0
       0
       1
       1
       0
       0
       0
       0
       0
       0
       1
       0
       0
       0
       2
       1
       0
       0
       2
       0
       0
       0
       1
       0
       0
       0
       0
       0
       0
       0
       0
       0
       1
       2
       0
       0
       0
       0
       0
       0
       0
       0
       0
       0
       0
       1
       1
       0
       0
       0
       0
       0
       0
       1
       0
       1
       0
       0
       0
       0
       0
       0
       0
       0
       0
       1
       0
       0
       0
       0
       0
       0
       1
       0
       1
       0
       0
       0
       1
       0
       0
       0
       0
       0
       0
       0
       0
       1
       0
       0
       1
       1
       0
       0
       0
       2
       0
       0
       0
       1
       0
       0
       1
       0
       0
       0
       0
       2
       0
       0
       0
       0
       0
       0
       1
       0
       0
       0
       0
       1
       0
       0
       0
       0
       0
       0
       0
       0
       0
       0
       1
       0
       0
       0
       0
       0
       0
       1
       0
       0
       1
       0
       0
       1
       0
       2
       0
       0
       0
       0
       0
       0
       0
       1
       0
       0
       1
       0
       0
       0
       0
       0
       0
       0
       0
       0
       0
       0
       0
       1
       0
       0
       0
       0
       0
       0
       0
       0
       0
       0
       1
       0
       0
       0
       0
       0
       0
       1
       0
       0
       0
       0
       0
       0
       2
       1
       0
       2
       1
       0
       0
       0
       0
       0
       0
       0
       0
       1
       0
       0
       0
       0
       0
       0
       0
       0
       0
       0
       0
       2
       0
       0
       0
       0
       0
       0
       1
       0
       0
       0
       0
       1
       0
       0
       0
       0
       0
       1
       1
       0
       1
       0
       0
       0
       0
       0
       0
       0
       1
       0
       0
       0
       0
       0
       0
       0
       0
       1
       0
       1
       0
       1
       0
       0
       0
       1
       1
       0
       1
       0
       0
       0
       0
       0
       0
       0
       1
       0
       1
       0
       0
       0
       0
       0
       0
       0
       0
       0
       0
       0
       1
       0
       1
       0
       0
       0
       0
       0
       0
       0
       0
       3
       0
       1
       2
       1
       2
       2
       0
       0
       0
       0
       0
       0
       1
       1
       0
       0
       0
       0
       0
       0
       0
       0
       0
       0
       0
       0
       0
       0
       0
       0
       0
       0
       1
       2
       0
       1
       0
       0
       0
       1
       0
       2
       1
       0
       0
       0
       0
       0
       0
       1
       1
       0
       0
       0
       1
       0
       0
       0
       1
       1
       0
       0
       0
       1
       0
       0
       0
       0
       0
       0
       0
       0
       0
       2
       0
       2
       0
       0
       0
       1
       0
       0
       0
       0
       0
       0
       0
       0
       0
       0
       0
       0
       0
       0
       0
       0
       0
       0
       0
       0
       0
       1
       0
       0
       0
       0
       0
       0
       0
       0
       0
       0
       0
       0
       0
       0
       1
       0
       0
       1
       0
       0
       0
       0
       0
       0
       0
       0
       0
       0
       0
       0
       0
       0
       0
       0
       1
       0
       0
       0
       0
       1
       0
       0
       1
       0
       0
       1
       0
       0
       0
       0
       0
       0
       0
       0
       0
       2
       0
       0
       0
       0
       0
       0
       0
       0
       0
       0
       0
       0
       0
       0
       1
       0
       0
       0
       0
       0
       0
       0
       0
       0
       1
       0
       0
       1
       0
       1
       0
       0
       1
       0
       1
       0
       0
       0
       1
       0
       0
       1
       0
       1
       0
       0
       0
       0
       0
       0
       0
       0
       1
       0
       0
       0
       0
       0
       0
       1
       0
       0
       0
       0
       0
       1
       0
       1
       0
       0
       0
       0
       0
       0
       0
       0
       0
       0
       0
       0
       1
       0
       0
       0
       0
       0
       0
       0
       0
       0
       0
       0
       0
       0
       0
       0
       1
       0
       1
       0
       0
       0
       0
       0
       1
       0
       0
       0
       0
       0
       0
       0
       0
       1
       0
       0
       1
       0
       0
       0
       0
       0
       0
       0
       0
       0
       0
       0
       0
       0
       0
       0
       1
       0
       0
       0
       0
       0
       0
       0
       0
       0
       0
       0
       1
       1
       0
       0
       0
       0
       0
       0
       0
       0
       0
       1
       0
       1
       0
       0
       1
       0
       0
       1
       0
       0
       0
       0
       0
       0
       0
       0
       0
       0
       0
       0
       0
       0
       1
       0
       0
       0
       0
       0
       0
       0
       0
       0
       0
       0
       0
       0
       1
       0
       1
       0
       1
       0
       0
       0
       0
       0
       0
       1
       0
       0
       0
       0
       0
       0
       0
       1
       0
       0
       0
       0
       0
       0
       0
       0
       0
       0
       0
       0
       0
       0
       0
       1
       0
       0
       0
       0
       1
       0
       1
       1
       0
       0
       1
       0
       0
       0
       0
       0
       0
       0
       0
       0
       0
       0
       0
       0
       1
       0
       0
       0
       0
       0
       0
       0
       0
       0
       0
       0
       1
       0
       0
       0
       0
       1
       0
       0
       0
       0
       0
       0
       0
       0
       0
       0
       0
       0
       0
       0
       1
       0
       0
       0
       0
       0
       0
       0
       0
       0
       0
       0
       0
       0
       0
       0
       0
       1
       0
       0
       0
       0
       1
       0
       0
       0
       0
       0
       0
       0
       0
       0
       0
       0
       0
       0
       1
       0
       0
       0
       1
       1
       0
       0
       0
       0
       0
       0
       0
       0
       0
       0
       0
       1
       0
       0
       0
       1
       0
       1
       1
       1
       0
       0
       1
       0
       0
       0
       0
       0
       0
       0
       0
       0
       0
       0
       0
       0
       0
       0
       0
       0
       0
       0
       0
       0
       0
       0
       0
       0
       1
       0
       1
       1
       0
       0
       0
       0
       0
       0
       0
       0
       0
       0
       0
       0
       0
       0
       0
       0
       0
       0
       0
       1
       0
       0
       0
       0
       0
       0
       1
       0
       0
       0
       0
       0
       0
       0
       0
       0
       0
       0
       1
       0
       0
       0
       0
       0
       0
       0
       1
       0
       0
       0
       0
       0
       0
       0
       0
       0
       0
       0
       1
       2
       0
       0
       0
       0
       0
       0
       0
       0
       0
       0
       0
       0
       0
       0
       0
       0
       1
       0
       0
       0
       0
       0
       0
       0
       0
       0
       0
       0
       0
       0
       0
       0
       0
       0
       0
       0
       0
       0
       0
       0
       0
       0
       0
       1
       0
       0
       0
       0
       0
       0
       0
       0
       1
       0
       0
       1
       0
       0
       0
       0
       0
       1
       0
       0
       0
       1
       0
       1
       0
       0
       0
       0
       0
       0
       1
       0
       0
       0
       0
       0
       0
       0
       0
       0
       0
       0
       0
       0
       0
       1
       0
       0
       0
       0
       0
       0
       0
       0
       0
       0
       0
       0
       0
       1
       0
       0
       0
       1
       0
       0
       0
       0
       1
       1
       0
       0
       0
       0
       0
       0
       0
       0
       1
       0
       0
       0
       0
       0
       0
       1
       0
       0
       0
       1
       0
       0
       0
       0
       0
       0
       0
       0
       1
       0
       0
       0
       0
       0
       1
       1
       0
       0
       0
       0
       0
       0
       0
       0
       0
       0
       0
       0
       0
       0
       0
       0
       0
       1
       0
       0
       0
       0
       0
       0
       0
       0
       0
       0
       0
       0
       0
       0
       0
       0
       0
       0
       0
       0
       0
       0
       0
       0
       0
       0
       0
       0
       1
       0
       0
       1
       0
       0
       0
       0
       1
       1
       0
       0
       0
       0
       1
       0
       0
       0
       0
       0
       0
       0
       0
       0
       0
       0
       0
       0
       0
       0
       0
       0
       0
       1
       0
       0
       0
       0
       1
       0
       1
       0
       0
       0
       0
       0
       0
       0
       0
       0
       0
       0
       0
       0
       0
       0
       0
       0
       0
       0
       0
       0
       0
       0
       0
       0
       0
       0
       0
       0
       0
       1
       0
       0
       0
       0
       0
       0
       1
       0
       0
       0
       0
       0
       0
       0
       0
       0
       0
       0
       0
       0
       0
       0
       0
       0
       0
       0
       0
       0
       1
       0
       0
       1
       1
       0
       1
       0
       0
       0
       0
       1
       0
       0
       0
       0
       0
       1
       0
       0
       0
       1
       1
       0
       0
       0
       0
       0
       0
       0
       0
       0
       0
       0
       0
       0
       0
       0
       0
       0
       0
       0
       0
       0
       0
       0
       0
       0
       0
       0
       0
       0
       0
       0
       1
       0
       0
       0
       1
       0
       0
       0
       0
       0
       0
       0
       0
       0
       0
       0
       0
       0
       0
       0
       0
       0
       0
       0
       0
       0
       0
       0
       0
       0
       0
       0
       0
       0
       0
       0
       0
       0
       0
       0
       1
       0
       0
       2
       0
       0
       0
       0
       0
       0
       0
       0
       0
       0
       0
       0
       0
       0
       0
       0
       0
       0
       0
       0
       1
       1
       0
       0
       0
       0
       0
       0
       0
       0
       0
       0
       0
       0
       0
       1
       0
       0
       0
       0
       0
       0
       0
       0
       0
       0
       0
       0
       0
       0
       0
       0
       0
       0
       0
       0
       1
       0
       0
       0
       0
       0
       0
       0
       0
       0
       0
       0
       0
       1
       0
       1
       1
       0
       0
       0
       1
       0
       0
       0
       0
       0
       1
       0
       0
       0
       0
       0
       1
       0
       0
       0
       0
       0
       0
       0
       0
       0
       0
       0
       0
       0
       0
       1
       0
       0
       0
       0
       0
       0
       0
       0
       0
       0
       0
       0
       1
       0
       1
       0
       0
       0
       0
       0
       0
       0
       0
       0
       0
       0
       1
       0
       1
       0
       0
       0
       0
       0
       0
       0
       0
       0
       1
       0
       0
       0
       0
       0
       0
       0
       0
       0
       0
       0
       0
       1
       0
       1
       0
       0
       0
       0
       0
       0
       0
       0
       0
       0
       0
       0
       0
       0
       0
       0
       0
       0
       0
       0
       0
       0
       0
       1
       0
       0
       0
       0
       0
       0
       0
       0
       0
       0
       0
       0
       1
       0
       0
       0
       0
       0
       0
       0
       0
       0
       0
       0
       0
       0
       0
       0
       0
       0
       0
       0
       0
       0
       0
       0
       0
       0
       1
       0
       0
       0
       0
       0
       0
       2
       0
       0
       0
       0
       1
       0
       0
       0
       0
       0
       0
       0
       0
       0
       1
       0
       0
       0
       0
       0
       0
       0
       0
       0
       0
       0
       1
       0
       0
       0
       0
       0
       0
       0
       0
       0
       0
       0
       0
       0
       0
       0
       0
       0
       0
       0
       0
       0
       0
       0
       0
       0
       0
       0
       0
       1
       0
       0
       0
       0
       0
       0
       0
       0
       0
       0
       0
       0
       0
       0
       0
       0
       0
       0
       0
       1
       0
       1
       1
       0
       0
       0
       0
       0
       0
       0
       0
       0
       0
       0
       0
       1
       0
       0
       0
       0
       0
       0
       0
       0
       0
       0
       0
       0
       0
       0
       0
       0
       0
       0
       0
       0
       0
       0
       0
       0
       0
       0
       0
       0
       0
       0
       0
       0
       0
       0
       0
       0
       0
       0
       0
       0
       0
       0
       0
       0
       0
       0
       0
       0
       0
       0
       0
       0
       0
       0
       0
       0
       0
       0
       0
       0
       0
       0
       0
       0
       0
       0
       0
       0
       0
       0
       0
       0
       0
       0
       0
       0
       0
       0
       0
       0
       0
       0
       0
       0
       0
       0
       0
       0
       0
       0
       0
       0
       0
       0
       0
       0
       0
       0
       0
       0
       0
       0
       0
       0
       0
       0
       0
       0
       0
       0
       0
       0
       0
       0
       0
       0
       0
       0
       0
       0
       0
       0
       0
       0
       0
       0
       0
       0
       0
       0
       0
       0
       0
       0
       0
       0
       0
       0
       0
       0
       0
       0
       0
       0
       0
       0
       0
       0
       0
       0
       0
       0
       0
       0
       0
       0
       0
       0
       0
       0
       0
       0
       0
       0
$ROI:
0
$PRESETS:
None
0
0
$ENER_FIT:
0.000000 0.000000
$MCA_CAL:
3
0.000000E+000 0.000000E+000 0.000000E+000 
$SHAPE_CAL:
3
0.000000E+000 0.000000E+000 0.000000E+000
