$SPEC_ID:
No sample description was entered.
$SPEC_REM:
DET# 1
DETDESC# SCE-SOPA-00035 MCB 133
AP# Maestro Version 7.01
$DATE_MEA:
11/08/2019 11:54:51
$MEAS_TIM:
3778 3779
$DATA:
0 4095
       0
       0
       0
       0
       0
       0
       0
       0
       0
       0
       0
       0
       0
       0
       0
       0
       0
       0
       0
       0
       0
       0
       1
       0
       0
       0
       0
       2
       3
      11
      93
     106
      99
     112
      99
     114
      99
     111
     113
      87
      87
     105
      91
      91
     115
     118
     112
     152
     127
     103
      91
      88
     106
      92
      87
     120
     101
     101
     100
     113
      89
     109
     119
     106
     139
     105
     108
      95
      88
     108
     109
     103
     105
      97
      95
     100
     108
      92
     102
     103
     118
      90
     112
      91
     108
     119
     114
     109
     114
     116
     115
     104
     131
     140
     146
     120
     130
     116
     115
     142
     109
     112
     133
     127
     109
     105
     134
     129
     132
     124
     119
     140
     149
     123
     142
     125
     126
     164
     115
     148
     137
     129
     130
     129
     129
     113
     132
     128
     132
     125
     133
     138
     132
     127
     139
     142
     120
     117
     128
     147
     139
     145
     148
     160
     143
     129
     144
     143
     145
     139
     126
     143
     139
     145
     138
     125
     156
     142
     131
     106
     130
     114
     109
     133
     143
     136
     129
     135
     119
     137
     131
     122
     119
     142
     117
     126
     130
     125
     132
     144
     120
     123
     134
     142
     128
     134
     132
     127
     133
     150
     136
     130
     126
     135
     111
     105
     137
     109
     118
     104
     118
     138
     140
     129
     138
     109
     122
     128
     131
     121
     154
     131
     143
     150
     138
     158
     161
     169
     141
     171
     155
     154
     178
     162
     151
     158
     148
     141
     146
     149
     148
     104
     143
     161
     127
     133
     125
     126
     140
     136
     121
     126
     110
     134
     137
     114
     133
     120
     110
      93
     136
      92
     109
      99
      94
     106
     118
     120
     129
     109
      80
      89
      96
     111
      84
     104
     112
     124
      99
      99
     101
      87
      85
     105
      74
      82
      86
      88
      96
      88
      87
      99
      86
     103
      95
      77
      78
      73
     104
      96
      80
      84
      82
      81
      81
      82
      92
      68
      85
      68
      78
      67
      80
      87
      75
      81
      88
      70
      65
      90
      83
      67
      72
      74
      91
      72
      66
      58
      75
      74
      93
      50
      70
      83
      79
      67
      60
      75
      64
      59
      65
      69
      75
      68
      53
      67
      59
      57
      66
      71
      72
      64
      61
      74
      68
      59
      73
      56
      79
      69
      61
      60
      67
      58
      77
      60
      65
      51
      66
      58
      64
      57
      79
      63
      59
      60
      50
      62
      63
      77
      75
      51
      52
      58
      60
      48
      52
      61
      48
      58
      64
      62
      73
      47
      77
      44
      48
      68
      59
      60
      49
      63
      48
      59
      53
      47
      60
      57
      65
      56
      63
      51
      64
      58
      50
      59
      44
      46
      44
      66
      62
      60
      62
      55
      48
      60
      49
      52
      43
      61
      49
      42
      51
      55
      45
      65
      65
      56
      61
      56
      50
      45
      53
      54
      43
      63
      62
      59
      49
      39
      66
      55
      35
      40
      54
      56
      42
      49
      43
      46
      60
      61
      50
      56
      44
      57
      57
      56
      56
      60
      51
      54
      43
      49
      53
      52
      53
      58
      60
      53
      49
      67
      60
      52
      51
      59
      57
      51
      50
      46
      50
      47
      51
      42
      33
      40
      36
      64
      41
      43
      54
      58
      59
      46
      37
      50
      58
      45
      48
      39
      49
      55
      52
      46
      53
      49
      41
      58
      47
      51
      49
      48
      56
      63
      61
      64
      62
      46
      58
      53
      42
      54
      51
      40
      48
      56
      39
      40
      40
      47
      34
      41
      44
      46
      43
      56
      48
      45
      42
      48
      39
      40
      49
      44
      67
      58
      33
      59
      47
      51
      52
      46
      57
      33
      49
      44
      37
      42
      48
      51
      48
      42
      48
      49
      46
      42
      50
      42
      46
      62
      44
      36
      45
      35
      45
      48
      48
      41
      36
      54
      43
      40
      39
      44
      46
      53
      44
      53
      41
      52
      32
      60
      44
      50
      41
      48
      45
      53
      49
      38
      49
      49
      41
      54
      59
      54
      51
      50
      47
      53
      41
      31
      46
      43
      41
      49
      38
      42
      47
      41
      36
      45
      60
      47
      46
      41
      41
      39
      39
      49
      48
      54
      46
      50
      38
      49
      38
      48
      52
      55
      43
      42
      44
      37
      46
      44
      49
      32
      43
      49
      36
      36
      57
      46
      41
      44
      41
      51
      41
      41
      45
      45
      42
      56
      34
      53
      48
      45
      47
      37
      46
      37
      56
      44
      49
      60
      46
      44
      40
      41
      40
      44
      49
      53
      35
      53
      46
      49
      45
      46
      50
      31
      41
      46
      51
      50
      46
      52
      46
      48
      49
      42
      42
      42
      55
      59
      44
      45
      39
      37
      54
      42
      43
      57
      50
      41
      45
      40
      47
      40
      51
      45
      43
      50
      40
      46
      45
      54
      52
      58
      28
      45
      37
      41
      49
      44
      55
      53
      37
      47
      44
      37
      50
      50
      46
      36
      38
      48
      58
      44
      45
      51
      43
      45
      45
      41
      62
      42
      35
      45
      42
      42
      44
      45
      47
      62
      44
      56
      44
      45
      52
      49
      49
      49
      50
      48
      54
      42
      48
      52
      42
      54
      51
      52
      62
      46
      38
      48
      48
      60
      56
      48
      49
      48
      47
      45
      48
      44
      38
      41
      43
      49
      48
      46
      51
      41
      48
      54
      47
      51
      50
      50
      37
      46
      54
      54
      58
      52
      53
      57
      42
      54
      50
      43
      54
      69
      52
      54
      58
      53
      42
      65
      55
      45
      54
      49
      57
      48
      59
      48
      62
      37
      52
      51
      61
      56
      60
      47
      58
      48
      46
      45
      37
      51
      56
      56
      49
      70
      49
      58
      45
      58
      38
      54
      47
      53
      44
      58
      61
      62
      59
      56
      57
      53
      62
      58
      58
      54
      54
      41
      52
      67
      45
      55
      49
      59
      69
      53
      65
      46
      56
      58
      53
      58
      59
      60
      59
      67
      70
      67
      59
      51
      66
      61
      65
      66
      53
      61
      52
      50
      50
      63
      75
      52
      62
      59
      57
      68
      65
      78
      72
      63
      72
      74
      68
      70
      48
      53
      61
      62
      69
      66
      51
      63
      65
      49
      54
      66
      66
      63
      65
      56
      80
      71
      67
      82
      79
      58
      74
      85
      76
      66
      59
      67
      74
      80
      67
      58
      69
      67
      70
      70
      79
      72
      79
      84
      74
      74
      73
      49
      77
      52
      48
      36
      55
      59
      54
      51
      44
      57
      51
      54
      50
      50
      47
      35
      49
      43
      45
      58
      51
      61
      55
      48
      60
      51
      57
      56
      43
      40
      58
      47
      52
      50
      43
      60
      61
      34
      58
      60
      49
      53
      41
      33
      49
      43
      42
      48
      56
      50
      45
      50
      45
      47
      56
      49
      41
      56
      45
      45
      57
      56
      40
      36
      49
      57
      49
      51
      51
      48
      40
      51
      42
      41
      42
      48
      50
      56
      46
      52
      39
      45
      45
      47
      46
      41
      52
      36
      37
      45
      47
      39
      45
      43
      52
      47
      61
      42
      45
      37
      45
      45
      49
      42
      37
      49
      40
      49
      41
      41
      48
      46
      38
      39
      44
      37
      40
      44
      61
      50
      55
      43
      37
      50
      47
      55
      47
      42
      41
      41
      51
      40
      39
      45
      41
      38
      45
      41
      56
      50
      46
      45
      49
      44
      51
      57
      49
      42
      49
      42
      47
      42
      48
      36
      39
      39
      32
      34
      44
      36
      34
      22
      23
      39
      30
      30
      24
      25
      25
      37
      26
      28
      30
      34
      25
      25
      25
      29
      27
      18
      21
      19
      27
      19
      29
      33
      24
      23
      40
      25
      27
      38
      26
      28
      27
      25
      28
      25
      22
      23
      29
      32
      32
      25
      53
     100
     373
     776
    1188
    1111
     576
     199
      57
      26
      13
      14
      22
      17
      19
      14
      14
      12
      14
      17
      19
      21
      20
      18
       9
      21
      13
      13
      15
      15
      20
      18
      13
       8
      17
      10
      18
      11
      10
      14
      18
      13
       9
      10
      10
      13
      10
      10
      16
      10
       6
      12
       8
      10
       9
      14
       8
       4
       4
      10
      12
       7
      12
       7
      11
      11
       4
       6
      10
       6
       8
       6
       8
       7
      10
      11
       3
       7
       8
       6
       9
      10
      12
      10
       6
       6
       7
       6
       6
       6
       4
       9
       7
       8
       7
       2
       4
       8
       3
       7
       9
       2
       6
       7
       4
       8
       7
       4
      10
       8
      10
       8
       3
       3
       5
       6
       8
       6
       2
       5
       5
       3
       1
       4
       8
       5
       8
       6
       4
       3
       8
       7
       5
       6
       7
       6
       9
      11
       6
       6
       4
       2
       7
       3
       9
      11
       5
       5
       4
       4
       5
       7
      10
       6
      10
       8
       3
       5
       8
      15
      42
     120
     342
     685
    1032
     908
     523
     203
      33
      16
       6
       2
       4
       3
       4
       4
       2
       3
       4
       1
       2
       2
       1
       3
       4
       0
       2
       3
       1
       3
       3
       2
       1
       2
       1
       2
       4
       2
       3
       2
       2
       5
       2
       2
       4
       0
       2
       5
       5
       0
       1
       0
       1
       1
       1
       2
       3
       3
       0
       0
       3
       1
       2
       2
       2
       0
       3
       2
       3
       0
       2
       2
       2
       0
       2
       1
       2
       2
       0
       0
       2
       1
       5
       1
       2
       4
       2
       1
       2
       4
       0
       1
       3
       4
       1
       3
       0
       1
       1
       0
       3
       1
       2
       1
       1
       3
       2
       1
       1
       2
       2
       1
       5
       2
       0
       2
       1
       2
       0
       2
       1
       5
       3
       0
       5
       0
       0
       1
       4
       3
       1
       2
       2
       7
       6
       2
       3
       1
       3
       3
       2
       3
       1
       3
       2
       2
       3
       2
       3
       1
       4
       3
       3
       2
       1
       2
       2
       1
       2
       3
       2
       1
       0
       1
       0
       4
       0
       0
       3
       0
       3
       0
       2
       2
       1
       2
       0
       4
       1
       5
       1
       0
       5
       0
       2
       2
       0
       0
       1
       2
       3
       2
       3
       1
       1
       4
       3
       1
       1
       0
       4
       0
       1
       2
       1
       0
       1
       2
       1
       2
       2
       2
       2
       0
       1
       3
       3
       2
       3
       1
       0
       0
       2
       0
       4
       0
       0
       1
       2
       2
       1
       1
       1
       0
       2
       0
       0
       1
       0
       1
       0
       1
       3
       1
       1
       2
       1
       1
       2
       2
       3
       1
       1
       1
       0
       2
       1
       1
       0
       1
       1
       3
       1
       1
       2
       1
       2
       0
       4
       1
       1
       0
       1
       0
       3
       4
       3
       4
       1
       2
       0
       1
       1
       1
       1
       2
       2
       0
       1
       1
       2
       3
       2
       0
       1
       1
       1
       5
       1
       3
       0
       1
       1
       0
       0
       2
       1
       2
       2
       2
       1
       1
       0
       1
       1
       0
       1
       2
       0
       0
       1
       2
       0
       0
       4
       0
       1
       0
       1
       0
       0
       0
       0
       3
       1
       0
       3
       1
       0
       1
       1
       0
       3
       1
       1
       0
       0
       2
       0
       0
       0
       1
       0
       0
       0
       1
       1
       0
       1
       3
       0
       1
       0
       2
       4
       0
       1
       1
       0
       2
       4
       0
       0
       1
       0
       0
       2
       0
       1
       1
       2
       4
       0
       1
       0
       1
       1
       1
       1
       3
       1
       1
       1
       1
       1
       0
       0
       2
       2
       5
       2
       1
       3
       3
       0
       0
       0
       0
       1
       1
       0
       0
       0
       0
       3
       0
       0
       0
       1
       1
       0
       0
       1
       0
       1
       1
       5
       0
       2
       1
       0
       1
       0
       2
       2
       1
       0
       0
       4
       2
       0
       1
       1
       0
       1
       1
       1
       1
       0
       0
       1
       0
       1
       2
       2
       1
       1
       2
       0
       0
       1
       1
       0
       1
       2
       3
       0
       0
       1
       1
       2
       0
       2
       1
       1
       0
       1
       1
       0
       2
       0
       0
       2
       2
       0
       2
       1
       1
       0
       1
       0
       1
       1
       1
       1
       0
       3
       1
       2
       1
       2
       3
       1
       2
       0
       3
       1
       2
       0
       2
       1
       1
       0
       3
       1
       0
       1
       1
       0
       0
       2
       0
       0
       0
       0
       1
       0
       0
       0
       0
       1
       3
       1
       0
       0
       2
       0
       1
       1
       0
       1
       1
       1
       0
       2
       2
       1
       1
       1
       0
       1
       2
       1
       2
       1
       1
       0
       0
       2
       1
       0
       0
       0
       1
       0
       3
       1
       1
       2
       0
       2
       0
       1
       2
       0
       1
       0
       0
       0
       2
       1
       1
       1
       0
       0
       1
       1
       2
       2
       1
       0
       0
       0
       0
       0
       0
       1
       0
       3
       1
       1
       1
       2
       1
       1
       1
       0
       1
       2
       0
       1
       2
       2
       2
       1
       2
       1
       2
       1
       1
       0
       1
       1
       1
       3
       0
       1
       1
       1
       0
       0
       0
       0
       2
       0
       0
       1
       0
       1
       1
       1
       2
       1
       0
       1
       1
       1
       2
       0
       0
       0
       0
       0
       1
       1
       0
       3
       1
       0
       1
       1
       0
       2
       1
       0
       1
       0
       1
       1
       0
       0
       0
       0
       0
       0
       0
       0
       0
       1
       0
       0
       0
       0
       1
       3
       2
       1
       1
       0
       2
       1
       0
       1
       0
       1
       1
       0
       1
       1
       0
       1
       2
       1
       1
       3
       2
       1
       0
       0
       0
       1
       0
       0
       1
       1
       0
       0
       0
       0
       1
       3
       0
       0
       0
       2
       2
       0
       1
       0
       1
       0
       2
       2
       1
       3
       1
       0
       1
       0
       1
       0
       0
       3
       2
       0
       1
       1
       1
       2
       0
       1
       1
       0
       2
       1
       0
       1
       2
       1
       1
       3
       1
       0
       0
       2
       2
       0
       0
       0
       0
       1
       0
       1
       0
       0
       2
       2
       3
       1
       0
       2
       1
       0
       0
       1
       0
       1
       0
       0
       1
       1
       2
       1
       0
       2
       1
       1
       1
       0
       1
       0
       0
       1
       0
       1
       0
       0
       0
       1
       0
       0
       2
       0
       1
       0
       0
       1
       0
       0
       0
       1
       0
       2
       0
       1
       1
       0
       0
       1
       0
       2
       0
       0
       0
       3
       0
       0
       1
       0
       1
       1
       0
       0
       0
       2
       0
       0
       0
       1
       2
       1
       1
       1
       1
       0
       3
       0
       2
       1
       1
       1
       1
       0
       0
       0
       1
       0
       2
       0
       0
       2
       0
       2
       1
       1
       0
       2
       0
       1
       0
       0
       0
       0
       0
       0
       0
       1
       0
       2
       0
       2
       1
       2
       1
       1
       0
       0
       2
       0
       1
       0
       0
       1
       0
       0
       0
       0
       1
       0
       0
       2
       2
       1
       1
       0
       1
       0
       1
       2
       0
       0
       1
       2
       2
       0
       1
       0
       0
       0
       1
       0
       0
       0
       2
       0
       0
       0
       4
       1
       1
       1
       0
       2
       0
       1
       1
       0
       0
       0
       1
       3
       0
       2
       1
       1
       0
       0
       2
       0
       0
       0
       0
       1
       1
       0
       1
       1
       1
       1
       0
       1
       1
       1
       0
       1
       0
       1
       0
       0
       0
       1
       1
       1
       1
       0
       0
       0
       0
       1
       1
       2
       1
       1
       1
       0
       0
       1
       0
       0
       0
       0
       0
       0
       0
       0
       1
       0
       3
       0
       3
       2
       1
       0
       0
       0
       0
       0
       0
       0
       1
       0
       0
       1
       0
       2
       1
       2
       2
       0
       0
       0
       0
       0
       0
       0
       0
       1
       0
       1
       0
       1
       0
       1
       1
       0
       0
       0
       0
       0
       0
       0
       1
       0
       0
       0
       1
       0
       0
       0
       0
       1
       1
       1
       0
       0
       0
       0
       0
       1
       0
       0
       0
       0
       0
       0
       0
       1
       0
       1
       0
       1
       0
       0
       0
       1
       0
       0
       2
       0
       1
       0
       0
       0
       1
       0
       1
       0
       0
       2
       0
       1
       1
       0
       0
       0
       0
       0
       0
       0
       0
       0
       0
       0
       1
       0
       2
       0
       0
       0
       0
       0
       1
       0
       0
       1
       1
       0
       0
       1
       0
       0
       0
       0
       1
       1
       1
       0
       0
       0
       1
       0
       0
       1
       0
       0
       0
       0
       0
       0
       1
       0
       2
       0
       0
       0
       0
       1
       1
       0
       0
       2
       0
       1
       0
       0
       0
       0
       0
       0
       0
       1
       0
       1
       0
       1
       0
       2
       0
       2
       1
       5
       2
       5
       3
       1
       1
       0
       0
       0
       0
       0
       0
       0
       0
       0
       0
       0
       0
       0
       0
       0
       0
       0
       0
       1
       0
       0
       0
       0
       0
       0
       0
       1
       0
       0
       0
       0
       0
       0
       1
       1
       1
       0
       0
       1
       0
       0
       0
       0
       0
       0
       1
       0
       0
       1
       0
       0
       0
       0
       0
       1
       0
       0
       0
       0
       1
       0
       0
       1
       0
       0
       0
       0
       0
       0
       0
       1
       0
       0
       0
       0
       0
       0
       0
       0
       1
       0
       0
       0
       1
       1
       0
       0
       0
       0
       0
       0
       1
       0
       0
       0
       0
       0
       1
       1
       0
       0
       1
       0
       1
       2
       3
       2
       0
       1
       1
       4
       0
       0
       0
       0
       0
       0
       0
       0
       0
       0
       1
       1
       0
       1
       1
       0
       0
       0
       0
       0
       0
       0
       0
       0
       0
       0
       1
       0
       0
       0
       1
       0
       0
       0
       1
       0
       0
       0
       1
       1
       0
       0
       1
       0
       0
       0
       0
       0
       0
       0
       0
       1
       0
       1
       0
       0
       0
       0
       0
       0
       0
       0
       0
       0
       0
       0
       0
       0
       0
       0
       0
       0
       0
       1
       0
       0
       0
       0
       0
       0
       0
       0
       0
       0
       0
       0
       0
       0
       0
       0
       0
       1
       0
       0
       0
       0
       1
       0
       0
       0
       0
       1
       0
       0
       1
       1
       0
       0
       0
       0
       0
       0
       0
       0
       1
       0
       0
       1
       0
       1
       0
       0
       0
       0
       0
       0
       0
       0
       0
       0
       0
       0
       0
       0
       0
       0
       0
       0
       0
       1
       0
       0
       0
       0
       0
       0
       1
       0
       1
       0
       0
       0
       0
       0
       1
       0
       0
       1
       0
       0
       0
       0
       1
       0
       0
       0
       0
       0
       0
       0
       0
       0
       0
       0
       0
       0
       0
       0
       0
       1
       1
       1
       0
       0
       0
       0
       0
       0
       0
       0
       0
       0
       0
       0
       1
       0
       0
       0
       0
       0
       0
       0
       0
       0
       0
       1
       0
       0
       0
       0
       0
       1
       0
       0
       0
       0
       0
       0
       0
       0
       0
       0
       0
       0
       1
       0
       2
       0
       1
       0
       0
       0
       1
       0
       0
       0
       0
       1
       0
       0
       1
       0
       0
       0
       0
       0
       0
       1
       0
       0
       0
       1
       1
       0
       0
       0
       0
       0
       1
       0
       0
       1
       0
       0
       0
       0
       0
       0
       1
       0
       0
       0
       0
       0
       0
       0
       0
       1
       0
       0
       0
       0
       0
       0
       0
       0
       0
       0
       0
       0
       0
       0
       0
       0
       0
       0
       0
       0
       1
       0
       0
       0
       0
       0
       0
       0
       0
       0
       0
       0
       0
       0
       0
       1
       0
       0
       1
       0
       0
       0
       0
       2
       0
       0
       0
       0
       0
       0
       0
       0
       0
       0
       0
       0
       0
       0
       0
       0
       0
       0
       0
       1
       0
       0
       1
       0
       0
       0
       0
       0
       0
       0
       0
       0
       0
       0
       0
       0
       0
       0
       0
       0
       1
       0
       0
       0
       0
       2
       0
       0
       0
       1
       2
       0
       0
       0
       0
       0
       0
       1
       1
       0
       2
       0
       0
       0
       0
       0
       2
       0
       0
       0
       0
       1
       0
       1
       0
       1
       1
       0
       2
       0
       0
       0
       0
       1
       0
       0
       0
       0
       0
       0
       0
       0
       1
       2
       0
       0
       0
       0
       0
       0
       0
       0
       0
       0
       0
       0
       0
       0
       0
       0
       0
       0
       1
       0
       0
       0
       0
       0
       0
       0
       0
       0
       0
       1
       0
       0
       1
       0
       0
       0
       0
       0
       0
       1
       0
       0
       0
       0
       0
       0
       0
       0
       0
       0
       0
       0
       1
       0
       1
       0
       0
       0
       0
       0
       0
       0
       0
       0
       0
       0
       0
       0
       0
       0
       0
       0
       0
       1
       0
       0
       0
       0
       0
       0
       0
       0
       0
       0
       2
       0
       0
       0
       0
       0
       0
       0
       0
       0
       0
       0
       0
       0
       0
       0
       0
       0
       0
       0
       1
       0
       0
       0
       0
       0
       0
       0
       0
       0
       0
       0
       0
       0
       0
       0
       0
       0
       2
       0
       0
       0
       0
       0
       0
       0
       0
       0
       0
       0
       0
       1
       0
       0
       0
       0
       0
       0
       0
       0
       0
       0
       0
       0
       0
       0
       0
       0
       0
       0
       0
       0
       0
       1
       0
       0
       1
       0
       0
       0
       0
       0
       0
       0
       0
       0
       1
       0
       0
       0
       0
       0
       0
       0
       0
       0
       0
       0
       0
       0
       0
       0
       0
       1
       0
       0
       0
       0
       0
       0
       0
       0
       0
       0
       0
       0
       0
       0
       0
       0
       0
       0
       1
       0
       0
       0
       0
       0
       0
       0
       0
       0
       0
       0
       0
       0
       0
       0
       0
       0
       0
       0
       0
       0
       0
       0
       0
       0
       1
       0
       0
       0
       0
       0
       0
       0
       0
       0
       0
       0
       0
       0
       0
       0
       0
       0
       0
       0
       0
       1
       0
       0
       0
       0
       1
       0
       0
       0
       0
       0
       1
       0
       0
       0
       0
       0
       0
       0
       0
       0
       0
       0
       0
       1
       0
       0
       1
       0
       0
       0
       0
       0
       0
       0
       0
       0
       0
       0
       1
       0
       0
       1
       0
       0
       0
       0
       0
       0
       0
       0
       0
       0
       0
       0
       0
       0
       0
       0
       1
       0
       0
       0
       0
       0
       0
       0
       0
       0
       0
       0
       0
       0
       0
       0
       0
       0
       0
       0
       0
       0
       0
       0
       0
       0
       1
       1
       0
       0
       0
       0
       0
       0
       0
       0
       0
       0
       0
       0
       0
       0
       0
       0
       0
       0
       1
       0
       0
       0
       0
       0
       0
       0
       0
       2
       1
       0
       0
       1
       0
       0
       0
       0
       0
       0
       0
       0
       0
       1
       0
       0
       0
       0
       0
       0
       0
       1
       0
       0
       0
       0
       0
       0
       0
       0
       0
       0
       1
       1
       0
       0
       0
       0
       1
       0
       0
       0
       0
       0
       0
       0
       0
       0
       0
       0
       0
       0
       0
       0
       0
       0
       0
       0
       0
       0
       0
       0
       0
       0
       0
       0
       0
       0
       0
       0
       1
       0
       0
       0
       0
       0
       0
       0
       0
       0
       0
       0
       0
       0
       1
       0
       0
       0
       0
       0
       0
       1
       0
       0
       1
       0
       0
       0
       1
       0
       0
       0
       0
       0
       0
       0
       0
       0
       0
       0
       0
       0
       0
       0
       0
       1
       0
       0
       0
       0
       0
       0
       0
       0
       0
       2
       0
       0
       0
       0
       0
       0
       0
       1
       0
       0
       0
       0
       0
       0
       0
       1
       1
       0
       1
       0
       0
       0
       0
       1
       0
       0
       0
       0
       0
       0
       0
       1
       0
       0
       0
       0
       0
       0
       0
       0
       0
       0
       0
       0
       0
       0
       0
       0
       0
       0
       1
       0
       0
       0
       0
       0
       0
       0
       0
       0
       0
       0
       0
       0
       1
       0
       0
       0
       0
       0
       0
       0
       0
       0
       0
       0
       0
       0
       0
       2
       0
       0
       0
       0
       1
       0
       0
       0
       0
       0
       0
       0
       0
       0
       0
       0
       0
       0
       0
       0
       0
       1
       0
       0
       0
       0
       0
       0
       0
       0
       0
       0
       0
       0
       0
       0
       0
       0
       1
       1
       0
       0
       0
       0
       0
       0
       1
       0
       1
       0
       0
       0
       0
       0
       0
       0
       0
       0
       0
       1
       0
       0
       0
       0
       0
       0
       0
       0
       0
       0
       0
       0
       0
       0
       0
       0
       0
       0
       0
       0
       0
       0
       0
       0
       0
       0
       0
       0
       0
       0
       1
       1
       0
       0
       0
       0
       0
       0
       0
       0
       0
       0
       0
       0
       0
       0
       0
       0
       0
       0
       0
       0
       0
       0
       0
       0
       0
       0
       0
       0
       0
       1
       0
       0
       1
       0
       0
       0
       0
       0
       0
       0
       0
       1
       0
       0
       0
       0
       0
       0
       0
       0
       0
       0
       0
       1
       0
       0
       0
       1
       0
       0
       0
       0
       0
       0
       1
       0
       1
       0
       0
       0
       0
       1
       1
       0
       0
       0
       0
       0
       0
       0
       1
       0
       1
       0
       0
       2
       0
       0
       0
       0
       0
       0
       0
       0
       0
       0
       0
       0
       0
       0
       2
       0
       0
       0
       0
       0
       0
       0
       0
       0
       0
       0
       0
       0
       0
       0
       0
       0
       0
       0
       0
       0
       0
       0
       0
       0
       0
       0
       0
       0
       0
       0
       0
       0
       0
       0
       0
       0
       0
       0
       0
       0
       0
       0
       0
       0
       0
       0
       0
       0
       0
       0
       0
       0
       1
       0
       0
       0
       0
       1
       0
       0
       0
       0
       0
       0
       0
       0
       0
       0
       0
       0
       0
       0
       0
       1
       0
       0
       1
       2
       0
       0
       0
       0
       1
       0
       0
       0
       0
       0
       0
       0
       0
       0
       0
       0
       0
       0
       0
       0
       0
       0
       0
       0
       0
       0
       0
       0
       0
       0
       0
       2
       0
       0
       0
       0
       1
       0
       0
       0
       0
       0
       0
       0
       0
       0
       0
       0
       0
       0
       0
       0
       0
       0
       0
       0
       0
       0
       0
       0
       0
       0
       0
       0
       0
       0
       0
       0
       0
       0
       0
       0
       0
       0
       0
       0
       0
       0
       0
       0
       0
       0
       0
       0
       0
       0
       0
       0
       0
       0
       0
       0
       0
       0
       0
       0
       0
       0
       0
       0
       0
       0
       0
       0
       0
       0
       0
       0
       0
       0
       0
       0
       0
       0
       0
       0
       0
       0
       0
       0
       0
       0
       0
       0
       0
       0
       0
       0
       0
       0
       0
       0
       0
       0
       0
       0
       0
       0
       0
       0
       0
       0
       0
       0
       0
       0
       0
       0
       0
       0
       0
       0
       0
       0
       0
       0
       0
       0
       0
       0
       0
       0
       0
       0
       0
       0
       0
       0
       0
       0
       0
       0
       0
       0
       0
       0
       0
       0
       0
       0
       0
       0
       0
       0
       0
       0
       0
       0
       0
       0
       0
       0
       0
       0
       0
       0
       0
       0
       0
       0
       0
       0
       0
$ROI:
0
$PRESETS:
None
0
0
$ENER_FIT:
0.000000 0.000000
$MCA_CAL:
3
0.000000E+000 0.000000E+000 0.000000E+000 
$SHAPE_CAL:
3
0.000000E+000 0.000000E+000 0.000000E+000
