0.053209095
0.0652318
0.063356093
0.02724316
0.025869306
0.020627107
0.033353185
0.046957156
0.007946834
0.007097207
0.012284469
0.044208045
0.023154979
0.018561202
0.023061024
0.014549648
0.014172506
0.008041734
0.00633723
0.006333616
0.006656497
0.005655743
0.004477005
0.009036661
0.004109026
0.041992403
0.007761306
0.00445783
0.002892955
0.107723635

30.983
81.230
161.292
277.546
304.100
357.400
385.950
39.907
1176.789
1336.513
662.747
122.207
245.391
345.095
368.299
412.016
444.873
780.077
868.651
965.354
1087.380
1113.481
1409.718
511.869
1276.021
72.971
570.175
1065.09
1773.217
59.683

0.003331232
0.004089564
0.003975779
0.001705724
0.001612516
0.001281315
0.002081377
0.00144062
0.00057433
0.000512921
0.000751936
0.001298569
0.000682965
0.000545032
0.000683445
0.000427331
0.000423619
0.000236287
0.000187203
0.000185639
0.000197149
0.000166056
0.000131038
0.001257746
0.000571912
0.00050646
3.60048E-05
2.44626E-05
1.73108E-05
0.004340059
