0
0
0
0
0
0
10
10
10
10
10
10
20
20
20
20
20
20
30
30
30
30
30
30
40
40
40
40
40
40
50
50
50
50
50
50

20
30
40
50
60
70
20
30
40
50
60
70
20
30
40
50
60
70
20
30
40
50
60
70
20
30
40
50
60
70
20
30
40
50
60
70

1
0.718066978
0.527828476
0.40583859
0.318547302
0.249600888
0.993650782
0.701659869
0.506808573
0.393576896
0.323553006
0.255318229
0.865457436
0.599495889
0.494223667
0.372495505
0.285036213
0.241402715
0.705032176
0.540810443
0.417732448
0.301245634
0.243616988
0.222081612
0.546647079
0.466400321
0.372842552
0.309624201
0.251025748
0.20577942
0.442141878
0.38768446
0.318734589
0.273086179
0.214064175
0.196295584

0.000768438
0.0006451
0.000563687
0.000541012
0.000529055
0.000469467
0.000761854
0.000636428
0.000566348
0.000531979
0.000506453
0.000511709
0.000706978
0.000603198
0.00055941
0.000541138
0.000520169
0.000509367
0.000639071
0.000580185
0.000554706
0.000527185
0.000466952
0.000487574
0.000580258
0.000554843
0.000544916
0.00050789
0.000496505
0.000447673
0.000554834
0.000556545
0.000558375
0.000532084
0.000487084
0.000552019
