r, z, data
0.0 0.5 0347326001
0.0 0.7 0268002001
0.0 1.0 0184030001
0.0 1.2 0145631001
0.0 1.5 0105526001
0.0 1.7 0867493000
0.0 2.0 0663334000
0.2 0.5 0341844001
0.2 0.7 0263105001
0.2 1.0 0180709001
0.2 1.2 0143213001
0.2 1.5 0104052001
0.2 1.7 0856832000
0.2 2.0 0656633000
0.3 0.5 0334747001
0.3 2.0 0648380000
0.5 0.5 0310222001
0.5 0.7 0236691001
0.5 1.0 0163710001
0.5 1.2 0131011001
0.5 1.5 0966558000
0.5 1.7 0803303000
0.5 2.0 0622856000
0.7 0.5 0268845001
0.7 0.7 0206026001
0.7 1.0 0145479001
0.7 1.2 0118157001
0.7 1.5 0888993000
0.7 1.7 0746960000
0.7 2.0 0586992000
0.9 0.5 0209888001
0.9 0.7 0167198001
0.9 1.7 0679298000
0.9 2.0 0543660000
1.0 0.5 0176872001
1.0 0.7 0146536001
1.0 1.0 0112269001
1.0 1.2 0948851000
1.0 1.5 0747229000
1.0 1.7 0642846000
1.0 2.0 0519535000
1.1 0.5 0144968001 0218160001 0227765001
1.1 1.0 0100944001 0225466001 0227904001
1.1 1.5 0697143000 0226972001 0227987001
1.1 2.0 0494863000 0227513001 0228041001
1.2 0.5 0116614001 0173333001 0195798001
1.2 0.7 0107630001 0183461001 0195971001
1.2 1.0 0900369000 0189875001 0196168001
1.2 1.2 0789793000 0191940001 0196271001
1.2 1.5 0647217000 0193703001 0196393001
1.2 1.7 0567392000 0194417001 0196459001
1.2 2.0 0469697000 0195124001 0196540001
1.3 0.5 0930460000 0139675001 0173382001
1.3 1.2 0714392000 0166887001 0174205001
1.3 2.0 0444368000 0172219001 0174677001
1.4 0.7 0764653000 0130045001 0156404001
1.4 1.0 0703917000 0142410001 0156907001
1.4 1.2 0643411000 0146860001 0157169001
1.4 1.5 0550965000 0150881001 0157483001
1.4 1.7 0494131000 0152573001 0157652001
1.5 0.5 0596918000 0938650000 0141740001
1.5 2.0 0394379000 0139552001 0144251001
1.6 0.7 0541656000 0950866000 0130459001
1.6 1.0 0543705000 0110050001 0131287001
1.6 1.2 0517429000 0116064001 0131721001
1.6 1.5 0463285000 0121853001 0132244001
1.6 1.7 0424968000 0124404001 0132528001
1.7 0.5 0396802000 0662547000 0119428001
1.7 1.2 0462936000 0103915001 0121773001
1.7 2.0 0346829000 0116290001 0123164001
1.8 0.5 0328702000 0566434000 0110407001
1.8 1.0 0419543000 0867005000 0112506001
1.8 1.5 0386678000 0100262001 0113836001
1.8 2.0 0324392000 0106851001 0114727001
1.9 0.7 0333081000 0627506000 0103506001
1.9 1.2 0370356000 0842492000 0105461001
1.9 1.7 0334333000 0947923000 0106739001
2.0 0.5 0232420000 0426707000 0953094000
2.0 1.0 0325801000 0694977000 0978962000
2.0 1.5 0321716000 0835776000 0995676000
2.0 2.0 0282709000 0910596000 0100702001
2.1 0.7 0247814000 0491955000 0901824000
2.1 1.2 0297243000 0692450000 0925270000
2.1 1.7 0283671000 0802655000 0940878000
2.2 0.5 0170238000 0332521000 0831238000
2.2 1.0 0255638000 0566248000 0861078000
2.2 1.5 0267713000 0704245000 0880783000
2.2 2.0 0245577000 0783745000 0894347000
2.3 0.5 0147370000 0296667000 0778670000
2.3 0.7 0188609000 0394823000 0792893000
2.3 1.2 0240083000 0576390000 0819539000
2.3 1.7 0240566000 0686025000 0837606000
2.3 2.0 0228736000 0729368000 0845738000
2.4 1.0 0203019000 0468412000 0763616000
2.4 1.5 0223350000 0599177000 0785802000
2.5 0.5 0112663000 0240381000 0686832000
2.5 1.2 0195484000 0485494000 0731241000
2.5 2.0 0179996000 0635143000 0760536000
2.6 0.7 0130113000 0294524000 0662212000
2.6 1.0 0163246000 0392871000 0681600000
2.6 1.5 0187122000 0514361000 0705772000
2.6 1.7 0188453000 0550438000 0713322000
2.7 0.5 0880635F01 0198738000 0609471000
2.7 1.2 0160577000 0414434000 0656344000
2.7 2.0 0172162000 0556782000 0688171000
2.8 0.7 0103865000 0247259000 0591440000
2.8 1.0 0132858000 0333637000 0611697000
2.8 1.5 0157584000 0445242000 0637368000
2.8 1.7 0160767000 0479715000 0645486000
2.9 1.2 0133091000 0355623000 0592063000
3.0 0.5 0630623F01 0154022000 0514422000
3.0 0.7 0841929F01 0210435000 0538778000
3.0 1.7 0137700000 0420945000 0586807000
3.0 2.0 0139646000 0462166000 0597861000
3.1 1.0 0996221F01 0266500000 0524529000
3.1 1.5 0123107000 0363767000 0551626000
3.2 0.5 0514753F01 0132133000 0462096000
3.2 1.2 0102078000 0288537000 0511289000
3.2 2.0 0121842000 0411026000 0547130000
3.3 0.7 0629913F01 0168833000 0454876000
3.3 1.0 0832860F01 0232184000 0475800000
3.3 1.5 0105203000 0320712000 0503377000
3.3 1.7 0110076000 0350125000 0512364000
3.4 1.2 0864131F01 0253539000 0465806000
3.5 0.5 0388969F01 0107145000 0396491000
3.5 0.7 0526666F01 0147575000 0412397000
3.5 1.7 0953708F01 0311921000 0470033000
3.5 2.0 0998736F01 0348009000 0482055000
3.6 1.0 0647670F01 0191744000 0413789000
3.6 1.2 0737741F01 0224390000 0425775000
3.6 1.5 0840318F01 0268854000 0441515000
3.7 0.5 0327224F01 0942436F01 0359737000
3.7 2.0 0878417F01 0313292000 0444679000
3.8 0.7 0410170F01 0122482000 0358361000
3.8 1.0 0553386F01 0170310000 0378529000
3.8 1.5 0728564F01 0240454000 0406055000
3.8 1.7 0775964F01 0264897000 0415279000
3.9 1.2 0588509F01 0189089000 0374198000
4.0 0.5 0257021F01 0788746F01 0312964000
4.0 0.7 0351000F01 0109145000 0327672000
4.0 1.0 0476360F01 0152241000 0347309000
4.0 1.5 0635094F01 0216314000 0374448000
4.0 1.7 0680194F01 0239001000 0383637000
4.0 2.0 0729296F01 0269771000 0395909000
4.1 1.2 0510592F01 0169911000 0344532000
4.2 0.5 0221091F01 0706349F01 0286395000
4.2 0.7 0302691F01 0978725F01 0300532000
4.2 1.7 0598905F01 0216598000 0355268000
4.2 2.0 0647043F01 0245391000 0367491000
4.3 1.0 0385296F01 0130045000 0306838000
4.3 1.2 0445635F01 0153467000 0318043000
4.3 1.5 0521841F01 0186283000 0333141000
4.5 0.5 0178801F01 0605090F01 0252157000
4.5 0.7 0245552F01 0839762F01 0265406000
4.5 1.0 0337040F01 0117819000 0283436000
4.5 1.5 0463537F01 0168518000 0309060000
4.5 1.7 0498779F01 0188308000 0317938000
4.5 2.0 0544214F01 0214359000 0329969000
4.6 1.2 0367099F01 0132888000 0283368000
4.7 0.5 0156461F01 0549261F01 0232472000
4.7 0.7 0215242F01 0762943F01 0245128000
4.7 1.0 0296469F01 0107229000 0262463000
4.7 1.2 0345000F01 0126931000 0272986000
4.7 1.5 0408253F01 0154874000 0287343000
4.7 1.7 0442742F01 0172340000 0296035000
4.7 2.0 0486935F01 0196717000 0307876000
4.8 1.0 0278595F01 0102459000 0252789000
4.8 1.2 0324620F01 0121362000 0263130000
4.8 1.5 0384994F01 0148239000 0277279000
5.0 0.8 0202039F01 0758046F01 0224219000
5.0 1.1 0268102F01 0102617000 0239966000
5.0 1.3 0307719F01 0119734000 0249600000
5.0 1.6 0359733F01 0144108000 0262844000
5.2 0.8 0179568F01 0696082F01 0208507000
5.2 1.1 0238945F01 0943553F01 0223618000
5.2 1.3 0274863F01 0110213000 0232911000
5.2 1.6 0322549F01 0132890000 0245749000
5.5 0.8 0151706F01 0616458F01 0187736000
5.5 1.1 0202593F01 0837056F01 0201915000
5.5 1.3 0233722F01 0979082F01 0210696000
5.5 1.6 0275636F01 0118330000 0222910000
5.7 0.8 0136261F01 0570728F01 0175497000
5.7 1.1 0182345F01 0775721F01 0189076000
5.7 1.3 0210715F01 0908056F01 0197521000
5.7 1.6 0249225F01 0109895000 0209316000
6.0 0.8 0116729F01 0511113F01 0159188000
6.0 1.1 0156715F01 0695575F01 0171904000
6.0 1.3 0181498F01 0815074F01 0179859000
6.0 1.6 0215492F01 0988163F01 0191032000
6.2 0.8 0105830F01 0476411F01 0149502000
6.2 1.1 0142232F01 0648826F01 0161672000
6.2 1.3 0164938F01 0760747F01 0169312000
6.2 1.6 0196273F01 0923251F01 0180080000
6.5 0.8 0918189F02 0430628F01 0136500000
6.5 1.1 0123661F01 0587039F01 0147893000
6.5 1.3 0143650F01 0688842F01 0155081000
6.5 1.6 0171455F01 0837127F01 0166260000