n/a 1.1 1.2 1.3 1.4 1.5 1.6 1.7 1.8 1.9 2.0 2.1 2.2
0.1 0118595001 0606178000 0365981000 0244992000 0175183000 0131107000 0101460000 0805639F01 0652958F01 0538157F01 0449795F01 0380446F01
0.2 0153861001 0970049000 0642870000 0450254000 0330050000 0250750000 0199960000 0156658000 0127591000 0105543000 0884622F01 0749892F01
0.3 0158282001 0112909001 0812014000 0598067000 0452470000 0350948000 0278187000 0224659000 0184350000 0153364000 0129116000 0109837000
0.4 0153236001 0117592001 0898243000 0691651000 0540103000 0428512000 0345305000 0282297000 0233812000 0195926000 0165895000 0141779000
0.5 0144968001 0116614001 0930460000 0742893000 0596918000 0484130000 0396802000 0328702000 0275083000 0232420000 0198112000 0170238000
0.6 0135711001 0112809001 0929595000 0763995000 0629125000 0520653000 0433783000 0364130000 0308030000 0262556000 0225428000 0194882000
0.7 0126378001 0107630001 0909044000 0764553000 0642870000 0541656000 0458194000 0389561000 0333081000 0286463000 0247814000 0215604000
0.8 0117372001 0101854001 0877130000 0751868000 0643291000 0550600000 0472234000 0406330000 0351013000 0304562000 0265476000 0232481000
0.9 0108871001 0959100000 0839024000 0730510000 0634375000 0550473000 0478017000 0415868000 0362763000 0317451000 0278779000 0245725000
1.0 0100944001 0900369000 0797966000 0703917000 0619101000 0543705000 0477403000 0419543000 0369302000 0325801000 0288179000 0255638000
1.1 0936065000 0843693000 0755994000 0674368000 0599655000 0532202000 0471954000 0418575000 0371555000 0330295000 0294170000 0262570000
1.2 0868454000 0789793000 0714392000 0643411000 0577621000 0517429000 0462936000 0414010000 0370356000 0331580000 0297243000 0266891000
1.3 0806333000 0739020000 0673953000 0612096000 0554138000 0500497000 0451360000 0406720000 0366429000 0330245000 0297866000 0268963000
1.4 0749354000 0691499000 0635155000 0581127000 0530021000 0482243000 0438018000 0397417000 0360393000 0326808000 0296465000 0269132000
1.5 0697143000 0647217000 0598266000 0550965000 0505845000 0463285000 0423524000 0386678000 0352763000 0321716000 0293419000 0267713000
1.6 0649320000 0606077000 0563415000 0521908000 0482014000 0444082000 0408350000 0374957000 0343961000 0315349000 0289059000 0264990000
1.7 0605519000 0567932000 0530641000 0494131000 0458802000 0424968000 0392856000 0362618000 0334333000 0308025000 0283671000 0261213000
1.8 0565390000 0532610000 0499920000 0467731000 0436391000 0406180000 0377313000 0349941000 0324157000 0300007000 0277497000 0256599000
1.9 0528605000 0499927000 0471191000 0442746000 0414895000 0367888000 0361922000 0337143000 0313653000 0291510000 0270738000 0251334000
2.0 0494863000 0469697000 0444368000 0419175000 0114379000 0370204000 0346829000 0324392000 0302997000 0282709000 0263565000 0245577000
2.1 0463885000 0441736000 0419352000 0396966000 0374873000 0353202000 0332139000 0311814000 0292326000 0273745000 0256116000 0239462000
2.2 0435418000 0415869000 0396037000 0376141000 0356379000 0336925000 0317925000 0299500000 0281745000 0264730000 0248506000 0233111000
2.3 0409230000 0391929000 0374315000 0356575000 0336884000 0321393000 0304235000 0287519000 0271336000 0255754000 0240826000 0226585000
2.4 0385112000 0369760000 0354076000 0338227000 0322360000 0306610000 0291095000 0275917000 0261158000 0246886000 0233151000 0219991000
2.5 0362676000 0349218000 0335222000 0321030000 0306772000 0292567000 0278521000 0264725000 0251256000 0238178000 0225540000 0213381000
2.6 0342346000 0330167000 0317648000 0304915000 0242060000 0279249000 0266515000 0253962000 0241661000 0229670000 0218039000 0206805000
2.7 0323375000 0312485000 0301263000 0289814000 0278239000 0266631000 0255072000 0243637000 0232393000 0221393000 0210684000 0200303000
2.8 0305818000 0296059000 0285977000 0275663000 0205206000 0254686000 0244179000 0233752000 0223464000 0213366000 0203502000 0193907000
2.9 0289549000 0280764000 0271707000 0262398000 0252934000 0243367000 0233823000 0224303000 0214861000 0205604000 0196513000 0187642000
3.0 0274457000 0266567000 0258378000 0249960000 0241379000 0232701000 0223964000 0215282000 0206644000 0198115000 0189731000 0181525000
3.1 0260438000 0253321000 0245918000 0238291000 0230499000 0222598000 0214641000 0206676000 0198751000 0190902000 0183165000 0175571000
3.2 0247400000 0240966000 0234261000 0227338000 0220250000 0213046000 0205774000 0198477000 0191196000 0183967000 0176822000 0169790000
3.3 0235259000 0229432000 0223347000 0217052000 0210594000 0204016000 0197360000 0190666000 0183970000 0177306000 0170703000 0164187000
3.4 0223940000 0218652000 0213120000 0207367000 0001493000 0195477000 0189377000 0183229000 0177065000 0170915000 0164808000 0158767000
3.5 0213375000 0208567000 0203528000 0196296000 0192910000 0187401000 0161803000 0176149000 0170469000 0164789000 0159136000 0153531000
3.6 0203502000 0199122000 0194525000 0189745000 0184813000 0179760000 0174617000 0169411000 0164171000 0158920000 0153682000 0148479000
3.7 0194266000 0190268000 0186067000 0161692000 0177170000 0172530000 0167797000 0162999000 0158159000 0153300000 0148443000 0143609000
3.8 0185614000 0181960000 0178114000 0174103000 0169951000 0165684000 0161324000 0156896000 0152421000 0147921000 0143414000 0138918000
3.9 0177502000 0174156000 0170630000 0166947000 0163130000 0159199000 0155178000 0151087000 0146946000 0142773000 0138587000 0134403000
4.0 0169887000 0166818000 0163581000 0160194000 0156679000 0153055000 0149381000 0145557000 0141720000 0137848000 0133956000 0130060000
4.1 0162732000 0159913000 0156935000 0153817000 0150576000 0147230000 0143796000 0140292000 0136733000 0133136000 0129515000 0125884000
4.2 0156001000 0153408000 0150665000 0147790000 0144798000 0411704000 0138525000 0135277000 0131973000 0128628000 0125256000 0121869000
4.3 0149664000 0147274000 0144745000 0142090000 0139323000 0136460000 0133514000 0130499000 0127429000 0124316000 0121173000 0118012000
4.4 0143691000 0141486000 0139150000 0136695000 0134134000 0131481000 0128747000 0125916000 0123090000 0120190000 0117258000 0114305000
4.5 0138056000 0136018000 0133857000 0131585000 0129212000 0126750000 0124211000 0121606000 0118946000 0116242000 0113505000 0110744000
4.6 0132734000 0130849000 0128848000 0126741000 0124540000 0122263000 0119892000 0117466000 0114987000 0112464000 0109906000 0107323000
4.7 0127705000 0125958000 0124103000 0122148000 0120102000 0117976000 0115778000 0113617000 0111204000 0108847000 0106455000 0104036000
4.8 0122947000 0121326000 0119604000 0117787000 0115885000 0113905000 0111857000 0109749000 0107588000 0105385000 0103146000 0100879000
4.9 0118441000 0116937000 0115335000 0113645000 0111874000 0110029000 0108119000 0106150000 0104131000 0102069000 0999716F01 0978458F01
5.0 0114172000 0112773000 0111283000 0109709000 0108058000 0106337000 0104553000 0102713000 0100824000 0968927F01 0969264F01 0945312F01
5.2 0106280000 0105065000 0103771000 0102401000 0100962000 0994597F01 0978997F01 0962879F01 0946301F01 0929322F01 0911999F01 0894386F01
5.4 0991579F01 0980995F01 0969696F01 0957728F01 0945136F01 0931970F01 0918278F01 0904108F01 0889510F01 0874532F01 0859223F01 0843629F01
5.6 0927120F01 0917857F01 0907956F01 0897456F01 0886396F01 0874815F01 0862754F01 0850254F01 0837357F01 0824103F01 0810533F01 0796687F01
5.8 0868611F01 0860471F01 0851762F01 0842516F01 0632765F01 0822542F01 0811882F01 0800820F01 0789389F01 0777625F01 0765562F01 0753234F01
6.0 0815357F01 0808177F01 0800488F01 0792317F01 0783690F01 0774637F01 0765184F01 0755362F01 0745200F01 0734728F01 0723974F01 0712969F01
6.2 0766759F01 0760404F01 0753592F01 0746346F01 0738689F01 0730645F01 0722237F01 0713490F01 0704430F01 0695081F01 0685469F01 0675619F01
6.4 0722301F01 0716656F01 0710601F01 0704155F01 0697338F01 0690168F01 0682666F01 0674855F01 0666754F01 0658386F01 0649772F01 0640934F01
6.6 0681533F01 0676503F01 0671105F01 0665353F01 0659264F01 0652855F01 0646143F01 0639147F01 0631885F01 0624375F01 0616636F01 0608687F01
6.8 0644065F01 0639570F01 0634742F01 0629594F01 0624140F01 0618395F01 0612374F01 0606092F01 0599565F01 0592808F01 0585839F01 0578672F01
7.0 0609556F01 0605527F01 0601197F01 0596577F01 0591679F01 0586515F01 0581099F01 0575444F01 0569562F01 0563469F01 0557177F01 0550702F01
7.2 0577707F01 0574085F01 0570191F01 0566034F01 0561623F01 0556971F01 0552087F01 0546983F01 0541671F01 0536163F01 0530471F01 0524607F01
7.4 0548255F01 0544992F01 0541481F01 0537730F01 0833749F01 0529546F01 0525131F01 0520515F01 0515706F01 0510716F01 0505555F01 0500233F01
7.6 0520969F01 0518021F01 0514848F01 0511456F01 0507853F01 0504048F01 0500048F01 0495863F01 0491500F01 0486970F01 0482280F01 0477441F01