n/a 0.0 0.1 0.2 0.3 0.4 0.5 0.6 0.7 0.8 0.9 0.95 1.0
0.1 0565798001 0565335001 0563891001 0561293001 0557191001 0550917001 0541151001 0525013001 0495108001 0428335001 0362862001 0270363001
0.2 0505095001 0504234001 0501561001 0496733001 0459368001 0478279001 0461712001 0436323001 0395926001 0331093001 0287922001 0240515001
0.3 0447773001 0446625001 0443084001 0436838001 0427300001 0413499001 0393900001 0366225001 0327604001 0276269001 0246697001 0216038001
0.4 0394967001 0393659001 0389649001 0382665001 0372227001 0357610001 0337830001 0311751001 0278525001 0238629001 0217052001 0195112001
0.5 0347326001 0345972001 0341844001 0334747001 0324354001 0310222001 0291852001 0268845001 0241225001 0209888001 0193446001 0176872001
0.6 0305051001 0303737001 0299753001 0292981001 0283236001 0270304001 0254009001 0234335001 0211602001 0186639001 0173742001 0160798001
0.7 0268002001 0266783001 0263105001 0256912001 0248128001 0236691001 0222606001 0206026001 0187334001 0167198001 0156875001 0146536001
0.8 0235811001 0234716001 0231425001 0225924001 0218209001 0208304001 0196307001 0182425001 0167016001 0150601001 0142218001 0133824001
0.9 0207996001 0207034001 0204151001 0199360001 0192696001 0184229001 0174089001 0162490001 0149740001 0136240001 0129356001 0122457001
1.0 0184030001 0183198001 0180709001 0176590001 0170895001 0163710001 0155174001 0145479001 0134883001 0123698001 0117992001 0112269001
1.1 0163400001 0162687001 0160558001 0157046001 0152209001 0146137001 0138957001 0130840001 0121996001 0112668001 0107904001 0103118001
1.2 0145631001 0145024001 0143213001 0140231001 0136136001 0131011001 0124970001 0118157001 0110741001 0102917001 0989144000 0948851000
1.3 0130298001 0129783001 0128247001 0125721001 0122258001 0117931001 0112840001 0107102001 0100858001 0942605000 0908783000 0874669000
1.4 0117035001 0116598001 0115296001 0113157001 0110227001 0106569001 0102267001 0974194000 0921391000 0865483000 0836758000 0807727000
1.5 0105526001 0105155001 0104052001 0102238001 0997549000 0966558000 0930101000 0888993000 0844152000 0796561000 0772050000 0747229000
1.6 0955055000 0951907000 0942532000 0927131000 0906036000 0879704000 0848708000 0813717000 0775480000 0734795000 0713789000 0692475000
1.7 0867493000 0864813000 0856832000 0843717000 0825747000 0803303000 0776857000 0746960000 0714224000 0679298000 0661222000 0642846000
1.8 0790693000 0788406000 0781591000 0770390000 0755033000 0735837000 0713192000 0687550000 0659413000 0629313000 0613697000 0597794000
1.9 0723080000 0721121000 0715284000 0705686000 0692518000 0676042000 0656579000 0634504000 0610228000 0584188000 0570647000 0356833000
2.0 0663334000 0661650000 0656633000 0640380000 0637049000 0622856000 0606068000 0586992000 0565969000 0543360000 0531576000 0519535000
2.1 0610345000 0608894000 0604567000 0597445000 0587659000 0575389000 0560854000 0544310000 0526038000 0506338000 0496049000 0485518000
2.2 0563184000 0561928000 0558183000 0552015000 0543533000 0532887000 0520258000 0505855000 0489922000 0472698000 0463684000 0454444000
2.3 0521060000 0519973000 0516720000 0512359000 0503982000 0494712000 0483700000 0471123000 0457177000 0442068000 0434146000 0426014000
2.4 0483322000 0482371000 0479535000 0474860000 0488420000 0460320000 0450686000 0439664000 0427418000 0414123000 0407139000 0399960000
2.5 0449394000 0448563000 0446082000 0441990000 0436350000 0429248000 0420790000 0411100000 0400313000 0388578000 0382402000 0376047000
2.6 0418802000 0418072000 0415895000 0412301000 0407345000 0401098000 0393649000 0385102000 0375571000 0365182000 0359705000 0354063000
2.7 0391136000 0390494000 0388576000 0385410000 0381041000 0375528000 0368947000 0361385000 0352939000 0343715000 0338845000 0333823000
2.8 0366046000 0365479000 0363785000 0360987000 0357123000 0352243000 0346411000 0339700000 0332194000 0323982000 0319640000 0315158000
2.9 0343232000 0342729000 0341228000 0338747000 0335319000 0330987000 0325803000 0319832000 0313142000 0305812000 0301931000 0297920000
3.0 0322432000 0321986000 0320651000 0318446000 0315396000 0311538000 0306918000 0301590000 0295612000 0289051000 0285573000 0281976000
3.1 0303424000 0303026000 0301636000 0299870000 0297148000 0293704000 0289575000 0284807000 0279452000 0273566000 0270442000 0267207000
3.2 0286011000 0285655000 0284592000 0282833000 0280399000 0277315000 0273615000 0269339000 0264529000 0259235000 0256422000 0253507000
3.3 0270024000 0269705000 0268752000 0267176000 0264992000 0262224000 0258900000 0255055000 0250725000 0245952000 0243414000 0240782000
3.4 0255314000 0255028000 0254172000 0252755000 0250791000 0248300000 0245307000 0241841000 0237934000 0233622000 0231326000 0228944000
3.5 0241752000 0241494000 0240723000 0239446000 0237676000 0235430000 0232728000 0229596000 0226063000 0222159000 0220079000 0217918000
3.6 0229224000 0228991000 0228295000 0227142000 0225542000 0223511000 0221067000 0218232000 0215029000 0211487000 0209598000 0207635000
3.7 0217628000 0217418000 0216788000 0215744000 0214295000 0212455000 0210239000 0207666000 0204758000 0201538000 0199819000 0198031000
3.8 0206877000 0206686000 0206114000 0205167000 0203853000 0202182000 0200169000 0197829000 0195183000 0192250000 0190682000 0189052000
3.9 0196891000 0196717000 0196198000 0195337000 0194142000 0192621000 0190788000 0188657000 0186244000 0183567000 0182136000 0180646000
4.0 0187600000 0187442000 0186969000 0186185000 0185096000 0183710000 0182038000 0180093000 0177888000 0175441000 0174131000 0172768000
4.1 0178943000 0178799000 0178367000 0177651000 0176657000 0175391000 0173863000 0172084000 0170067000 0167826000 0166625000 0165375000
4.2 0170864000 0170732000 0170337000 0169683000 0168773000 0167615000 0166216000 0164586000 0162737000 0160681000 0159579000 0158431000
4.3 0163312000 0163192000 0162830000 0162231000 0161397000 0160335000 0159052000 0157557000 0155859000 0153969000 0152956000 0151900000
4.4 0156245000 0156134000 0155802000 0155252000 0154487000 0153512000 0152333000 0150959000 0149397000 0147658000 0146725000 0145752000
4.5 0149621000 0149519000 0149215000 0148709000 0148005000 0147108000 0146024000 0144758000 0143320000 0141717000 0140856000 0139959000
4.6 0143405000 0143311000 0143031000 0142565000 0141917000 0141091000 0140091000 0138925000 0137598000 0136118000 0135323000 0134494000
4.7 0137565000 0137478000 0137219000 0136790000 0136192000 0135430000 0134507000 0133430000 0132204000 0130836000 0130101000 0129333000
4.8 0132070000 0131990000 0131751000 0131355000 0150802000 0130098000 0129245000 0128249000 0127114000 0125848000 0125167000 0124456000
4.9 0126895000 0126821000 0126600000 0126233000 0125723000 0125071000 0124281000 0123359000 0122307000 0121133000 0120502000 0119843000
5.0 0122015000 0121947000 0121742000 0121402000 0120929000 0120325000 0119594000 0118738000 0117763000 0146673000 0116087000 0115474000
5.2 0113057000 0112998000 0112822000 0112529000 0112121000 0111601000 0110969000 0110231000 0109388000 0108446000 0107939000 0107408000
5.4 0105042000 0104991000 0104839000 0104585000 0104232000 0103781000 0103234000 0102593000 0101862000 0101043000 0100602000 0100140000
5.6 0978444F01 0978001F01 0976675F01 0974470F01 0971397F01 0967470F01 0962703F01 0957120F01 0950741F01 0943595F01 0939743F01 0935711F01
5.8 0913568F01 0913181F01 0912022F01 0910095F01 0907409F01 0903975F01 0899805F01 0894918F01 0889332F01 0883069F01 0879691F01 0876153F01
6.0 0854895F01 0854556F01 0853539F01 0851848F01 0849490F01 0846474F01 0842812F01 0838516F01 0833604F01 0828093F01 0825119F01 0822003F01
6.2 0801664F01 0801365F01 0800469F01 0798980F01 0796902F01 0794243F01 0791013F01 0787224F01 0782887F01 0778020F01 0775392F01 0772637F01
6.4 0753226F01 0752962F01 0752170F01 0750852F01 0749014F01 0746662F01 0743803F01 0740447F01 0736606F01 0732291F01 0729961F01 0727518F01
6.6 0709026F01 0708791F01 0708088F01 0706919F01 0705287F01 0703199F01 0700660F01 0697678F01 0694263F01 0690426F01 0688352F01 0686178F01
6.8 0668585F01 0668376F01 0667750F01 0666709F01 0665256F01 0663395F01 0661133F01 0658475F01 0655429F01 0652006F01 0650155F01 0648214F01
7.0 0631492F01 0631305F01 0630746F01 0629816F01 0628518F01 0626855F01 0624832F01 0622455F01 0619731F01 0616667F01 0615011F01 0613272F01
7.2 0597388F01 0597221F01 0596720F01 0595887F01 0594723F01 0593233F01 0591419F01 0589287F01 0586844F01 0584094F01 0582606F01 0581045F01
7.4 0565962F01 0565812F01 0565362F01 0564613F01 0583567F01 0562228F01 0560597F01 0558680F01 0556481F01 0554007F01 0552668F01 0551262F01
7.6 0536942F01 0536807F01 0536402F01 0535727F01 0534785F01 0533577F01 0532107F01 0530378F01 0528395F01 0526162F01 0524954F01 0523685F01