r, z, data
0.0 0.5 0347326001
0.0 0.7 0268002001
0.0 1.0 0184030001
0.0 1.2 0145631001
0.0 1.5 0105526001
0.0 1.7 0867493000
0.0 2.0 0663334000
0.0 2.2 0563184000
0.2 0.5 0341844001
0.2 0.7 0263105001
0.2 1.0 0180709001
0.2 1.2 0143213001
0.2 1.5 0104052001
0.2 1.7 0856832000
0.2 2.0 0656633000
0.2 2.2 0558183000
0.3 0.7 0256912001
0.3 1.0 0176590001
0.3 1.2 0140231001
0.3 1.5 0102238001
0.3 1.7 0843717001
0.3 2.0 0648380000
0.5 0.5 0310222001
0.5 0.7 0236691001
0.5 1.0 0163710001
0.5 1.2 0131011001
0.5 1.5 0966558000
0.5 1.7 0803303000
0.5 2.0 0622856000
0.5 2.2 0532887000
0.7 0.5 0268845001
0.7 0.7 0206026001
0.7 1.0 0145479001
0.7 1.2 0118157001
0.7 1.5 0888993000
0.7 1.7 0746960000
0.7 2.0 0586992000
0.7 2.2 0505858000
0.9 1.0 0123698001
0.9 1.2 0102097001
0.9 1.5 0796561001
0.9 1.7 0679298000
1.0 0.5 0176872001
1.0 0.7 0146536001
1.0 1.0 0112269001
1.0 1.2 0948851000
1.0 1.5 0747229000
1.0 1.7 0642846000
1.0 2.0 0519535000
1.0 2.2 0454444000
1.1 1.0 0100944001 0225466001 0227904001
1.1 1.2 0868454000 0226287001 0227942001
1.1 1.5 0697143000 0226972001 0227987001
1.1 1.7 0605519000 0227224001 0228011001
1.2 0.5 0116614001 0173333001 0195798001
1.2 0.7 0107630001 0183461001 0195971001
1.2 1.0 0900369000 0189875001 0196168001
1.2 1.2 0789793000 0191940001 0196271001
1.2 1.5 0647217000 0193703001 0196393001
1.2 1.7 0567392000 0194417001 0196459001
1.2 2.0 0469697000 0195124001 0196540001
1.2 2.2 0415869000 0195448001 0196584001
1.3 1.0 0797966000 0163557001 0174026001
1.3 1.2 0714392000 0166887001 0174205001
1.3 1.5 0598266000 0169808001 0174419001
1.3 1.7 0530641000 0171012001 0174535001
1.4 1.2 0643411000 0146860001 0157169001
1.4 1.5 0550965000 0150881001 0157483001
1.5 0.5 0596918000 0938650000 0141740001
1.5 0.7 0642870000 0110800001 0142314001
1.5 1.0 0619101000 0124853001 0142979001
1.5 1.2 0577621000 0130204001 0143327001
1.5 1.5 0505845000 0135193001 0143746001
1.5 1.7 0458802000 0137341001 0143971001
1.5 2.0 0394379000 0139552001 0144251001
1.5 2.2 0356379000 0140592001 0144405001
1.6 1.2 0517429000 0116064001 0131721001
1.6 1.5 0463285000 0121853001 0132244001
1.7 0.5 0396802000 0662547000 0119428001
1.7 0.7 0458194000 0821970000 0120269001
1.7 1.0 0477403000 0974620000 0121254001
1.7 1.2 0462936000 0103915001 0121773001
1.7 1.5 0423524000 0110326001 0122400001
1.7 1.7 0392856000 0113219001 0122741001
1.7 2.0 0346829000 0116290001 0123164001
1.7 2.2 0317925000 0117769001 0123399001
1.8 1.0 0419543000 0867005000 0112506001
1.8 1.2 0414010000 0933995000 0113106001
1.8 1.5 0386678000 0100262001 0113836001
1.8 1.7 0362618000 0103432001 0114233001
1.9 1.2 0370356000 0842492000 0105461001
1.9 1.5 0352763000 0914080000 0106288001
2.0 0.5 0232420000 0426707000 0953094000
2.0 0.7 0286463000 0553872000 0964900000
2.0 1.0 0325801000 0694977000 0978962000
2.0 1.2 0331580000 0762545000 0986479000
2.0 1.5 0321716000 0835776000 0995676000
2.0 1.7 0308025000 0871173000 0100072001
2.0 2.0 0282709000 0910596000 0100702001
2.0 2.2 0264730000 0930329000 0101055001
2.1 1.2 0297243000 0692450000 0925270000
2.1 1.5 0293419000 0766229000 0935338000
2.2 0.5 0170238000 0332521000 0831238000
2.2 0.7 0215604000 0439525000 0844768000
2.2 1.0 0255638000 0566248000 0861078000
2.2 1.2 0266891000 0630794000 0869905000
2.2 1.5 0267713000 0704245000 0880783000
2.2 1.7 0261213000 0741244000 0886791000
2.2 2.0 0245577000 0783745000 0894347000
2.2 2.2 0233101000 0805568000 0898598000
2.3 1.0 0227461000 0514078000 0810156000
2.3 1.2 0240083000 0576390000 0819539000
2.3 1.5 0244420000 0648839000 0831163000
2.3 1.7 0240566000 0686025000 0837606000
2.5 0.5 0112663000 0240381000 0686832000
2.5 0.7 0146561000 0323318000 0702117000
2.5 1.0 0181769000 0428279000 0720913000
2.5 1.2 0195484000 0485494000 0731241000
2.5 1.5 0204313000 0554554000 0744155000
2.5 1.7 0204229000 0591221000 0751371000
2.5 2.0 0179996000 0635143000 0760536000
2.5 2.2 0191870000 0658531000 0765735000
2.6 1.2 0176974000 0447430000 0692314000
2.6 1.5 0187122000 0514361000 0705772000
2.7 0.5 0880635F01 0198738000 0609471000
2.7 0.7 0116014000 0269362000 0625428000
2.7 1.0 0147054000 0361513000 0645301000
2.7 1.2 0160577000 0414434000 0656344000
2.7 1.5 0171600000 0478075000 0670281000
2.7 1.7 0173980000 0513408000 0678132000
2.7 2.0 0172162000 0556782000 0688171000
2.7 2.2 0168047000 0580389000 0693901000
2.8 1.2 0146027000 0382981000 0623016000
2.8 1.5 0157584000 0445242000 0637368000
3.0 0.5 0630623F01 0154022000 0514422000
3.0 0.7 0841929F01 0210435000 0538778000
3.0 1.0 0109364000 0286501000 0551530000
3.0 1.2 0121568000 0330975000 0563253000
3.0 1.5 0133469000 0388410000 0578253000
3.0 1.7 0137700000 0420945000 0586807000
3.0 2.0 0139646000 0462166000 0597861000
3.0 2.2 0138675000 0485262000 0604229000
3.2 0.5 0514753F01 0132133000 0462096000
3.2 0.7 0691757F01 0181220000 0478406000
3.2 1.0 0909782F01 0248476000 0499338000
3.2 1.2 0102078000 0288537000 0511289000
3.2 1.5 0113719000 0341278000 0526717000
3.2 1.7 0118468000 0371738000 0535588000
3.2 2.0 0121842000 0411026000 0547130000
3.2 2.2 0122069000 0433412000 0553821000
3.3 1.2 0938266F01 0270218000 0487807000
3.3 1.5 0105203000 0320712000 0503377000
3.5 0.5 0388969F01 0107145000 0396491000
3.5 0.7 0526666F01 0147575000 0412397000
3.5 1.0 0702786F01 0203985000 0433143000
3.5 1.2 0797377F01 0238316000 0445165000
3.5 1.5 0904366F01 0284567000 0460886000
3.5 1.7 0953708F01 0311921000 0470033000
3.5 2.0 0998736F01 0348009000 0482055000
3.5 2.2 0101228000 0369206000 0489090000
3.7 0.5 0327224F01 0942436F01 0359737000
3.7 0.7 0444794F01 0130085000 0375219000
3.7 1.0 0598093F01 0180558000 0395614000
3.7 1.2 0682673F01 0211622000 0407541000
3.7 1.5 0781908F01 0253991000 0423266000
3.7 1.7 0830218F01 0279374000 0432484000
3.7 2.0 0878417F01 0313292000 0444679000
3.7 2.2 0896351F01 0333294000 0451859000
3.8 1.2 0633319F01 0199891000 0390375000
3.8 1.5 0728564F01 0240454000 0406055000
4.0 0.5 0257021F01 0788746F01 0312964000
4.0 0.7 0351000F01 0109145000 0327672000
4.0 1.0 0476360F01 0152241000 0347309000
4.0 1.2 0547745F01 0179123000 0358939000
4.0 1.5 0635094F01 0216314000 0374448000
4.0 1.7 0680194F01 0239001000 0383637000
4.0 2.0 0729296F01 0269771000 0395909000
4.0 2.2 0750784F01 0288211000 0403198000
4.2 0.5 0221091F01 0706349F01 0286395000
4.2 0.7 0302691F01 0978725F01 0300532000
4.2 1.0 0412875F01 0136877000 0319561000
4.2 1.2 0476668F01 0161381000 0330918000
4.2 1.5 0556466F01 0195587000 0346171000
4.2 1.7 0598905F01 0216598000 0355268000
4.2 2.0 0647043F01 0245391000 0367491000
4.2 2.2 0669535F01 0262807000 0374719000
4.3 1.2 0445635F01 0153467000 0318043000
4.3 1.5 0521841F01 0186283000 0333141000