n/a 1.1 1.2 1.3 1.4 1.5 1.6 1.7 1.8 1.9 2.0 2.1 2.2
0.1 0134835001 0725905000 0463280000 0326886000 0245638000 0192666000 0155885000 0129137000 0108983000 0933669F01 0809692F01 0709919F01
0.2 0185181001 0120776001 0836379000 0613287000 0470406000 0373447000 0304480000 0253539000 0214750000 0184468000 0160333000 0140759000
0.3 0204431001 0148147001 0109964001 0840777000 0661647000 0533957000 0440452000 0369327000 0314555000 0271311000 0236553000 0208181000
0.4 0213375001 0163842001 0127702001 0101195001 0816550000 0670631000 0559768000 0473988000 0406440000 0352378000 0308468000 0272331000
0.5 0218160001 0173333001 0139675001 0113815001 0938650000 0783830000 0662547000 0566434000 0489327000 0426707000 0375256000 0332522000
0.6 0220988001 0179396001 0147927001 0123118001 0103384001 0876125000 0749363000 0646727000 0562919000 0493869000 0436464000 0388319000
0.7 0222787001 0183461001 0153764001 0130045001 0110800001 0950866000 0821970000 0715681000 0627506000 0553872000 0491955000 0439525000
0.8 0223996001 0186300001 0158003001 0135275001 0116607001 0101135001 0882417000 0774499000 0683744000 0607035000 0541845000 0486135000
0.9 0224847001 0188350001 0161158001 0139286001 0121194001 0106044001 0932704000 0824510000 0732479000 0653867000 0586422000 0528294000
1.0 0225466001 0189875001 0163557001 0142410001 0124853001 0110050001 0974620000 0867005000 0774610000 0694977000 0626082000 0566248000
1.1 0225930001 0191036001 0165418001 0144680001 0127802001 0113341001 0100968001 0903159000 0811013000 0730998000 0661272000 0600302000
1.2 0226287001 0191940001 0166887001 0146860001 0130204001 0116064001 0103915001 0933995000 0842492000 0762545000 0692450000 0630794000
1.3 0226567001 0192656001 0168064001 0148467001 0132179001 0118334001 0106405001 0960384000 0869764000 0790191000 0720063000 0658063000
1.4 0226790001 0193233001 0169021001 0149786001 0133819001 0120240001 0108520001 0983056000 0893449000 0814449000 0744529000 0682443000
1.5 0226972001 0193703001 0169808001 0150881001 0135193001 0121853001 0110326001 0100262001 0914080000 0835776000 0766229000 0704245000
1.6 0227121001 0194092001 0170462001 0151798001 0136353001 0123226001 0111879001 0101957001 0932111000 0854569000 0785503000 0723759000
1.7 0227244001 0194417001 0171012001 0152573001 0137341001 0124404001 0113219001 0103432001 0947923000 0871173000 0802655000 0741244000
1.8 0227349001 0194691001 0171478001 0153234001 0138187001 0125419001 0114383001 0104721001 0961837000 0885882000 0817949000 0756935000
1.9 0227437001 0194924001 0171876001 0153801001 0138918001 0126301001 0115399001 0105853001 0974126000 0898951000 0831618000 0771040000
2.0 0227513001 0195124001 0172219001 0154292001 0139552001 0127070001 0116290001 0106851001 0985018000 0910596000 0843864000 0783743000
2.1 0227578001 0195297001 0172517001 0154718001 0140106001 0127744001 0117075001 0107734001 0994703000 0921003000 0854860000 0795204000
2.2 0227634001 0195448001 0172776001 0155092001 0140592001 0128338001 0117769001 0108519001 0100335001 0930329000 0864759000 0805568000
2.3 0227684001 0195580001 0173003001 0155420001 0141021001 0128864001 0118386001 0109218001 0101108001 0938712000 0873692000 0814957000
2.4 0227727001 0195695001 0173204001 0155710001 0141401001 0129332001 0118936001 0109845001 0101803001 0946267000 0881772000 0823482000
2.5 0227765001 0195798001 0173382001 0155968001 0141740001 0129749001 0119428001 0110407001 0102429001 0953094000 0889099000 0831238000
2.6 0227800001 0195889001 0173540001 0156198001 0142042001 0130123001 0119871001 0110913001 0102994001 0959281000 0895758000 0838309000
2.7 0227830001 0195971001 0173681001 0156404001 0142314001 0130459001 0120269001 0111371001 0103506001 0964900000 0901824000 0844768000
2.8 0227857001 0196043001 0173808001 0156589001 0142558001 0130763001 0120630001 0111786001 0103972001 0970017000 0907362000 0850681000
2.9 0227882001 0196109001 0173923001 0156755001 0142779001 0131037001 0120957001 0112162001 0104395001 0974688000 0912429000 0856104000
3.0 0227904001 0196168001 0174026001 0156907001 0142979001 0131287001 0121254001 0112506001 0104782001 0978962000 0917074000 0861087000
3.1 0227924001 0196222001 0174120001 0157044001 0143161001 0131514001 0121525001 0112819001 0105136001 0982880000 0921342000 0665674000
3.2 0227942001 0196271001 0174205001 0157169001 0143327001 0131721001 0121773001 0113106001 0105461001 0986479000 0925270000 0869905000
3.3 0227958001 0196315001 0174283001 0157283001 0143479001 0131910001 0122000001 0113370001 0105759001 0989793000 0928893000 0873813000
3.4 0227973001 0196356001 0174354001 0157387001 0143618001 0132084001 0122208001 0113612001 0106034001 0992850000 0932240000 0877430000
3.5 0227987001 0196393001 0174419001 0157483001 0143746001 0132244001 0122400001 0113836001 0106288001 0995676000 0935338000 0880783000
3.6 0228000001 0196427001 0174479001 0157571001 0143863001 0132392001 0122578001 0114042001 0106522001 0998291000 0938211000 0883896000
3.7 0228011001 0196459001 0174535001 0157652001 0143971001 0132528001 0122741001 0114233001 0106739001 0100072001 0940878000 0886791000
3.8 0228022001 0196488001 0174586001 0157727001 0144072001 0132654001 0122893001 0114410001 0106941001 0100297001 0943358000 0889486000
3.9 0228032001 0196515001 0174633001 0157797001 0144164001 0132770001 0123033001 0114574001 0107128001 0100507001 0945669000 0892000000
4.0 0228041001 0196540001 0174677001 0157861001 0144251001 0132879001 0123164001 0114727001 0107303001 0100702001 0947825000 0894347000
4.1 0228050001 0196563001 0174717001 0157921001 0144331001 0132979001 0123286001 0114869001 0107466001 0100885001 0949839000 0896543000
4.2 0228058001 0196584001 0174755001 0157977001 0144405001 0133073001 0123399001 0115002001 0107617001 0101055001 0951723000 0898598000
4.3 0228065001 0196604001 0174790001 0158028001 0144475001 0133161001 0123505001 0115126001 0107760001 0101215001 0953487000 0900526000
4.4 0228072001 0196623001 0174823001 0158077001 0144540001 0133243001 0123604001 0115242001 0107893001 0101364001 0955142000 0902335000
4.5 0228079001 0196641001 0174854001 0158122001 0144601001 0133320001 0123697001 0115351001 0108017001 0101504001 0956697000 0904035000
4.6 0228085001 0196657001 0174882001 0158165001 0144657001 0133392001 0123784001 0115453001 0108134001 0101636001 0958158000 0905635000
4.7 0228090001 0196672001 0174909001 0158205001 0144711001 0133459001 0123866001 0115549001 0108245001 0101760001 0959533000 0907142000
4.8 0228096001 0196687001 0174935001 0158242001 0144761001 0133522001 0123943001 0115639001 0108348001 0101877001 0960830000 0908563000
4.9 0228101001 0196700001 0174959001 0158277001 0144808001 0133582001 0124015001 0115724001 0108446001 0101987001 0962052000 0909904000
5.0 0228105001 0196713001 0174981001 0158310001 0144853001 0133638001 0124083001 0115805001 0108538001 0102091001 0963207000 0911171000
5.2 0228114001 0196736001 0175022001 0158371001 0144934001 0133741001 0124208001 0115952001 0108707001 0102282001 0965331000 0913504000
5.4 0228122001 0196757001 0175058001 0158425001 0145007001 0133833001 0124320001 0116083001 0108858001 0102453001 0967236000 0915599000
5.6 0228128001 0196775001 0175091001 0158473001 0145072001 0133916001 0124420001 0116201001 0108995001 0102607001 0968950000 0917486000
5.8 0226135001 0196792001 0175121001 0158517001 0145131001 0133990001 0124510001 0116308001 0109117001 0102746001 0970499000 0919192000
6.0 0228140001 0196807001 0175147001 0158556001 0145183001 0134057001 0124592001 0116404001 0109228001 0102872001 0971902000 0920739000
6.2 0228145001 0196821001 0175171001 0158592001 0145231001 0134118001 0124666001 0116492001 0109329001 0102986001 0973177000 0922145000
6.4 0228150001 0196833001 0175193001 0158624001 0145275001 0134173001 0124733001 0116571001 0109421001 0103090001 0974339000 0923428000
6.6 0228154001 0196844001 0175213001 0158654001 0145315001 0134224001 0124794001 0116644001 0109505001 0103185001 0975401000 0924601000
6.8 0228158001 0196855001 0175231001 0158681001 0143331001 0134270001 0124851001 0116710001 0109581001 0103272001 0976374000 0925676000
7.0 0228161001 0196864001 0175248001 0158705001 0145384001 0134312001 0124902001 0116771001 0109652001 0103352001 0977267000 0926663000
7.2 0228164001 0196873001 0175263001 0158728001 0145415001 0134351001 0124949001 0116827001 0109716001 0103425001 0978090000 0927573000
7.4 0228167001 0196881001 0175277001 0158749001 0145443001 0134386001 0124993001 0116878001 0109776001 0103493001 0978848000 0928412000
7.6 0228170001 0196888001 0175290001 0158768001 0145469001 0134419001 0125033001 0116926001 0109831001 0103555001 0979549000 0929188000