$SPEC_ID:
No sample description was entered.
$SPEC_REM:
DET# 1
DETDESC# SCE-SOPA-00035 MCB 133
AP# Maestro Version 7.01
$DATE_MEA:
10/17/2019 15:13:06
$MEAS_TIM:
66987 66989
$DATA:
0 4095
       0
       0
       0
       0
       0
       0
       0
       1
       0
       0
       0
       0
       0
       0
       0
       0
       0
       0
       0
       2
       0
       0
       0
       2
       2
      10
      21
      87
      48
      65
     287
     339
     277
     320
     319
     300
     331
     326
     292
     313
     338
     325
     309
     304
     290
     374
     448
     507
     426
     310
     325
     318
     288
     321
     347
     332
     274
     286
     269
     338
     295
     335
     413
     543
     532
     423
     295
     287
     288
     297
     274
     284
     306
     278
     331
     307
     338
     331
     334
     305
     299
     280
     283
     318
     354
     333
     319
     335
     335
     305
     353
     350
     610
     779
     657
     405
     323
     290
     307
     301
     294
     288
     316
     323
     335
     324
     279
     305
     332
     297
     329
     344
     328
     359
     344
     316
     332
     286
     294
     306
     332
     301
     284
     284
     319
     315
     344
     304
     319
     307
     325
     333
     319
     339
     294
     327
     354
     319
     345
     350
     290
     344
     332
     311
     361
     345
     360
     324
     292
     325
     293
     318
     298
     299
     318
     318
     318
     317
     287
     281
     313
     315
     326
     317
     293
     318
     317
     285
     304
     292
     298
     287
     276
     300
     306
     268
     249
     293
     300
     298
     303
     272
     279
     289
     298
     325
     434
     464
     363
     307
     305
     256
     252
     267
     258
     247
     277
     271
     277
     304
     253
     241
     235
     291
     244
     243
     281
     255
     279
     214
     269
     248
     244
     226
     241
     242
     239
     265
     223
     205
     230
     244
     246
     222
     228
     244
     209
     236
     248
     214
     253
     214
     204
     215
     212
     232
     222
     217
     238
     265
     295
     246
     212
     235
     217
     220
     200
     206
     191
     185
     199
     220
     215
     186
     172
     164
     194
     193
     175
     188
     168
     193
     197
     171
     182
     181
     172
     168
     167
     189
     168
     190
     191
     153
     152
     173
     174
     166
     175
     162
     174
     157
     163
     165
     194
     159
     146
     163
     136
     152
     164
     136
     167
     159
     156
     156
     155
     179
     178
     167
     167
     144
     146
     170
     144
     134
     149
     154
     158
     152
     155
     138
     151
     156
     162
     155
     153
     128
     152
     145
     152
     130
     120
     142
     137
     155
     112
     125
     146
     125
     145
     118
     158
     140
     137
     140
     135
     131
     126
     136
     144
     130
     138
     121
     135
     126
     135
     115
     118
     122
     112
     117
     132
     143
     146
     139
     145
     123
     125
     128
     123
     133
     129
     131
     112
     117
     117
     104
     109
      99
     117
      98
     118
     111
     128
     103
     118
     124
     110
     104
      95
     101
      98
     117
     101
     105
     102
     133
      91
     108
     104
     100
      87
     113
      92
     101
      98
     109
      94
      98
     119
     102
      97
     113
     106
      93
      99
     102
      95
     101
      97
     109
      92
     103
      97
      94
      85
      97
     100
      71
      94
      78
     104
      90
     101
      91
      77
      81
      84
      83
      86
     115
      92
      83
     107
      81
     113
      92
     102
      79
      82
     104
      86
     106
      84
      85
      72
      82
      84
      86
      85
     104
     104
      84
      75
      93
      69
      88
      68
      77
      94
      86
      87
      87
      99
      87
      85
      78
     105
      72
      91
      83
      80
      80
      67
      87
      53
      75
      79
      77
      82
      67
      81
      75
      90
      91
      81
      76
      78
      88
      68
      82
      80
      70
      74
      79
      82
      66
      78
      76
      72
      89
      82
      94
      80
      66
      81
      91
      79
      85
     138
     213
     317
     305
     219
     139
      84
      88
      79
      71
      81
      56
      89
      67
      63
      68
      60
      68
      71
      68
      80
      62
      68
      69
      80
      67
      58
      56
      65
      70
      59
      72
      64
      78
      57
      71
      59
      78
      60
      63
      68
      71
      58
      55
      71
      71
      60
      75
      58
      69
      63
      66
      59
      52
      61
      69
      67
      68
      72
      76
      72
      74
      77
      77
      70
      60
      72
      74
      71
      63
      60
      76
      77
      80
      73
      84
      77
      55
      63
      57
      56
      65
      62
      52
      56
      65
      62
      72
      66
      68
      66
      51
      69
      61
      59
      60
      69
      69
      66
      49
      74
      72
      86
      51
      68
      64
      61
      61
      70
      58
      70
      63
      61
      47
      69
      51
      60
      68
      47
      77
      47
      48
      57
      47
      61
      63
      45
      66
      62
      63
      51
      55
      67
      62
      37
      64
      59
      62
      69
      56
      63
      51
      61
      53
      60
      51
      53
      63
      65
      61
      38
      61
      51
      69
      52
      53
      52
      56
      53
      58
      51
      50
      67
      63
      60
      46
      52
      38
      52
      61
      56
      49
      48
      37
      41
      56
      53
      57
      58
      55
      57
      46
      56
      66
      63
      66
      50
      62
      58
      67
      67
      53
      48
      63
      61
      62
      55
      55
      59
      65
      55
      56
      41
      60
      49
      61
      57
      47
      46
      51
      50
      58
      47
      37
      51
      56
      58
      52
      58
      53
      51
      46
      53
      45
      51
      45
      44
      38
      49
      49
      45
      49
      48
      37
      47
      38
      47
      43
      40
      43
      56
      44
      58
      42
      49
      48
      40
      49
      46
      47
      49
      38
      41
      55
      51
      58
      37
      47
      42
      55
      36
      49
      44
      53
      48
      41
      46
      60
      34
      46
      44
      49
      54
      45
      45
      47
      56
      53
      33
      39
      47
      42
      48
      51
      46
      50
      49
      50
      44
      53
      44
      41
      42
      41
      42
      37
      41
      47
      47
      43
      43
      42
      48
      34
      43
      29
      46
      43
      36
      40
      53
      35
      45
      35
      52
      31
      49
      38
      48
      39
      46
      50
      43
      40
      44
      48
      36
      44
      37
      46
      42
      34
      44
      38
      50
      39
      46
      31
      43
      44
      34
      43
      48
      35
      35
      49
      36
      36
      35
      46
      40
      43
      41
      41
      50
      36
      35
      34
      39
      44
      42
      52
      38
      33
      38
      35
      48
      38
      35
      39
      50
      40
      40
      33
      41
      35
      31
      33
      39
      40
      37
      45
      40
      35
      33
      38
      31
      35
      36
      21
      42
      38
      46
      42
      37
      31
      36
      35
      46
      29
      41
      39
      53
      54
      45
      41
      25
      40
      18
      30
      26
      40
      39
      43
      36
      39
      36
      28
      42
      33
      40
      37
      34
      33
      34
      33
      35
      34
      34
      29
      34
      28
      23
      29
      32
      28
      40
      29
      32
      29
      33
      36
      39
      24
      34
      27
      30
      36
      27
      28
      42
      35
      32
      44
      54
      42
      47
      27
      37
      27
      45
      26
      40
      42
      32
      34
      34
      31
      32
      35
      32
      33
      34
      31
      26
      36
      31
      37
      28
      26
      40
      38
      39
      36
      36
      35
      27
      30
      23
      27
      33
      36
      33
      32
      31
      35
      48
      35
      33
      27
      30
      31
      25
      38
      31
      27
      23
      37
      38
      31
      43
      25
      32
      33
      36
      36
      31
      22
      31
      22
      29
      34
      28
      27
      36
      25
      32
      29
      31
      28
      32
      33
      26
      25
      21
      26
      30
      25
      24
      33
      31
      34
      33
      28
      27
      28
      25
      32
      33
      20
      32
      18
      24
      15
      32
      31
      29
      37
      17
      36
      25
      33
      31
      23
      31
      34
      31
      29
      28
      35
      19
      27
      32
      26
      39
      26
      26
      29
      29
      25
      25
      29
      30
      23
      33
      26
      34
      19
      26
      38
      19
      32
      26
      25
      23
      20
      25
      33
      22
      32
      21
      38
      29
      23
      29
      27
      16
      28
      29
      31
      31
      26
      22
      32
      26
      28
      34
      31
      31
      19
      32
      22
      30
      28
      21
      34
      25
      32
      24
      26
      25
      29
      30
      36
      28
      32
      31
      28
      27
      31
      29
      24
      24
      20
      22
      26
      22
      25
      23
      41
      28
      23
      22
      26
      34
      32
      17
      34
      18
      25
      32
      22
      22
      36
      27
      26
      22
      33
      27
      18
      20
      23
      25
      30
      21
      16
      27
      26
      22
      23
      26
      26
      34
      23
      18
      24
      31
      25
      32
      22
      29
      21
      28
      21
      18
      26
      28
      30
      20
      17
      25
      32
      26
      20
      17
      23
      25
      23
      24
      21
      24
      22
      23
      24
      25
      20
      18
      19
      27
      25
      21
      25
      27
      30
      24
      22
      18
      22
      24
      24
      31
      22
      25
      21
      23
      23
      22
      36
      24
      26
      16
      33
      25
      17
      27
      19
      27
      27
      24
      20
      18
      23
      17
      21
      14
      26
      22
      29
      28
      22
      14
      24
      23
      18
      25
      16
      23
      18
      27
      20
      23
      25
      21
      10
      28
      24
      18
      25
      17
      23
      25
      19
      31
      12
      19
      22
      19
      21
      17
      15
      19
      28
      21
      25
      22
      22
      22
      16
      18
      20
      24
      12
      19
      19
      19
      17
      19
      15
      18
      26
      19
      23
      21
      20
      29
      26
      28
      21
      25
      22
      20
      19
      21
      13
      23
      13
      20
      12
      20
      19
      15
      18
      16
      14
      12
      18
      19
      22
      25
      16
      15
      27
      14
      14
      17
      27
      23
      20
      24
      22
      14
      14
      14
      15
      21
      17
      16
      17
      21
      16
      20
      17
      10
      27
      19
      22
      11
      14
      10
      17
      12
      14
      19
      12
      14
      19
      12
      21
      16
      14
      20
      12
      24
      16
       8
      18
      21
      22
      21
      15
      20
      12
      25
      20
      20
      16
      11
      12
      16
      13
      14
      21
      20
      10
      21
      16
      13
      14
      11
      18
      12
      16
      12
      12
      15
      19
      15
      15
      18
      11
      18
      20
      13
      13
      12
      14
      16
      10
      19
       9
      15
      19
      14
      14
      18
      15
      10
      13
      13
      12
      14
      18
      12
      15
      15
      13
       9
      15
      16
      22
      23
      26
      51
      73
      89
     106
      34
      33
      14
      10
       7
      19
       7
      14
      12
      11
      13
      16
       7
      14
      12
      18
      12
      16
      20
       9
      14
      18
      13
      16
      15
       9
       6
      11
      21
      15
      14
      13
       9
      20
      14
      10
      15
      10
      17
      16
      15
      11
      22
       9
      13
      11
       6
      14
      11
      13
      16
      14
       6
      21
      10
      11
      13
      13
       8
      16
      19
      14
      10
       7
      10
       9
      18
       7
      16
      13
      17
      10
      12
      11
       9
      10
      19
      13
      16
      16
       7
      13
      12
       9
       8
      12
      13
      11
      12
      21
      11
      10
      10
      11
      12
      12
       9
      11
       9
       8
       5
      16
       9
      12
      14
       9
      12
      11
      14
      11
      17
       9
       6
      11
      12
      11
       6
      11
       7
      10
       8
      18
      12
       9
      12
      13
      20
      13
      13
      10
      17
      17
       8
       8
       9
      13
      16
       9
      10
      13
      11
      12
       9
      10
      10
      12
      11
       5
      12
      11
      10
      16
      14
       7
      15
      16
       8
       8
      15
      10
      12
      10
      19
       9
      13
      10
      12
       9
       5
       7
       6
       6
      12
      12
      14
      13
      13
       6
       9
      11
      12
      10
      11
       5
       6
       9
       5
      10
      11
       7
       7
       8
       8
       8
       9
      11
      12
       8
      14
      10
      11
      13
      11
       9
       8
       6
       5
      10
      10
      11
       4
       9
      12
      11
       9
      13
       5
       8
      12
       5
      10
      10
      13
       5
       6
      11
      11
       6
       5
      10
       5
       6
       9
      13
       7
       5
      14
       7
       7
      11
      14
       5
       6
       7
       8
       6
      13
       8
       7
       8
       8
      10
       7
       7
       4
       6
      10
       8
      15
      15
       9
       9
       8
       6
       6
       7
      14
      11
      11
       9
      16
      11
      10
       6
       5
       5
       5
       6
       6
       7
      10
       6
       7
       4
       9
       6
       5
       9
       7
       4
      10
      11
       5
       5
       9
       7
       4
       8
       7
      13
      10
      16
      25
      17
      17
       4
       6
       9
       8
       2
       8
       8
      14
       7
       5
       8
       6
       7
       7
       6
       7
      10
       8
       6
      10
       2
      10
       5
      11
       9
       8
      11
       6
      12
       7
       7
       7
       7
      12
       8
       5
       9
      10
      10
       8
       3
       7
       8
       7
      12
       6
       6
       8
      11
      10
       6
       7
       7
      10
       8
      11
       4
       7
      12
      11
       8
       6
       9
       9
       5
       7
       8
      13
      11
       5
       5
       4
      10
       3
       5
       5
       7
       3
       7
       8
      12
       8
       4
       6
      12
       8
      10
       5
       6
       6
       9
      11
       7
       9
       3
       7
       9
       8
       5
       8
       4
       7
      10
       8
      11
      10
       9
       4
       9
       9
       5
       8
       5
       4
      10
       5
       5
       8
       5
       6
       7
       4
       3
      11
       7
      10
       8
       5
       4
       6
      13
       8
       5
       6
       8
       7
       7
       8
      10
       8
       4
       6
       6
       3
       5
       5
      10
       5
       6
       7
       7
       6
       6
       7
      10
       6
       7
       9
       8
      10
       6
      10
       7
       1
       8
       7
       7
       2
       8
       5
       6
       6
       5
       4
       3
       5
       8
       7
       5
       6
       2
       6
       6
       6
       5
       4
       4
       6
       3
       5
       4
       3
       9
       8
       7
      10
       6
       6
       6
       6
       4
       5
       8
       7
       9
       9
       3
       9
       8
      11
       5
       1
       6
       7
       3
       3
      10
       7
       5
       8
       2
       8
       5
       7
       5
      11
       6
       4
      15
      10
       4
       7
       5
      10
       7
       5
       9
       7
       8
       6
       3
       6
       7
      10
       6
       4
       5
       9
       4
       7
       6
       6
       4
       7
       4
       3
       4
       5
       3
       5
       3
       8
       3
       4
       6
       8
       5
       4
       4
       6
       5
       9
       3
       6
       6
       6
       5
       4
       5
       6
       9
       7
       4
       3
       9
       4
       6
      10
       4
       4
       6
       6
       3
       6
       6
       5
       7
       5
       5
       6
       8
       7
      12
       6
       4
       5
       8
       2
       5
       5
       6
       6
       5
       3
       5
       4
       3
       4
       3
       6
       5
       1
       2
       7
       6
       3
      11
       0
       3
       4
       5
      12
       3
       4
      10
       9
      13
       9
       9
      13
       9
       6
       4
       8
       6
       9
       3
       8
       5
       6
       9
       6
       5
       5
       6
       5
       7
       4
       6
       4
       4
       9
       7
      10
       3
       6
       5
       4
       6
       6
       4
       6
       3
       2
       5
       5
       3
       6
      11
       5
       6
       2
       5
       6
       5
       2
       2
       7
       6
       6
       5
       7
       3
       4
       6
       7
       3
       5
       6
       3
       9
       3
       1
       7
       4
       7
       3
       5
       2
       4
       2
       8
       6
       2
       6
       4
       4
       7
       4
       3
       3
       4
       1
       1
       4
       4
       6
       7
       5
      12
       2
       2
       2
       6
       5
       6
       4
       8
       9
       4
       9
       5
       4
       9
       9
       5
       3
       4
       9
       6
       5
      11
       3
       9
       4
       4
       3
       7
       2
       9
       6
       7
       4
       4
       7
       8
       4
       7
       3
       4
       9
       2
       5
       1
       5
       4
       3
       3
       5
       6
       4
       4
       3
       6
       4
       8
       3
       9
       6
       3
       3
       5
       4
       6
       6
       6
       3
       1
       7
       1
       8
       6
       5
       5
       5
       8
       5
       7
       3
       4
       7
      12
       5
       5
       7
       2
       6
       3
       3
       8
       4
       7
       3
       2
       5
       7
       2
       8
       4
       1
       7
       3
       5
       6
       4
       2
       5
       4
       7
       6
       3
       3
       4
       3
       5
       3
       3
       2
       9
       7
       3
       8
       2
       3
       3
       8
       4
       4
       5
       6
       2
       5
       3
       3
       5
       4
       4
       6
       3
       3
       4
       6
       5
       5
       5
       5
       3
       6
       2
       9
       2
       3
       3
       6
       3
       4
       3
       4
       4
       5
       2
       5
       3
       6
       5
       7
       4
       2
       3
       2
       0
       6
       3
       7
       7
       7
       4
       8
       3
       3
       5
       6
       7
       3
       2
       3
       6
       3
       8
       1
       1
       5
       3
       6
       6
       5
       8
       1
       5
       4
       8
       3
       3
       2
       4
       3
       2
       4
       7
      10
       7
       4
       3
       4
       4
       3
       5
       5
       8
       5
       2
       6
       2
       8
       4
       3
       6
       5
       2
       9
       5
       5
       2
       3
       4
       3
       2
       6
       3
       4
       7
       4
       5
       8
       7
       7
       2
       1
       4
       9
       5
       9
       3
       4
       4
      10
       6
       4
       3
       6
       3
       2
       4
       2
       4
       4
       6
       6
       6
       1
       1
       3
       3
       4
       6
       4
       7
       3
       5
       8
       2
       1
       5
       3
       4
       5
       3
       5
       3
       4
       6
       0
       6
       5
       1
       5
       6
       4
       3
       2
       4
       4
       4
       2
       2
       3
       2
       3
       2
       8
       2
       2
       3
       1
       4
       1
       1
       5
       2
       2
       4
       0
       2
       3
       1
       3
       3
       2
       4
       4
       2
       2
       3
       5
       4
       8
       4
       2
       4
       2
       1
       7
       1
       0
       4
       4
       4
       2
       3
       2
       3
       1
       4
       6
       6
       3
       3
       8
       4
       4
       2
       3
       2
       5
       1
       4
       2
       0
       6
       2
       5
       2
       1
       4
       4
       2
       2
       2
       3
       7
       4
       2
       3
       1
       5
       3
       4
       2
       5
       3
       2
       2
       3
       2
       3
       6
       4
       1
       1
       3
       7
       3
       2
       4
       5
       2
       2
       6
       2
       1
       3
       2
       4
       2
       5
      10
      15
      19
      24
      31
      27
      14
       9
       6
       3
       4
       3
       0
       5
       4
       1
       7
       1
       3
       3
       5
       4
       3
       5
       4
       2
       2
       3
       2
       2
       4
       2
       2
       7
       5
       2
       7
       2
       3
       3
       0
       3
       2
       5
       1
       2
       5
       4
       2
       0
       3
       5
       2
       3
       4
       2
       5
       0
       2
       2
       3
       4
       3
       3
       3
       4
       1
       4
       2
       3
       2
       4
       5
       4
       3
       8
       0
       3
       4
       1
       1
       3
       2
       5
       3
       3
       3
       3
       1
       1
       2
       3
       1
       2
       1
       6
       1
       2
       3
       2
       3
       4
       4
       3
       4
       2
       3
       5
       2
       5
       3
       1
       1
       2
       4
       1
       1
       3
       4
       2
       0
       1
       1
       2
       3
       3
       4
       1
       2
       4
       5
       1
       8
       3
       1
       2
       5
       4
       4
       5
       4
       3
       1
       2
       4
       7
       2
       3
       2
       5
       5
       2
       4
       1
       4
       5
       0
       0
       2
       5
       2
       3
       1
       1
       2
       2
       2
       3
       1
       2
       2
       2
       4
       2
       4
       2
       1
       3
       1
       4
       0
       3
       6
       6
       6
       6
       3
       2
       2
       1
       4
       2
       2
       6
       1
       3
       0
       3
       2
       1
       3
       4
       6
       1
       2
       1
       1
       0
       1
       3
       6
       2
       3
       3
       6
       2
       0
       6
       1
       1
       3
       4
       3
       0
       2
       3
       7
       3
       4
       6
       1
       2
       1
       2
       1
       5
       5
       1
       3
       3
       6
       1
       3
       2
       1
       2
       1
       2
       1
       0
       1
       2
       1
       4
       2
       3
       4
       2
       2
       2
       5
       3
       4
       2
       1
       4
       0
       4
       4
       1
       3
       3
       3
       2
       2
       4
       2
       6
       2
       1
       1
       2
       3
       3
       4
       3
       2
       2
       0
       3
       1
       0
       4
       3
       2
       0
       3
       0
       3
       0
       1
       1
       4
       3
       2
       0
       0
       2
       5
       1
       2
       4
       8
       2
       1
       3
       1
       1
       2
       2
       4
       4
       3
       5
       3
       1
       2
       1
       2
       3
       3
       1
       1
       7
       2
       0
       2
       3
       2
       2
       2
       3
       3
       3
       1
       1
       2
       0
       1
       2
       1
       2
       1
       1
       1
       4
       3
       6
       1
       3
       1
       0
       5
       2
       2
       2
       3
       7
       3
       1
       1
       2
       0
       2
       5
       0
       1
       1
       3
       1
       2
       1
       3
       1
       1
       1
       2
       2
       1
       3
       1
       1
       4
       1
       1
       4
       2
       5
       2
       3
       4
       2
       1
       4
       2
       0
       4
       0
       2
       6
       3
       1
       3
       2
       3
       1
       4
       1
       5
       1
       2
       5
       3
       1
       6
       4
       4
       1
       1
       3
       4
       4
       2
       3
       1
       1
       3
       0
       4
       2
       3
       1
       2
       0
       5
       1
       0
       1
       1
       1
       1
       0
       3
       2
       1
       3
       3
       2
       2
       1
       2
       1
       2
       3
       7
       2
       2
       0
       2
       4
       2
       1
       0
       3
       4
       3
       1
       2
       1
       1
       3
       3
       2
       0
       0
       1
       1
       3
       2
       2
       2
       0
       4
       3
       0
       1
       4
       2
       1
       0
       2
       0
       2
       2
       0
       1
       0
       2
       1
       1
       1
       1
       0
       1
       2
       0
       4
       1
       3
       0
       1
       3
       2
       2
       2
       1
       4
       4
       2
       3
       1
       2
       4
       2
       3
       1
       0
       0
       1
       1
       1
       2
       2
       3
       3
       0
       1
       2
       2
       3
       1
       0
       2
       0
       0
       0
       4
       2
       2
       4
       3
       4
       2
       3
       0
       1
       4
       1
       2
       5
       2
       3
       2
       2
       1
       1
       4
       2
       4
       3
       5
       0
       4
       2
       2
       4
       4
       5
       5
       3
       0
       2
       1
       4
       2
       1
       2
       1
       2
       2
       4
       5
       0
       2
       4
       3
       0
       0
       1
       1
       2
       2
       3
       3
       3
       4
       3
       0
       3
       1
       3
       0
       1
       5
       2
       3
       1
       2
       5
       1
       1
       3
       2
       2
       1
       3
       1
       1
       5
       2
       2
       4
       0
       1
       1
       4
       1
       4
       1
       2
       0
       2
       3
       3
       1
       2
       2
       1
       4
       1
       0
       5
       1
       4
       2
       1
       3
       2
       3
       1
       1
       4
       1
       2
       5
       3
       0
       2
       2
       1
       1
       1
       2
       2
       3
       4
       5
       4
       2
       2
       2
       0
       2
       2
       2
       1
       5
       3
       4
       4
       1
       0
       4
       2
       1
       3
       3
       0
       0
       2
       1
       2
       2
       5
       1
       3
       1
       4
       1
       1
       5
       2
       1
       0
       4
       1
       1
       2
       3
       2
       4
       2
       0
       0
       2
       1
       4
       1
       2
       1
       2
       2
       3
       1
       1
       1
       2
       2
       3
       0
       3
       1
       5
       1
       3
       1
       1
       2
       2
       4
       2
       2
       1
       2
       1
       1
       4
       3
       2
       0
       2
       4
       2
       0
       2
       3
       3
       3
       0
       1
       3
       0
       1
       2
       1
       2
       1
       3
       2
       1
       0
       3
       4
       5
       3
       5
       2
       2
       1
       0
       9
       3
       1
       3
       2
       5
       2
       1
       2
       2
       4
       0
       4
       1
       1
       2
       3
       2
       3
       2
       0
       4
       3
       1
       2
       1
       5
       2
       5
       3
       3
       1
       4
       1
       3
       0
       1
       4
       3
       2
       4
       2
       2
       3
       1
       1
       2
       4
       2
       0
       3
       4
       3
       1
       4
       0
       5
       3
       3
       1
       1
       1
       0
       2
       0
       0
       2
       1
       1
       0
       1
       3
       2
       0
       2
       0
       2
       3
       2
       2
       1
       1
       3
       1
       3
       2
       0
       5
       3
       1
       2
       1
       1
       1
       2
       1
       2
       1
       1
       1
       2
       3
       3
       1
       1
       3
       3
       2
       4
       2
       0
       1
       1
       1
       2
       0
       3
       4
       1
       2
       3
       0
       2
       0
       4
       0
       0
       2
       0
       1
       2
       2
       3
       3
       0
       1
       3
       1
       2
       2
       0
       1
       0
       1
       3
       1
       2
       5
       5
       2
       6
       3
       2
       2
       1
       1
       3
       3
       1
       3
       0
       1
       0
       1
       0
       5
       1
       1
       0
       1
       2
       3
       2
       1
       1
       1
       2
       1
       3
       1
       4
       3
       3
       2
       4
       3
       0
       2
       3
       2
       4
       3
       0
       3
       0
       1
       2
       2
       2
       1
       2
       3
       1
       4
       2
       1
       1
       2
       2
       4
       1
       3
       6
       2
       3
       2
       1
       1
       2
       3
       4
       3
       3
       2
       0
       2
       1
       4
       2
       2
       2
       0
       1
       2
       0
       3
       2
       2
       1
       1
       3
       1
       4
       2
       3
       2
       5
       1
       1
       1
       1
       0
       0
       1
       3
       0
       1
       4
       1
       4
       1
       4
       2
       2
       1
       2
       0
       3
       2
       4
       1
       0
       3
       2
       3
       4
       2
       3
       1
       2
       2
       1
       0
       0
       0
       3
       1
       0
       2
       4
       4
       1
       2
       5
       0
       1
       3
       3
       2
       1
       1
       5
       2
       4
       1
       2
       2
       1
       2
       2
       1
       2
       2
       1
       3
       3
       0
       0
       1
       1
       1
       1
       3
       2
       0
       0
       0
       2
       1
       1
       1
       0
       6
       2
       3
       1
       2
       0
       0
       0
       4
       1
       1
       1
       2
       1
       3
       1
       3
       1
       2
       3
       3
       3
       2
       4
       0
       2
       0
       3
       1
       3
       1
       2
       2
       1
       4
       3
       1
       1
       2
       1
       4
       2
       5
       2
       3
       1
       2
       4
       2
       0
       0
       0
       1
       0
       2
       1
       1
       0
       1
       2
       2
       3
       2
       1
       1
       3
       2
       2
       3
       2
       1
       2
       1
       1
       0
       1
       4
       2
       2
       0
       3
       2
       1
       2
       2
       0
       2
       2
       0
       1
       2
       2
       2
       2
       1
       0
       3
       6
       1
       4
       2
       0
       1
       3
       1
       2
       3
       2
       3
       2
       3
       1
       3
       2
       1
       2
       3
       2
       3
       2
       1
       3
       2
       1
       1
       1
       1
       2
       3
       1
       1
       3
       4
       0
       1
       3
       3
       0
       1
       0
       3
       1
       2
       0
       2
       1
       1
       1
       4
       2
       1
       0
       1
       2
       3
       0
       3
       1
       0
       0
       0
       2
       2
       2
       0
       2
       2
       2
       1
       1
       0
       1
       1
       1
       1
       3
       1
       6
       4
       0
       0
       2
       2
       1
       0
       0
       3
       4
       3
       0
       2
       0
       2
       0
       0
       0
       0
       0
       0
       0
       0
       0
       0
       0
       0
       0
       0
       0
       0
       0
       0
       0
       0
       0
       0
       0
       0
       0
       0
       0
       0
       0
       0
       0
       0
       0
       0
       0
       0
       0
       0
       0
       0
       0
       0
       0
       0
       0
       0
       0
       0
       0
       0
       0
       0
       0
       0
       0
       0
       0
       0
       0
       0
       0
       0
       0
       0
       0
       0
       0
       0
       0
       0
       0
       0
       0
       0
       0
       0
       0
       0
       0
       0
       0
       0
       0
       0
       0
       0
       0
       0
       0
       0
       0
       0
       0
       0
       0
       0
       0
       0
       0
       0
       0
       0
       0
       0
       0
       0
       0
       0
       0
       0
       0
       0
       0
       0
       0
       0
       0
       0
       0
       0
       0
       0
       0
       0
       0
       0
       0
       0
       0
       0
       0
       0
       0
       0
       0
       0
       0
       0
       0
       0
       0
       0
       0
       0
       0
       0
       0
       0
       0
       0
       0
       0
       0
       0
       0
$ROI:
0
$PRESETS:
None
0
0
$ENER_FIT:
0.000000 0.000000
$MCA_CAL:
3
0.000000E+000 0.000000E+000 0.000000E+000 
$SHAPE_CAL:
3
0.000000E+000 0.000000E+000 0.000000E+000
