$SPEC_ID:
No sample description was entered.
$SPEC_REM:
DET# 1
DETDESC# SCE-SOPA-00035 MCB 133
AP# Maestro Version 7.01
$DATE_MEA:
10/21/2019 15:57:18
$MEAS_TIM:
68393 68394
$DATA:
0 4095
       0
       0
       0
       0
       1
       0
       1
       2
       0
       0
       0
       0
       1
       0
       0
       0
       0
       0
       0
       0
       0
       0
       0
       1
       3
       2
      19
     129
      66
      87
     333
     306
     326
     275
     356
     322
     289
     305
     297
     323
     322
     326
     288
     288
     326
     350
     473
     572
     454
     305
     281
     276
     324
     335
     332
     318
     291
     279
     309
     291
     277
     291
     389
     588
     612
     453
     274
     280
     306
     281
     292
     270
     280
     319
     323
     374
     347
     365
     335
     281
     316
     297
     301
     285
     344
     330
     304
     277
     314
     310
     322
     403
     598
     732
     660
     396
     302
     301
     305
     317
     282
     283
     317
     304
     297
     324
     319
     313
     282
     305
     307
     305
     378
     310
     356
     342
     317
     298
     304
     305
     318
     344
     315
     329
     307
     322
     323
     318
     325
     306
     322
     314
     316
     330
     342
     285
     335
     293
     316
     324
     324
     331
     323
     338
     341
     371
     285
     307
     323
     321
     305
     316
     296
     293
     276
     322
     307
     318
     299
     282
     281
     322
     358
     309
     333
     283
     305
     324
     258
     286
     292
     271
     295
     258
     276
     299
     257
     273
     301
     273
     261
     289
     295
     275
     304
     347
     408
     488
     390
     291
     269
     241
     258
     266
     224
     254
     243
     258
     248
     287
     219
     258
     265
     269
     247
     269
     238
     259
     236
     231
     238
     247
     268
     218
     269
     216
     235
     266
     240
     239
     237
     231
     254
     249
     193
     221
     238
     247
     225
     251
     228
     234
     193
     220
     233
     202
     202
     216
     217
     273
     300
     261
     225
     182
     206
     220
     191
     204
     186
     187
     190
     167
     217
     176
     180
     191
     190
     190
     198
     186
     198
     177
     181
     157
     168
     169
     158
     157
     169
     190
     190
     186
     159
     205
     154
     194
     170
     165
     152
     175
     146
     153
     164
     168
     178
     167
     166
     148
     138
     161
     170
     178
     141
     154
     164
     136
     176
     158
     133
     160
     160
     170
     159
     165
     134
     167
     150
     138
     134
     142
     160
     126
     135
     124
     129
     134
     136
     132
     150
     127
     134
     150
     128
     157
     149
     136
     135
     133
     172
     134
     123
     126
     130
     151
     137
     142
     108
     138
     147
     134
     118
     131
     151
     121
     125
     130
     130
     127
      95
     116
     121
     118
     135
     123
     156
     117
     145
     125
     124
     122
     119
     140
     100
     104
      89
     116
     122
     106
     101
     100
     109
     120
     133
     107
     105
      96
     101
     110
     123
     120
     116
     117
     116
      96
     104
     122
     111
     120
      92
     121
      95
      82
      86
      80
      91
      88
     116
     108
     116
     112
      93
      82
      86
     104
      98
      70
      96
     105
      68
      84
      94
     104
      91
      91
      99
      93
     104
      91
      77
      84
     116
      80
      98
      95
     104
      88
     109
      96
      90
      85
     107
     101
      82
      80
     102
     109
      98
      89
      73
      87
      71
      78
      91
      80
      80
      91
      84
     100
     111
      86
      90
      92
      91
      84
      76
      82
      84
      83
      97
      80
      92
      88
      85
      81
      84
      88
      83
      81
      83
      87
      71
      88
      80
      82
      74
      74
      79
      93
      79
     105
      72
      72
      69
      76
      67
      92
      76
      98
      98
      72
      75
      81
      73
      70
      77
      68
      85
      65
      89
      78
      73
      79
      59
      75
      86
      73
      69
      68
      67
      88
     113
     194
     290
     289
     228
     139
      91
      90
      76
      69
      61
      71
      71
      69
      64
      71
      58
      62
      69
      72
      57
      64
      75
      57
      67
      72
      66
      67
      73
      65
      56
      57
      78
      68
      55
      64
      57
      71
      51
      78
      64
      68
      60
      68
      49
      78
      64
      50
      65
      67
      76
      55
      53
      60
      59
      61
      60
      70
      62
      73
      58
      62
      67
      74
      67
      81
      64
      61
      72
      53
      64
      64
      62
      56
      73
      82
      64
      61
      66
      69
      61
      56
      65
      50
      63
      56
      65
      70
      59
      75
      62
      59
      63
      75
      62
      70
      69
      55
      52
      57
      75
      80
      63
      64
      70
      58
      68
      59
      48
      62
      58
      71
      50
      58
      67
      80
      56
      62
      54
      58
      47
      55
      42
      56
      54
      57
      59
      52
      50
      50
      64
      58
      62
      58
      49
      46
      47
      47
      57
      54
      52
      47
      54
      61
      45
      55
      56
      66
      63
      53
      51
      57
      46
      53
      60
      54
      53
      63
      69
      58
      46
      69
      58
      52
      57
      66
      53
      54
      53
      45
      49
      64
      38
      59
      56
      56
      46
      53
      47
      66
      47
      47
      56
      67
      60
      54
      56
      62
      57
      66
      57
      55
      71
      48
      55
      44
      51
      48
      47
      50
      53
      54
      52
      49
      50
      42
      47
      53
      54
      51
      53
      55
      54
      44
      44
      53
      50
      53
      46
      57
      49
      35
      44
      41
      41
      50
      59
      45
      66
      44
      41
      39
      49
      58
      39
      46
      43
      65
      42
      45
      48
      48
      46
      40
      50
      50
      54
      51
      48
      56
      49
      57
      50
      39
      51
      51
      56
      43
      61
      52
      50
      45
      45
      51
      49
      52
      47
      44
      53
      39
      31
      45
      37
      54
      50
      29
      34
      44
      37
      54
      49
      53
      33
      29
      44
      48
      32
      40
      43
      41
      38
      41
      46
      43
      41
      43
      41
      32
      50
      42
      37
      53
      45
      36
      34
      32
      40
      47
      51
      43
      26
      28
      36
      33
      47
      38
      51
      50
      46
      37
      44
      39
      40
      46
      43
      33
      50
      38
      46
      54
      43
      45
      43
      39
      30
      38
      45
      48
      43
      43
      41
      40
      39
      46
      47
      37
      39
      31
      39
      41
      44
      47
      42
      47
      43
      48
      42
      37
      32
      39
      39
      37
      34
      44
      39
      45
      34
      38
      46
      38
      33
      40
      30
      38
      39
      35
      27
      37
      35
      38
      42
      39
      32
      46
      36
      27
      34
      36
      34
      44
      41
      35
      40
      36
      37
      39
      39
      29
      33
      34
      48
      47
      49
      37
      53
      40
      32
      29
      33
      38
      36
      35
      38
      32
      40
      31
      35
      36
      31
      34
      28
      55
      35
      35
      32
      42
      34
      29
      32
      27
      40
      29
      34
      24
      37
      23
      34
      32
      37
      27
      33
      31
      29
      36
      19
      32
      33
      37
      22
      39
      30
      36
      25
      33
      36
      43
      45
      47
      38
      26
      40
      37
      40
      36
      29
      26
      32
      37
      33
      34
      42
      28
      35
      23
      27
      26
      41
      31
      24
      44
      25
      32
      30
      32
      31
      25
      43
      30
      43
      31
      26
      33
      33
      52
      46
      18
      31
      27
      27
      33
      36
      24
      27
      30
      35
      29
      27
      29
      37
      31
      31
      33
      33
      25
      22
      32
      30
      26
      21
      33
      31
      21
      26
      28
      22
      23
      29
      27
      21
      26
      29
      32
      20
      32
      29
      26
      25
      28
      23
      26
      37
      35
      26
      24
      39
      26
      30
      32
      38
      27
      26
      23
      20
      30
      25
      34
      21
      34
      38
      29
      29
      32
      30
      21
      34
      30
      37
      30
      33
      39
      16
      18
      26
      32
      20
      25
      26
      31
      28
      20
      36
      29
      27
      37
      20
      30
      36
      33
      26
      36
      26
      27
      25
      21
      26
      29
      21
      21
      33
      35
      26
      22
      25
      24
      25
      29
      29
      28
      34
      27
      32
      31
      33
      25
      34
      31
      31
      23
      31
      25
      31
      23
      37
      25
      31
      27
      26
      28
      19
      38
      19
      22
      34
      29
      24
      25
      28
      21
      18
      17
      27
      17
      18
      23
      19
      19
      36
      27
      26
      31
      19
      24
      22
      29
      18
      32
      22
      30
      24
      24
      30
      25
      17
      30
      20
      20
      27
      24
      20
      26
      26
      29
      25
      27
      17
      26
      22
      22
      27
      26
      19
      26
      30
      19
      22
      23
      29
      22
      30
      24
      28
      18
      35
      29
      25
      18
      19
      27
      33
      25
      31
      21
      20
      27
      22
      23
      30
      27
      33
      30
      32
      22
      23
      19
      26
      19
      23
      32
      27
      28
      27
      16
      18
      19
      27
      18
      30
      23
      26
      14
      20
      22
      33
      32
      33
      25
      18
      20
      23
      29
      20
      25
      26
      19
      23
      27
      32
      19
      16
      25
      23
      22
      20
      17
      23
      18
      16
      15
      18
      12
      24
      23
      21
      13
      20
      19
      26
      20
      18
      19
      14
      31
      19
      20
      19
      31
      21
      16
      21
      16
      19
      25
      18
      19
      18
      22
      20
      18
      22
      21
      16
      20
      11
      26
      30
      29
      23
      25
      21
      25
      21
      16
      27
      17
      25
      21
      19
      10
      19
      11
      20
      31
      17
      29
      11
       7
      20
      29
      28
      22
      16
      18
      22
      21
      16
      23
      21
      19
      23
      15
      14
      23
      23
      12
      22
      20
      19
      13
      15
      24
      17
      14
      19
      17
      22
      17
      19
       8
      22
      16
      13
      20
      27
      16
      14
      15
      22
      14
      22
      16
      15
      16
      19
      15
      19
      19
       9
       7
      22
      12
      16
      13
      17
      18
      14
      19
      19
      13
      23
      21
      12
      22
      20
      16
      16
      21
      18
      16
      10
      20
       8
      13
      14
      12
      11
       9
      22
      18
      12
      13
      14
      11
      22
      26
      21
      27
      17
      16
      13
      17
      17
      15
       5
      14
      15
      15
      14
      16
      17
      10
      15
      15
      14
      19
      22
      16
      11
      17
      10
      17
      12
      17
      18
      12
      13
      13
      17
      12
      15
      19
      14
      15
      11
      14
      15
      10
      12
       9
      12
      11
      10
      26
      37
      52
      95
      99
      69
      39
      17
      16
      13
       8
      11
       9
       4
      15
      12
      13
      10
      15
      12
      19
      13
      11
      12
      14
      11
       9
      14
      16
       7
       8
      16
      13
      13
      15
      10
      11
      10
      14
      10
       9
      18
      14
      10
      12
      10
      14
      19
      11
      13
       8
      10
      11
      15
       7
      14
      24
       9
      18
      14
      10
      10
       8
       6
      10
      18
      11
      12
       7
      10
       6
      13
      19
      12
       8
      10
      15
      14
      16
      11
       6
       8
      12
      14
      11
      17
      10
      12
      13
      15
       9
      12
      12
       9
      11
      10
       8
      19
       8
      12
      10
      15
      12
      17
       9
      11
      10
      10
      10
       5
      16
       8
       9
      11
      10
      15
       6
       6
      12
      14
       5
       9
      11
       9
      11
       7
      14
      13
       8
      11
       9
      14
      14
      21
      15
      16
      19
      14
      14
      16
      13
      13
      16
       5
      15
       6
      11
      15
      10
       9
      11
      15
      11
       4
       7
       8
       9
       7
      12
      13
       8
      12
       5
       9
      14
       6
      16
      12
       9
      11
      12
       8
       5
       4
      15
      16
      11
      13
       8
       8
       8
       6
      13
      10
       6
       5
       8
      10
       5
      12
       9
      11
      10
       5
      11
      14
       4
       6
      13
      14
      11
       8
      13
      10
      15
      12
       6
      10
       8
      12
      13
      10
       7
      13
       8
       6
      15
      10
      10
      13
       9
      11
      10
       6
       9
       7
      20
       8
      13
       7
       9
       9
       7
       2
       8
       7
       8
      10
      12
      11
      13
      11
       9
       8
      11
      14
      10
      10
       4
      15
      11
      12
       6
       9
      11
       9
      11
       3
      11
       6
       4
       9
       8
       9
       3
       9
      10
      12
       6
       8
      12
       8
      12
      11
      11
      10
       9
      12
       9
      11
       8
       9
      10
       7
      10
       9
      10
       8
      11
       8
       9
      10
      11
       3
       6
       9
       4
      12
      14
      12
       6
       4
       4
       4
       6
       7
      11
      26
      20
      17
      14
      11
      15
       6
       6
      10
       9
       7
      12
       8
       9
      12
       9
       6
      10
      10
       9
      13
      11
       5
       9
       7
       8
       8
      12
       6
       8
       6
       5
       7
      10
       5
       5
       9
      10
       7
       9
      12
       5
      12
       6
       7
      17
      11
       4
       8
       8
       8
       4
      16
      12
       6
       9
       4
       4
       8
      10
       9
      10
       6
       5
       8
       6
       6
       8
       6
       9
       8
       4
      12
       7
       9
       6
       7
       8
       3
      10
      10
       6
       4
      11
       9
      11
       3
      10
      12
       9
       8
       8
       5
       9
      10
      13
       8
       7
      10
       7
       8
      10
       5
       6
       6
       5
       6
       8
       7
      13
       7
       7
       6
      12
       8
       4
       4
      10
       9
       9
       6
      11
      11
       5
       6
       7
       2
       9
      16
       7
       4
      10
       8
      16
       7
       7
       5
       7
       5
       4
       3
       9
       5
       9
       6
       7
       7
       6
       9
       3
       6
       5
       4
       7
       2
       5
       7
       5
       6
       7
       6
       3
       8
       7
      13
       8
      11
       7
       8
       6
       5
       4
       6
       5
       4
       7
       5
       5
       6
       7
       3
       8
       5
       7
       9
       5
       3
       5
       8
       8
       4
       5
       4
       8
       3
       5
       6
       5
      10
       7
       3
       5
       4
       4
       8
       6
       9
       8
       4
      10
       6
       6
       6
       9
       2
       7
       1
       7
       6
       7
       6
       6
      11
       6
      11
       5
       3
       5
       1
       2
       7
       6
       7
       4
       5
       4
      10
       1
       8
       8
      10
       5
       6
       9
       2
       7
       8
       8
       6
       8
      10
       3
       6
      10
       5
       2
       7
       8
       3
       5
       7
       1
       5
       5
       6
       8
       7
       4
       6
       7
       6
       5
       2
       7
       4
       4
       7
       4
       3
       8
       5
       5
       6
       6
       6
       4
       9
       5
       7
       5
      10
       6
       2
       5
       9
       4
       1
       7
       5
       9
       4
       7
       5
       9
       5
       0
       3
       7
       4
       7
       9
       5
       7
       3
       4
       6
       4
       4
       7
       5
       4
       5
       3
       6
       6
       3
       8
       6
       0
       6
      10
       4
       8
       3
       7
       7
       9
      12
       9
       8
      12
       8
       6
       7
      10
       6
       8
       4
       3
       8
       5
       7
       5
       7
       6
       4
       4
       6
       8
       4
       7
       9
       5
       6
       0
       7
       7
       4
       8
       7
       9
       3
       7
       3
       7
       7
       4
       9
       8
       7
       5
       3
       8
       4
       6
       8
       7
       3
       5
       5
       5
       6
       6
      11
       7
       4
       6
      10
       9
       2
       8
       5
       8
       5
       6
       7
       6
       6
       6
       6
       2
       5
       8
       4
       7
       8
       4
       6
       7
       6
       3
       2
       4
       6
       3
       4
       7
      12
       2
       4
       3
       2
       5
       7
       3
       5
       4
       3
       7
      10
       9
       8
       5
       5
       7
       4
       3
       5
       1
       4
       5
       2
       3
       7
       8
       2
       6
       8
       5
       7
       5
       3
       1
       2
       7
       2
       4
       8
       4
       3
       9
       7
       4
       7
       7
       4
       6
       4
       5
       4
       1
       1
       5
       7
       2
       6
       5
       4
      10
       5
       6
       5
       4
       5
       5
       5
       3
       2
       1
       3
       0
       6
       4
       8
       5
       5
       2
       5
       6
       7
       3
       6
       7
       4
       4
       1
       4
       3
       9
       6
       8
       3
       5
       4
       2
       2
       7
       3
       4
       7
       6
       3
       4
       7
       2
       5
       5
       2
       3
       0
       4
       9
       5
       3
       6
       2
       5
       3
       4
       5
       6
       4
       3
       5
       4
       5
       3
       2
       5
       1
      10
       6
       5
       4
       2
       2
       5
       1
       0
       3
       8
       5
       6
       5
       7
       7
       2
       0
       5
       3
       6
       6
       5
       6
       2
       6
       3
       4
       3
       3
       3
       2
       3
       8
       5
       2
       4
       6
       6
       1
       6
       7
       7
       3
       5
       5
       7
       3
       9
       6
       2
       4
      12
       2
       1
       7
       2
       6
       7
       9
       7
       5
       5
       5
       2
      10
       7
       4
       4
       4
       7
       8
       7
       4
       4
       2
       3
       5
       7
       3
       4
       6
       1
       3
       3
       4
       4
       2
       2
       5
       8
       2
       3
       2
       3
       6
       1
       2
       6
       2
       5
       2
       5
       3
       4
       5
       2
       2
       2
       2
       5
       1
       7
       2
       5
       3
       1
       4
       4
       3
       9
       6
       2
       7
       2
       8
       6
       4
       1
       5
       2
       6
       7
       7
      10
       0
       5
       3
       3
       2
       1
       3
       7
       7
       3
       8
       4
       5
       2
       6
       4
       7
       2
       4
       5
       4
       2
       3
       5
       6
       3
       3
       5
       2
       6
       3
       4
       3
       5
       0
       6
       4
       1
       4
       1
       4
       5
       2
       5
       1
       1
       1
       2
       1
       3
       6
       6
       4
       3
       4
       6
       2
       5
       1
       3
       5
       7
       4
       3
       3
       3
       3
       6
       3
       4
       2
       1
       3
       3
       5
       4
       4
       3
       1
       1
       6
       1
       5
       4
       6
       2
       5
       4
       3
       2
       1
       2
       1
       4
       3
       3
       3
       2
       1
       0
       2
       1
       7
       1
       2
       2
       2
       1
       3
       4
       5
       2
       3
       1
       2
       2
       3
       4
       3
       4
       1
       5
       3
       5
       1
       1
       3
       3
       6
       1
       6
       3
       0
       5
       0
       1
       2
       3
       0
       3
       6
       3
       4
       7
       3
       5
       1
       0
       4
       2
       4
       4
       1
       6
       6
      18
      28
      26
      38
      27
      21
       4
       4
       2
       3
       4
       1
       5
       2
       2
       6
       6
       4
       1
       0
       2
       0
       3
       1
       3
       2
       3
       1
       5
       2
       5
       1
       3
       2
       1
       4
       2
       4
       3
       3
       3
       4
       4
       1
       3
       2
       0
       1
       3
       2
       3
       2
       3
       5
       5
       3
       2
       3
       7
       1
       1
       3
       6
       5
       2
       3
       5
       4
       2
       1
       5
       2
       1
       7
       5
       2
       2
       6
       5
       1
       0
       2
       0
       0
       0
       1
       6
       1
       6
       1
       3
       2
       4
       3
       3
       1
       2
       5
       4
       1
       2
       4
       1
       4
       2
       2
       2
       4
       2
       3
       2
       3
       3
       1
       1
       1
       2
       5
       3
       5
       1
       2
       3
       3
       2
       1
       4
       1
       2
       4
       1
       5
       4
       0
       3
       3
       2
       2
       2
       1
       3
       4
       4
       3
       6
       2
       3
       4
       2
       4
       4
       4
       1
       3
       2
       3
       4
       6
       3
       1
       6
       2
       1
       3
       2
       3
       0
       6
       1
       5
       4
       1
       2
       2
       1
       6
       5
       3
       0
       0
       3
       3
       2
       3
       3
       2
       1
       8
       2
       1
       1
       4
       0
       3
       2
       3
       1
       1
       4
       4
       3
       2
       2
       4
       5
       3
       2
       2
       4
       6
       3
       0
       5
       3
       3
       3
       1
       3
       3
       1
       6
       1
       2
       1
       6
       1
       7
       1
       0
       4
       3
       2
       1
       3
       2
       1
       0
       2
       4
       2
       0
       2
       0
       5
       1
       0
       3
       1
       1
       2
       3
       1
       4
       3
       1
       1
       3
       6
       2
       1
       1
       0
       2
       1
       2
       2
       1
       1
       3
       4
       5
       2
       1
       3
       3
       2
       6
       0
       4
       3
       5
       1
       4
       1
       1
       1
       2
       1
       3
       4
       0
       6
       3
       3
       3
       3
       1
       2
       0
       2
       3
       0
       1
       1
       0
       5
       1
       3
       1
       5
       3
       2
       3
       1
       1
       1
       7
       1
       5
       5
       3
       2
       3
       3
       4
       2
       1
       5
       3
       1
       2
       2
       1
       3
       3
       2
       4
       5
       1
       3
       0
       4
       1
       2
       2
       1
       4
       2
       1
       2
       1
       3
       1
       1
       3
       1
       5
       4
       0
       4
       3
       5
       5
       6
       1
       2
       4
       4
       2
       4
       3
       0
       1
       1
       2
       3
       3
       2
       2
       2
       2
       4
       2
       0
       2
       4
       7
       2
       4
       1
       6
       2
       3
       2
       6
       0
       3
       2
       1
       3
       2
       4
       1
       2
       1
       2
       1
       1
       4
       3
       0
       2
       4
       1
       2
       3
       1
       2
       2
       4
       2
       4
       4
       3
       1
       1
       3
       2
       3
       5
       1
       3
       3
       0
       5
       1
       3
       2
       3
       2
       4
       2
       0
       5
       1
       2
       2
       2
       2
       1
       3
       1
       1
       1
       1
       3
       3
       2
       3
       2
       1
       2
       3
       1
       2
       3
       2
       5
       4
       1
       3
       2
       2
       1
       3
       2
       4
       2
       1
       4
       3
       4
       3
       0
       1
       3
       1
       0
       4
       4
       3
       1
       1
       4
       1
       5
       2
       3
       3
       4
       1
       0
       2
       3
       1
       2
       1
       1
       1
       3
       1
       3
       3
       2
       0
       1
       4
       1
       2
       3
       2
       2
       1
       1
       5
       3
       0
       2
       2
       2
       2
       2
       1
       0
       2
       2
       0
       1
       1
       2
       2
       3
       2
       1
       2
       2
       3
       1
       3
       2
       1
       1
       0
       1
       0
       2
       3
       3
       1
       1
       3
       3
       3
       1
       4
       1
       5
       2
       3
       0
       2
       4
       1
       3
       2
       1
       1
       3
       0
       2
       0
       4
       1
       1
       2
       3
       3
       1
       2
       0
       2
       3
       2
       3
       1
       0
       2
       1
       4
       2
       1
       2
       5
       2
       0
       2
       0
       4
       2
       4
       2
       2
       2
       1
       2
       2
       4
       2
       1
       1
       0
       2
       5
       1
       0
       2
       1
       2
       2
       1
       1
       3
       1
       0
       3
       1
       2
       0
       1
       2
       1
       3
       4
       2
       2
       4
       3
       1
       0
       3
       3
       2
       2
       3
       2
       2
       0
       2
       2
       2
       0
       2
       0
       1
       4
       1
       5
       3
       1
       4
       1
       3
       1
       3
       4
       3
       3
       0
       5
       0
       3
       3
       2
       1
       4
       2
       3
       1
       1
       2
       1
       2
       3
       3
       2
       0
       3
       1
       2
       0
       3
       3
       2
       1
       2
       2
       3
       3
       2
       3
       4
       1
       3
       3
       5
       1
       1
       0
       5
       0
       0
       0
       2
       6
       2
       5
       1
       2
       2
       2
       1
       2
       3
       3
       1
       1
       4
       1
       1
       3
       2
       4
       1
       0
       0
       8
       0
       1
       1
       1
       1
       2
       4
       1
       1
       3
       0
       2
       2
       1
       2
       2
       2
       1
       2
       1
       1
       4
       4
       1
       0
       3
       3
       0
       0
       0
       5
       2
       4
       1
       3
       1
       4
       1
       3
       1
       2
       0
       2
       0
       1
       0
       2
       2
       1
       1
       1
       0
       3
       0
       0
       1
       2
       1
       0
       1
       3
       2
       1
       1
       2
       2
       3
       2
       3
       4
       2
       3
       1
       0
       1
       3
       4
       5
       2
       5
       1
       5
       3
       3
       4
       0
       1
       1
       3
       2
       2
       1
       3
       1
       0
       3
       1
       3
       3
       2
       3
       2
       3
       1
       3
       0
       0
       1
       2
       1
       1
       1
       3
       2
       1
       3
       2
       0
       0
       2
       0
       1
       4
       0
       2
       1
       1
       1
       0
       4
       2
       2
       2
       1
       1
       3
       1
       1
       2
       0
       3
       3
       1
       1
       2
       0
       1
       3
       2
       1
       1
       0
       1
       2
       1
       4
       2
       1
       4
       3
       1
       3
       2
       0
       4
       3
       1
       2
       4
       2
       2
       3
       0
       1
       2
       3
       1
       1
       0
       0
       1
       1
       2
       0
       3
       6
       0
       2
       1
       2
       1
       3
       1
       5
       2
       4
       1
       1
       2
       2
       5
       3
       1
       2
       0
       1
       1
       1
       1
       2
       3
       1
       3
       1
       1
       1
       2
       1
       0
       3
       0
       2
       1
       1
       1
       2
       2
       1
       1
       0
       1
       2
       2
       2
       1
       3
       3
       3
       3
       1
       0
       2
       0
       2
       1
       0
       0
       1
       1
       2
       4
       1
       1
       3
       2
       2
       2
       1
       1
       3
       0
       1
       1
       2
       2
       2
       0
       6
       1
       1
       2
       2
       0
       1
       3
       3
       1
       2
       1
       2
       1
       3
       2
       2
       1
       2
       2
       1
       0
       1
       1
       2
       3
       2
       3
       2
       1
       0
       1
       2
       2
       1
       1
       2
       1
       0
       3
       0
       1
       0
       2
       2
       9
       1
       1
       5
       1
       2
       1
       1
       1
       2
       2
       0
       3
       1
       0
       3
       1
       1
       2
       2
       0
       1
       4
       2
       3
       4
       0
       5
       0
       3
       1
       2
       0
       1
       1
       2
       2
       2
       1
       0
       0
       1
       2
       5
       3
       3
       3
       1
       3
       3
       2
       0
       0
       1
       1
       0
       3
       2
       0
       0
       0
       2
       2
       0
       1
       1
       1
       2
       0
       1
       0
       1
       2
       2
       1
       0
       3
       4
       1
       3
       1
       1
       2
       1
       0
       0
       0
       1
       0
       2
       4
       4
       3
       3
       2
       1
       3
       5
       1
       3
       1
       0
       1
       2
       1
       0
       1
       0
       2
       1
       2
       2
       2
       0
       2
       1
       3
       4
       3
       3
       2
       2
       0
       1
       0
       5
       1
       1
       1
       2
       2
       0
       5
       4
       2
       4
       1
       4
       2
       3
       3
       3
       2
       2
       1
       2
       1
       4
       0
       4
       1
       3
       1
       0
       2
       0
       3
       1
       2
       1
       0
       0
       1
       3
       2
       1
       1
       2
       3
       1
       1
       1
       1
       1
       1
       0
       2
       2
       0
       1
       1
       3
       1
       1
       2
       0
       3
       1
       2
       1
       2
       6
       1
       0
       2
       1
       1
       0
       1
       2
       4
       1
       1
       0
       2
       3
       3
       4
       3
       0
       2
       1
       0
       2
       3
       1
       2
       0
       4
       2
       0
       0
       2
       0
       1
       2
       1
       0
       2
       0
       0
       1
       3
       1
       0
       2
       1
       1
       3
       0
       1
       2
       1
       1
       1
       2
       1
       1
       1
       2
       1
       2
       5
       2
       0
       2
       3
       1
       3
       2
       3
       2
       3
       1
       2
       0
       0
       0
       0
       0
       0
       0
       0
       0
       0
       0
       0
       0
       0
       0
       0
       0
       0
       0
       0
       0
       0
       0
       0
       0
       0
       0
       0
       0
       0
       0
       0
       0
       0
       0
       0
       0
       0
       0
       0
       0
       0
       0
       0
       0
       0
       0
       0
       0
       0
       0
       0
       0
       0
       0
       0
       0
       0
       0
       0
       0
       0
       0
       0
       0
       0
       0
       0
       0
       0
       0
       0
       0
       0
       0
       0
       0
       0
       0
       0
       0
       0
       0
       0
       0
       0
       0
       0
       0
       0
       0
       0
       0
       0
       0
       0
       0
       0
       0
       0
       0
       0
       0
       0
       0
       0
       0
       0
       0
       0
       0
       0
       0
       0
       0
       0
       0
       0
       0
       0
       0
       0
       0
       0
       0
       0
       0
       0
       0
       0
       0
       0
       0
       0
       0
       0
       0
       0
       0
       0
       0
       0
       0
       0
       0
       0
       0
       0
       0
       0
       0
       0
       0
       0
       0
$ROI:
0
$PRESETS:
None
0
0
$ENER_FIT:
0.000000 0.000000
$MCA_CAL:
3
0.000000E+000 0.000000E+000 0.000000E+000 
$SHAPE_CAL:
3
0.000000E+000 0.000000E+000 0.000000E+000
