$SPEC_ID:
No sample description was entered.
$SPEC_REM:
DET# 1
DETDESC# SCE-SOPA-00035 MCB 133
AP# Maestro Version 7.01
$DATE_MEA:
10/28/2019 11:37:11
$MEAS_TIM:
87058 87060
$DATA:
0 4095
       0
       0
       0
       0
       0
       1
       0
       0
       0
       1
       0
       0
       0
       2
       0
       0
       0
       0
       0
       1
       0
       3
       1
       1
       3
       4
      46
     198
      87
     101
     367
     411
     395
     413
     413
     383
     413
     364
     372
     362
     384
     399
     399
     383
     399
     471
     625
     633
     550
     357
     361
     371
     366
     433
     416
     408
     374
     377
     378
     394
     348
     372
     476
     672
     800
     556
     408
     317
     363
     361
     392
     352
     400
     375
     407
     406
     400
     432
     405
     407
     332
     375
     379
     418
     418
     410
     394
     389
     403
     362
     392
     455
     710
     875
     891
     557
     423
     338
     372
     424
     383
     386
     343
     370
     397
     363
     394
     382
     377
     386
     397
     407
     389
     419
     434
     452
     428
     377
     404
     412
     410
     391
     372
     422
     413
     410
     420
     401
     372
     401
     400
     391
     369
     387
     429
     406
     360
     383
     371
     382
     411
     394
     395
     423
     433
     453
     460
     387
     411
     436
     393
     406
     372
     396
     399
     391
     393
     373
     406
     346
     421
     387
     419
     395
     377
     399
     381
     354
     395
     366
     365
     371
     372
     387
     375
     359
     390
     358
     409
     366
     353
     353
     360
     363
     363
     439
     495
     600
     493
     358
     366
     348
     343
     322
     321
     346
     312
     332
     319
     333
     312
     299
     297
     329
     286
     332
     313
     323
     331
     289
     313
     320
     315
     275
     299
     282
     292
     290
     269
     288
     291
     302
     275
     308
     304
     267
     325
     299
     297
     250
     281
     275
     249
     305
     299
     271
     253
     279
     284
     355
     342
     314
     297
     275
     216
     264
     261
     269
     237
     267
     225
     224
     260
     225
     242
     247
     232
     235
     230
     220
     237
     231
     218
     206
     242
     221
     194
     203
     221
     199
     220
     213
     223
     218
     223
     201
     210
     212
     198
     245
     238
     213
     203
     208
     182
     197
     210
     213
     205
     176
     194
     166
     189
     183
     218
     190
     209
     215
     180
     179
     192
     195
     206
     200
     200
     197
     174
     179
     190
     182
     188
     208
     185
     176
     190
     179
     158
     177
     198
     182
     179
     191
     170
     152
     171
     164
     188
     175
     181
     177
     175
     179
     172
     160
     171
     160
     156
     182
     192
     167
     182
     161
     156
     180
     168
     160
     151
     137
     138
     138
     148
     169
     171
     178
     176
     167
     142
     150
     147
     155
     141
     145
     157
     132
     126
     114
     138
     152
     142
     145
     141
     132
     135
     123
     128
     124
     137
     138
     130
     116
     125
     149
     134
     132
     148
     150
     130
     132
     151
     131
     138
     128
     124
     132
     135
     142
     138
     130
     144
     126
     127
     132
     125
     127
     121
     130
     121
     146
     120
     122
     132
     109
     120
     121
     117
     125
     121
      86
     115
     106
     122
     129
     115
     116
     113
     114
     115
     105
     112
     128
     115
     131
     125
     108
     113
     114
     104
     109
     112
     116
     115
     108
     113
     108
     107
     109
     107
     110
     107
     112
     104
     116
     123
     105
     104
     105
      93
     117
     115
     127
     104
     101
     113
     117
     104
     118
     112
     130
     103
     118
     110
     110
     107
      98
     109
      96
      94
      93
     102
      94
     105
     104
     109
     125
     104
      88
      95
      89
     100
      87
     102
      80
      99
      92
      97
      95
      99
     109
      98
      85
     112
     103
      96
      80
      89
      97
      95
     100
     101
     116
     160
     200
     316
     399
     301
     234
     148
     110
      93
      84
      96
      73
      96
      91
      96
     101
      95
      70
      95
      86
      82
      83
      77
     101
      88
      94
      84
      69
      75
      82
      80
      91
      97
      98
      85
      82
      70
     112
      74
      96
      95
      85
      94
     100
      93
      82
      72
      80
      75
      77
      90
      88
      63
      80
      84
      91
      88
      71
      85
      77
     104
      88
      79
      81
      84
      87
      63
      80
     103
      95
      87
      85
      66
      72
      86
      90
      90
      87
      78
      78
      80
      72
      65
      87
      88
      76
      83
      77
     103
      80
      78
      78
      93
      84
      84
      80
      58
      83
      93
      74
      95
      91
      98
      81
      83
      75
      75
      85
      72
      80
      84
      81
      62
      68
      75
      73
      74
      89
      72
      56
      66
      68
      59
      71
      60
      63
      84
      56
      54
      85
      83
      63
      67
      67
      64
      66
      69
      70
      80
      70
      60
      82
      69
      79
      68
      62
      70
      66
      66
      60
      61
      71
      70
      75
      73
      62
      75
      78
      63
      60
      80
      63
      66
      67
      77
      78
      59
      65
      69
      58
      81
      74
      61
      67
      86
      65
      68
      53
      60
      62
      60
      64
      58
      78
      49
      77
      73
      72
      69
      68
      83
      69
      73
      57
      73
      62
      46
      63
      67
      70
      49
      83
      66
      67
      59
      70
      60
      55
      67
      58
      62
      47
      64
      66
      53
      72
      53
      62
      60
      66
      83
      66
      67
      67
      63
      65
      65
      59
      57
      72
      56
      57
      63
      70
      50
      61
      61
      61
      53
      53
      57
      65
      59
      46
      71
      60
      66
      66
      69
      51
      50
      59
      42
      44
      51
      66
      58
      58
      63
      46
      57
      54
      48
      58
      56
      60
      55
      78
      52
      55
      60
      57
      57
      70
      53
      59
      64
      64
      50
      55
      53
      61
      48
      65
      57
      55
      61
      44
      55
      42
      54
      50
      61
      63
      52
      65
      64
      55
      50
      48
      62
      54
      53
      53
      57
      62
      61
      46
      40
      50
      47
      54
      77
      60
      52
      60
      48
      42
      45
      44
      53
      57
      60
      55
      54
      47
      49
      69
      55
      51
      62
      52
      68
      46
      49
      46
      52
      40
      68
      52
      49
      58
      50
      49
      50
      44
      42
      42
      56
      41
      42
      54
      34
      51
      48
      56
      40
      52
      51
      42
      49
      43
      58
      43
      42
      43
      42
      52
      47
      47
      55
      44
      49
      53
      48
      48
      58
      48
      49
      43
      46
      48
      49
      44
      52
      44
      47
      39
      44
      46
      46
      43
      53
      50
      44
      36
      47
      56
      49
      52
      42
      51
      55
      49
      60
      45
      61
      45
      49
      36
      48
      50
      37
      51
      37
      39
      39
      44
      38
      44
      39
      44
      41
      40
      43
      37
      52
      45
      56
      43
      39
      45
      30
      43
      35
      46
      41
      37
      42
      40
      50
      42
      49
      39
      41
      44
      42
      49
      35
      36
      43
      43
      49
      41
      43
      43
      59
      41
      63
      44
      48
      59
      59
      41
      45
      33
      46
      45
      37
      45
      38
      44
      46
      52
      48
      34
      46
      46
      34
      36
      36
      46
      51
      42
      40
      39
      37
      26
      42
      23
      46
      33
      45
      46
      47
      43
      44
      40
      32
      45
      39
      36
      39
      43
      38
      33
      36
      33
      42
      41
      24
      40
      41
      58
      38
      39
      42
      40
      40
      36
      27
      26
      34
      40
      40
      22
      29
      33
      31
      25
      33
      37
      27
      36
      42
      44
      49
      38
      38
      42
      36
      39
      35
      39
      37
      30
      30
      45
      30
      46
      41
      34
      44
      40
      37
      52
      41
      46
      56
      21
      34
      37
      33
      40
      27
      47
      35
      33
      42
      36
      34
      34
      29
      40
      35
      33
      32
      34
      36
      43
      41
      34
      33
      32
      37
      40
      36
      44
      36
      38
      42
      36
      28
      34
      30
      46
      37
      45
      31
      35
      26
      34
      32
      30
      30
      33
      35
      33
      36
      45
      30
      37
      36
      41
      34
      31
      35
      39
      23
      34
      22
      33
      32
      50
      31
      40
      36
      34
      41
      35
      22
      23
      22
      34
      30
      38
      31
      38
      38
      29
      37
      31
      28
      43
      33
      40
      41
      41
      27
      46
      25
      35
      41
      36
      33
      25
      32
      41
      31
      36
      35
      35
      26
      29
      26
      33
      33
      29
      35
      34
      33
      34
      28
      25
      31
      36
      36
      33
      28
      22
      30
      28
      26
      25
      38
      17
      37
      28
      27
      31
      33
      22
      29
      45
      45
      37
      33
      36
      27
      30
      33
      23
      26
      20
      38
      32
      39
      34
      34
      27
      34
      35
      36
      35
      35
      25
      25
      25
      28
      32
      29
      32
      34
      30
      27
      22
      23
      21
      31
      41
      29
      29
      39
      25
      40
      24
      24
      32
      29
      29
      25
      26
      22
      26
      27
      29
      30
      23
      27
      28
      23
      28
      31
      25
      31
      26
      16
      39
      22
      23
      23
      32
      19
      17
      27
      31
      26
      23
      28
      16
      25
      27
      36
      27
      31
      23
      32
      23
      24
      27
      20
      34
      22
      33
      31
      32
      22
      35
      30
      25
      23
      21
      23
      27
      24
      28
      30
      23
      29
      20
      24
      21
      22
      16
      22
      21
      16
      22
      22
      28
      32
      29
      29
      29
      25
      24
      22
      33
      22
      23
      16
      32
      25
      22
      26
      28
      22
      23
      16
      21
      19
      28
      17
      33
      18
      16
      24
      24
      20
      22
      12
      17
      19
      25
      23
      25
      19
      24
      18
      25
      17
      20
      19
      21
      22
      20
      24
      24
      21
      19
      15
      18
      25
      25
      26
      19
      20
      10
      19
      25
      18
      23
      21
      37
      19
      24
      19
      22
      21
      21
      20
      23
      23
      25
      21
      20
      21
      17
      20
      25
      23
      17
      25
      28
      16
      14
      24
      24
      31
      15
      18
      15
      21
      22
      22
      19
      15
      18
      27
      22
      14
      25
      19
      18
      25
      13
      11
      18
      25
      24
      27
      15
      15
      21
      21
      23
      24
      16
      23
      22
      15
      23
      15
      25
      26
      17
      15
      27
      20
      23
      16
      17
      18
      16
      33
      18
      12
      24
      12
      13
      17
      21
      25
      36
      74
     119
     125
      82
      58
      28
      16
      15
      18
      22
      18
      18
      14
      18
      11
       9
      16
      15
      14
      17
      14
      17
      17
      17
      18
      18
       9
      15
      15
      27
      17
      10
      24
      12
      19
      17
      15
       9
      11
      20
      15
      11
      12
      19
      17
      15
      21
      17
      17
      17
      15
      17
      20
      21
      29
      18
      14
      16
      10
      12
      10
      14
      18
      13
      15
      13
      14
      18
       7
      11
       8
      17
      16
      16
      17
       6
      14
      20
      15
      16
      14
      13
      19
      18
      13
      24
      11
      14
      17
      18
      13
      13
      10
      19
      11
      11
      17
       9
      19
      14
      14
      15
      12
      13
      11
      17
      12
      22
      10
       4
      14
      15
      15
      16
      10
      20
      17
      12
      11
      15
      17
      11
      14
      13
      11
      16
       7
      14
      15
      18
      19
      20
      21
      18
      19
      18
      19
      13
      16
      17
      12
      13
      10
      11
       9
      12
      14
      16
      13
      19
      13
      12
      22
      15
      12
      16
       9
      12
      19
       7
      11
       9
      14
      14
      15
      12
       4
      14
      17
      17
      15
      15
      15
      14
      15
      18
       6
      14
      15
      21
      10
      15
      18
      15
      11
       8
      14
      12
      19
      17
      11
       5
      10
      10
      14
      13
      15
      12
      13
      16
      10
      12
      12
      17
       9
      17
      15
      11
      11
      13
      13
      11
       8
      16
       9
      11
      12
      10
      14
      14
      12
       5
      16
      13
       8
      16
      15
       8
      17
       9
       9
      10
      10
       7
       6
      18
      20
      10
      10
      12
      12
       9
      17
      13
      13
       9
      14
       7
      11
      14
      10
      15
       9
       9
      13
      15
      10
       9
      10
       9
      10
      17
      12
      11
      12
       9
      13
      12
       6
      19
      14
      16
      16
      12
      13
      10
       5
      10
      13
      10
       6
       9
      12
       7
       9
       8
      18
       5
       9
      11
       6
      13
       9
      12
       6
      11
       7
      10
      11
       9
      10
       4
       7
      10
      15
      16
      24
      26
      19
      17
      14
       7
      16
      14
      15
       6
      12
      13
       4
       5
      10
       8
       8
       8
       7
       7
       8
       7
      14
      13
      18
       9
       8
      10
       6
      13
       6
       9
       9
      10
      12
      10
       6
      17
      15
       4
      13
       9
      11
      13
      15
      11
      13
      18
       9
       8
       8
      13
       9
       9
       8
      10
       9
      10
       9
       6
       7
      14
       5
      10
       7
       5
       9
       9
       5
      14
       9
       9
       4
       9
      10
      10
       9
       9
      15
       7
      16
      10
      13
      15
      12
      12
      12
       5
       9
      14
       3
       3
       6
       8
       9
       9
       9
      10
       9
       8
      11
      10
       9
      11
      11
       8
       9
       9
       8
      11
       4
       9
      11
      11
       9
       8
      10
      10
       9
      10
       6
      11
      10
       8
       5
      11
       5
      15
       4
       8
       9
      11
       7
       5
       9
       8
      10
       7
       3
      11
       9
       7
      10
       5
       8
       9
       4
       7
       7
       8
      17
       3
       6
      11
       6
      11
       6
       9
      10
       8
      10
      13
       9
       8
       7
       9
       8
       6
      10
       9
       7
      16
       7
       8
       7
       9
      10
      11
      13
      11
       7
      11
       8
       6
      10
      10
       5
       6
       9
       4
       3
       7
       4
       9
       4
      12
       9
       6
       7
       6
       9
       7
       6
       8
       2
       5
       7
       6
       9
       5
      12
       9
       9
      12
      10
      11
       5
       9
       6
       5
      12
       7
       7
       8
       5
       8
      12
       4
       6
      13
      14
       6
       5
       6
       8
       8
      11
       4
       7
       4
       8
       7
       8
       8
       8
       9
       4
       7
      10
       7
       3
       6
      10
      13
      10
      11
       8
      12
       8
       7
       8
       7
       6
       3
      12
       8
      10
       5
       5
       5
       6
       8
      11
      10
       6
      12
       4
       7
       4
      13
       2
       5
      12
       9
       4
       7
       6
       5
       7
       8
      11
       4
       7
      10
       2
       9
       9
      13
      12
       4
      10
       3
       8
      12
       9
       5
       6
       5
       9
       8
       7
       7
       8
       4
       6
       9
       8
       6
      11
       8
       7
      10
       5
       4
       5
       9
       4
       9
       2
       6
       8
      14
       8
       3
       6
       4
       8
      15
       7
      15
      12
      16
       3
      10
       7
       6
      12
       1
       9
       3
       4
       1
      11
       6
       8
       8
       3
      15
       8
      11
       9
       7
       5
       5
       8
       4
       4
       7
       3
       7
       5
       4
       5
      12
       3
       6
       7
       7
       5
       3
      10
       7
       4
       6
       4
       9
       7
       4
       8
       4
       9
       4
       9
       5
       7
       7
       3
       5
       6
       5
       6
      10
       5
       4
       7
       6
       5
       9
       7
       7
      14
       4
       6
       8
       9
       4
       5
       5
      10
       6
       2
       5
      14
       4
       9
       7
       7
       7
       7
       9
       7
       3
       7
       5
       8
       9
       5
       5
      10
      12
       8
      11
      11
      16
       8
       7
       9
       6
      12
       5
       6
       6
       7
       4
       4
       5
       7
       6
       5
       5
       7
       2
       5
       5
       5
       8
       5
       4
       6
       3
       4
       4
      12
      12
       2
       6
       8
       7
       9
       5
       6
      10
       9
       5
       3
       5
       4
       4
       4
       9
       6
       8
       3
       8
       8
       8
       6
       6
       9
       4
       6
       6
       4
       3
       7
       5
      13
      11
       6
       8
       6
       9
       6
       5
       8
       5
       9
      12
       6
       4
       5
       5
       8
       8
       6
       7
       7
       7
       4
       7
       2
      10
       7
       9
       3
       4
       5
       6
       9
       9
       9
       8
       4
       3
       4
       3
       3
       8
       8
       5
      10
       6
       8
       7
       6
       4
       7
       4
       7
       4
       5
       5
       2
       6
       7
       4
       6
       4
       8
       6
       6
      11
       4
      11
       1
       7
       5
       4
       3
       6
       2
       5
      10
      10
       6
       3
       5
       4
       3
       5
       4
       8
       4
       4
       7
       6
       4
       6
       7
       6
       5
       8
       8
       2
       5
       4
       4
       5
      10
       4
       8
       6
       2
      10
       4
       5
       7
      11
       3
       4
       4
       7
       9
       5
       8
       2
       6
       4
       3
       5
       4
       4
       8
       7
       9
       8
       6
       8
       4
       3
       6
       4
       4
       2
       5
       5
       6
       6
       2
       6
       2
       4
       2
       7
       4
       7
       2
       5
       7
       4
       4
       7
       2
       5
       6
       2
       1
      10
       4
       5
       3
       4
       6
       3
       4
       6
       1
       5
       9
       7
       4
       8
       3
       2
       3
       2
       6
       6
       8
       8
       3
       6
       5
       5
       3
       6
       6
       9
       5
       4
       4
       4
       5
       8
       5
       4
       8
       5
       3
       7
       6
       5
      10
       5
       2
       6
       2
       6
       8
       2
       4
       4
       3
       2
       3
       5
       5
       6
       4
       3
       4
       1
       9
       6
       1
       1
       3
       8
       4
       1
       4
       4
       2
       2
       5
       7
       6
       5
       2
       6
       1
       3
       6
       6
       2
       6
       3
       3
       4
       4
       4
       5
       6
       5
       1
       2
       2
       8
       5
       2
       5
       6
       4
       3
       5
       5
       2
       8
       1
       4
       5
       3
       5
       1
       2
       3
       5
       0
       7
       2
       6
       4
       6
       3
       2
       5
       2
       8
       7
       5
       7
       5
       2
       4
       2
       5
       5
       3
       6
       2
       1
       0
       5
       3
       6
       5
       5
       4
       5
       7
       2
       5
       5
       3
       9
       4
       1
       4
       3
       4
       2
       5
       5
       5
       8
       1
       7
       2
       6
       4
       3
       4
       1
       3
       6
       5
       7
       4
       9
      11
      17
      22
      35
      36
      32
      30
      13
       6
       5
       5
       9
       1
       2
       6
       0
       3
       4
       6
       6
       2
       2
       6
       4
       4
       5
       5
       3
       3
       4
       5
       4
       3
       4
       4
       4
       2
       3
       0
       2
       1
       3
       1
       3
       2
       5
       2
       2
       2
       6
       1
       5
       4
       1
       3
       0
       2
       2
       4
       3
       2
       7
       3
       4
       5
       1
       1
       1
       2
       1
       2
       1
       5
       2
       2
       1
       5
       0
       3
       3
       4
       1
       3
       6
       3
       2
       2
       4
       4
       0
       1
       5
       2
       3
       5
       4
       7
       2
       2
       4
       2
       2
       6
       0
       0
       5
       2
       4
       2
       3
       1
       1
       2
       2
       4
       0
       6
       3
       4
       4
       3
       6
       0
       1
       2
       1
       3
       3
       2
       3
       3
       4
       2
       2
       7
       3
       4
       3
       3
       5
       4
       5
       5
       4
       6
       4
       3
       4
       2
       2
       6
       5
       4
       3
       4
       3
       2
       2
       2
       2
       6
       6
       3
       2
       3
       4
       1
       9
       2
       0
       1
       7
       2
       1
       1
       3
       4
       4
       5
       4
       2
       4
       5
       4
       3
       1
       3
       4
       1
       6
       6
       2
       6
       6
       0
       4
       4
       5
       6
       1
       2
       3
       3
       2
       3
       3
       6
       2
       2
       2
       3
       1
       0
       3
       2
       5
       5
       4
       1
       5
       5
       5
       5
       3
       1
       2
       0
       4
       7
       1
       3
       1
       5
       3
       4
       4
       0
       0
       1
       5
       4
       3
       5
       2
       2
       1
       4
       2
       5
       2
       2
       4
       4
       6
       1
       4
       1
       1
       1
       4
       5
       2
       3
       2
       3
       5
       6
       1
       2
       4
       2
       4
       1
       2
       4
       3
       3
       3
       7
       8
       3
       1
       2
       3
       3
       3
       2
       2
       5
       1
       5
       4
       3
       3
       4
       5
       3
       6
       3
       4
       2
       3
       3
       4
       3
       4
       5
       4
       3
       5
       3
       1
       3
       6
       2
       4
       2
       4
       1
       2
       3
       4
       3
       3
       1
       7
       3
       2
       4
       4
       2
       3
       2
       3
       5
       4
       4
       5
       5
       3
       6
       4
       0
       1
       2
       2
       2
       2
       6
       3
       1
       4
       0
       5
       4
       3
       4
       3
       6
       2
       5
       4
       4
       1
       2
       2
       4
       5
       1
       5
       3
       2
       2
       1
       5
       6
       2
       3
       4
       3
       3
       1
       2
       3
       5
       4
       3
       3
       3
       3
       0
       4
       5
       2
       2
       2
       4
       2
       4
       4
       2
       1
       6
       4
       5
       2
       5
       0
       3
       0
       4
       0
       1
       1
       0
       3
       2
       3
       2
       3
       9
       5
       3
       5
       2
       3
       3
       3
       2
       2
       3
       8
       3
       3
       2
       4
       2
       0
       0
       3
       7
       2
       7
       1
       1
       3
       5
       0
       3
       0
       3
       0
       0
       1
       3
       1
       2
       2
       0
       4
       2
       6
       1
       2
       5
       5
       4
       3
       2
       4
       6
       2
       2
       4
       3
       3
       4
       1
       3
       2
       4
       1
       5
       2
       4
       3
       2
       4
       2
       1
       3
       2
       3
       1
       5
       3
       2
       1
       1
       2
       1
       0
       2
       2
       6
       3
       3
       3
       5
       3
       5
       2
       0
       3
       6
       0
       8
       1
       1
       3
       2
       4
       4
       4
       3
       6
       2
       4
       2
       6
       4
       4
       3
       3
       0
       3
       2
       2
       0
       2
       4
       0
       2
       5
       2
       2
       0
       5
       4
       4
       3
       1
       3
       6
       1
       2
       1
       2
       4
       5
       3
       1
       5
       2
       1
       2
       1
       4
       2
       2
       2
       5
       1
       2
       0
       1
       1
       2
       6
       1
       3
       2
       2
       2
       6
       5
       0
       2
       6
       2
       0
       1
       4
       2
       2
       4
       4
       5
       4
       3
       3
       1
       3
       1
       0
       4
       1
       4
       2
       4
       3
       2
       1
       2
       2
       1
       3
       4
       2
       1
       3
       3
       2
       1
       1
       1
       3
       4
       1
       3
       3
       3
       0
       2
       3
       4
       1
       2
       2
       0
       1
       4
       5
       3
       3
       0
       1
       1
       3
       4
       2
       3
       2
       3
       5
       2
       5
       5
       4
       4
       2
       4
       4
       2
       3
       2
       3
       3
       3
       4
       1
       1
       1
       1
       2
       1
       3
       2
       3
       3
       4
       1
       3
       0
       4
       2
       1
       1
       2
       2
       1
       4
       4
       1
       3
       2
       2
       1
       1
       0
       0
       1
       4
       3
       5
       1
       2
       4
       3
       1
       1
       3
       0
       0
       3
       1
       2
       2
       3
       6
       5
       3
       1
       1
       3
       4
       2
       1
       3
       3
       3
       3
       0
       9
       2
       3
       3
       3
       3
       1
       2
       0
       2
       1
       2
       5
       4
       1
       0
       2
       3
       3
       2
       3
       5
       3
       2
       2
       1
       3
       4
       2
       1
       3
       1
       0
       4
       3
       3
       4
       2
       4
       7
       2
       0
       0
       2
       4
       5
       0
       3
       1
       0
       0
       4
       2
       3
       3
       7
       5
       1
       5
       3
       1
       4
       3
       2
       2
       2
       3
       2
       2
       1
       2
       1
       1
       4
       0
       2
       2
       4
       3
       3
       1
       3
       2
       4
       3
       3
       2
       3
       3
       0
       3
       1
       5
       0
       1
       4
       4
       2
       1
       5
       2
       2
       2
       2
       2
       3
       3
       2
       4
       2
       0
       1
       3
       1
       0
       2
       1
       4
       4
       6
       4
       1
       6
       1
       2
       2
       1
       3
       2
       4
       1
       2
       4
       3
       3
       2
       1
       2
       2
       1
       3
       3
       3
       3
       1
       5
       1
       0
       2
       0
       4
       4
       2
       1
       2
       3
       1
       5
       2
       3
       5
       2
       3
       0
       3
       2
       4
       3
       4
       5
       2
       4
       1
       1
       3
       4
       2
       4
       2
       1
       2
       1
       5
       3
       3
       3
       3
       3
       2
       2
       2
       2
       5
       2
       7
       3
       5
       0
       2
       3
       0
       3
       1
       2
       4
       4
       1
       2
       3
       5
       2
       4
       2
       2
       3
       1
       4
       2
       0
       4
       2
       2
       2
       1
       3
       1
       6
       0
       1
       1
       2
       0
       4
       3
       2
       1
       2
       6
       0
       3
       5
       3
       3
       1
       3
       4
       6
       3
       2
       0
       1
       6
       3
       3
       1
       4
       2
       2
       3
       1
       0
       3
       0
       3
       4
       1
       4
       0
       0
       5
       0
       1
       1
       2
       1
       2
       1
       1
       5
       4
       2
       1
       1
       0
       4
       2
       1
       0
       2
       2
       0
       4
       2
       2
       2
       2
       3
       7
       3
       1
       3
       2
       3
       1
       1
       1
       2
       0
       0
       3
       3
       0
       3
       3
       3
       3
       1
       3
       0
       2
       1
       2
       3
       1
       0
       3
       2
       1
       2
       2
       2
       3
       3
       1
       0
       2
       0
       4
       1
       3
       3
       3
       1
       1
       2
       1
       0
       0
       0
       2
       1
       1
       2
       5
       4
       1
       2
       3
       0
       4
       2
       1
       1
       3
       3
       3
       4
       2
       1
       2
       4
       4
       5
       2
       0
       1
       0
       2
       4
       4
       3
       5
       2
       1
       5
       2
       2
       4
       1
       2
       0
       6
       3
       1
       3
       1
       2
       2
       3
       2
       2
       1
       1
       0
       1
       1
       4
       4
       2
       4
       2
       2
       2
       1
       2
       3
       1
       1
       2
       3
       2
       0
       4
       1
       5
       2
       0
       1
       3
       3
       4
       1
       0
       3
       3
       2
       3
       4
       3
       2
       4
       3
       2
       6
       1
       1
       1
       2
       5
       2
       1
       3
       0
       3
       2
       0
       2
       2
       1
       1
       3
       1
       1
       1
       0
       4
       1
       0
       4
       2
       5
       3
       1
       5
       0
       1
       3
       2
       0
       0
       3
       2
       3
       4
       0
       1
       3
       2
       5
       4
       2
       1
       3
       2
       1
       4
       2
       1
       2
       1
       3
       3
       3
       5
       3
       3
       3
       3
       2
       2
       3
       4
       1
       2
       3
       1
       1
       4
       1
       1
       2
       2
       0
       3
       0
       2
       0
       1
       6
       3
       2
       0
       2
       4
       3
       2
       0
       2
       3
       2
       3
       1
       1
       2
       4
       5
       2
       3
       5
       3
       3
       3
       5
       3
       1
       2
       1
       1
       1
      10
       1
       0
       2
       6
       1
       1
       2
       2
       0
       3
       3
       3
       3
       5
       2
       2
       3
       1
       2
       4
       1
       1
       1
       2
       2
       2
       1
       2
       1
       0
       0
       0
       0
       0
       0
       0
       0
       0
       0
       0
       0
       0
       0
       1
       0
       0
       0
       0
       0
       0
       0
       0
       0
       0
       0
       0
       0
       0
       0
       0
       0
       0
       0
       0
       0
       0
       0
       0
       0
       0
       0
       0
       0
       0
       0
       0
       0
       0
       0
       0
       0
       0
       0
       0
       0
       0
       0
       0
       0
       0
       0
       0
       0
       0
       0
       0
       0
       0
       0
       0
       0
       0
       0
       0
       0
       0
       0
       0
       0
       0
       0
       0
       0
       0
       0
       0
       0
       0
       0
       0
       0
       0
       0
       0
       0
       0
       0
       0
       0
       0
       0
       0
       0
       0
       0
       0
       0
       0
       0
       0
       0
       0
       0
       0
       0
       0
       0
       0
       0
       0
       0
       0
       0
       0
       0
       0
       0
       0
       0
       0
       0
       0
       0
       0
       0
       0
       0
       0
       0
       0
       0
       0
       0
       0
       0
       0
       0
       0
       0
       0
       0
       0
       0
       0
$ROI:
0
$PRESETS:
None
0
0
$ENER_FIT:
0.000000 0.000000
$MCA_CAL:
3
0.000000E+000 0.000000E+000 0.000000E+000 
$SHAPE_CAL:
3
0.000000E+000 0.000000E+000 0.000000E+000
