$SPEC_ID:
No sample description was entered.
$SPEC_REM:
DET# 1
DETDESC# SCE-SOPA-00035 MCB 133
AP# Maestro Version 7.01
$DATE_MEA:
09/30/2019 11:15:49
$MEAS_TIM:
186827 186831
$DATA:
0 4095
       0
       0
       0
       0
      21
       6
       5
       9
       6
       4
       7
       8
       8
       6
      12
       9
       7
       5
       7
       8
       8
       9
      13
      17
      17
      20
     156
     383
     160
     197
     800
     835
     909
     870
     851
     865
     872
     884
     883
     907
     848
     819
     841
     854
     884
    1022
    1409
    1514
    1145
     852
     796
     803
     848
     925
     942
     867
     818
     790
     806
     823
     795
     794
    1115
    1627
    1613
    1128
     792
     805
     773
     786
     846
     783
     842
     848
     831
     927
     821
     940
     936
     847
     827
     796
     820
     859
     896
     931
     900
     862
     903
     883
     894
    1096
    1691
    2232
    1706
    1047
     847
     805
     840
     865
     810
     860
     863
     849
     758
     830
     845
     870
     847
     902
     884
     903
     916
     879
     879
     917
     883
     841
     870
     845
     875
     874
     939
     846
     936
     859
     839
     871
     887
     922
     840
     851
     811
     877
     891
     909
     913
     869
     887
     897
     903
     928
     934
     920
     996
     980
     826
     915
     891
     878
     867
     831
     859
     840
     870
     886
     869
     886
     789
     854
     888
     887
     838
     885
     864
     816
     752
     817
     792
     812
     788
     800
     781
     781
     845
     812
     786
     791
     777
     842
     837
     785
     802
     796
     804
     988
    1310
    1219
     985
     775
     735
     774
     773
     728
     745
     725
     693
     699
     728
     732
     699
     728
     729
     718
     707
     694
     682
     723
     739
     677
     708
     642
     606
     694
     675
     660
     639
     683
     660
     666
     655
     636
     646
     682
     659
     688
     636
     598
     660
     607
     579
     577
     647
     606
     577
     561
     585
     585
     697
     771
     712
     641
     593
     571
     598
     581
     529
     539
     585
     537
     525
     507
     535
     522
     529
     479
     486
     545
     506
     510
     510
     460
     490
     505
     470
     509
     502
     487
     470
     534
     501
     479
     532
     462
     494
     459
     462
     494
     467
     504
     463
     449
     441
     468
     422
     442
     454
     427
     429
     461
     417
     438
     455
     389
     390
     479
     454
     457
     446
     406
     456
     413
     456
     414
     420
     430
     410
     430
     388
     409
     381
     392
     414
     373
     381
     365
     377
     399
     407
     390
     390
     415
     376
     379
     367
     357
     362
     362
     406
     376
     399
     376
     381
     368
     378
     363
     371
     364
     372
     392
     342
     334
     374
     360
     306
     351
     335
     324
     318
     322
     367
     381
     394
     387
     336
     327
     288
     358
     293
     308
     308
     316
     308
     334
     311
     327
     327
     307
     303
     330
     303
     297
     312
     304
     326
     297
     261
     317
     265
     296
     302
     296
     306
     273
     291
     282
     316
     290
     269
     303
     286
     267
     292
     291
     260
     271
     292
     264
     286
     289
     293
     269
     298
     287
     296
     238
     275
     261
     268
     261
     278
     270
     239
     286
     263
     258
     242
     252
     232
     261
     256
     278
     248
     273
     249
     236
     253
     241
     265
     245
     225
     241
     271
     249
     252
     257
     229
     237
     234
     241
     257
     222
     251
     261
     222
     225
     239
     236
     230
     246
     217
     219
     241
     245
     214
     228
     256
     208
     221
     208
     241
     247
     259
     217
     238
     245
     210
     248
     202
     209
     227
     213
     253
     206
     222
     205
     200
     256
     218
     210
     205
     213
     234
     210
     204
     217
     212
     220
     204
     195
     215
     220
     225
     222
     182
     218
     230
     202
     207
     194
     202
     216
     223
     201
     201
     209
     219
     242
     245
     379
     583
     803
     814
     660
     447
     284
     221
     191
     221
     160
     196
     185
     192
     167
     186
     213
     199
     177
     164
     181
     204
     209
     189
     190
     181
     195
     194
     180
     187
     183
     176
     153
     185
     173
     173
     165
     191
     161
     154
     185
     199
     160
     192
     181
     184
     165
     193
     178
     176
     176
     183
     170
     204
     165
     168
     196
     192
     167
     152
     158
     204
     186
     173
     191
     177
     186
     185
     155
     153
     175
     168
     159
     224
     208
     215
     201
     195
     160
     172
     163
     195
     162
     150
     141
     164
     159
     174
     190
     180
     223
     181
     180
     204
     177
     187
     174
     179
     191
     189
     212
     220
     210
     173
     165
     170
     151
     164
     183
     180
     153
     145
     171
     171
     147
     153
     164
     142
     146
     163
     142
     175
     135
     164
     158
     140
     164
     141
     168
     146
     138
     163
     158
     174
     169
     151
     159
     147
     135
     130
     174
     136
     159
     155
     143
     172
     137
     161
     148
     168
     152
     156
     165
     165
     149
     174
     139
     135
     154
     137
     173
     171
     177
     183
     134
     146
     143
     154
     156
     141
     171
     143
     158
     129
     137
     142
     139
     142
     120
     133
     160
     143
     173
     157
     155
     165
     187
     174
     176
     159
     166
     164
     173
     162
     156
     149
     137
     151
     155
     120
     135
     142
     141
     154
     154
     141
     125
     135
     136
     145
     129
     123
     130
     133
     130
     145
     121
     131
     136
     148
     149
     141
     108
     123
     132
     127
     122
     121
     127
     147
     129
     140
     123
     128
     138
     135
     124
     145
     145
     134
     121
     110
     123
     125
     116
     143
     145
     133
     120
     125
     126
     121
     138
     141
     138
     138
     116
     134
     133
     150
     133
     133
     146
     139
     120
     134
     135
     114
     134
     130
     131
     105
     123
     118
      96
     132
     132
     111
     115
     128
     126
     151
     128
     136
     116
     115
     105
     136
     128
     116
     110
     108
     124
     108
     116
     139
     103
     123
     137
     105
     124
     125
     111
     101
     111
     107
     105
     117
     110
     105
     119
     128
     119
     120
     110
      98
     103
     123
     125
     105
     112
     122
     131
     103
      94
     122
     116
     113
     103
     117
      97
     121
     117
     119
     140
     112
     130
     108
     119
     126
     121
     125
     113
     119
     102
      94
      90
      96
     105
      99
     126
     100
     123
     106
     115
     115
      95
     115
     136
     119
     106
     115
     109
     100
     110
     111
      87
     102
     109
     106
     116
     102
      99
     129
     118
      95
     100
     100
      97
     101
      94
     101
     116
      98
     115
      89
     108
     120
     116
     111
     124
     109
      91
     110
     102
      98
     114
      90
     104
     112
      99
     112
     144
     143
     123
      99
     105
      91
      85
      97
      90
      91
      78
     109
      95
     111
      99
      78
      87
     102
     114
     104
      82
      88
     116
      93
     106
     103
     101
     102
     121
      89
      90
     101
      93
      97
     103
     100
      86
     107
      99
     111
     108
      94
     106
     102
      93
      88
      82
      87
      87
      96
      93
     132
     107
     113
     104
     117
     100
     124
     116
     123
     115
      80
      91
      99
      89
      94
     104
      92
      93
      87
     105
      69
      87
      81
      93
      89
      94
      88
      76
      87
      87
      86
      82
     114
      84
      83
      84
      85
     118
      85
     111
     105
      97
      85
     101
     100
      85
      75
      95
      79
      85
      75
      85
      77
      91
      68
      96
      82
      89
      97
      68
      89
      94
      75
      85
      90
     109
      83
      74
      88
      85
      84
      74
      67
      87
      82
      84
      90
      92
      68
      83
      84
      74
      94
      89
      94
      91
      81
      82
      80
      84
      75
      82
      85
      88
      61
      92
      77
      82
      82
      82
      84
      98
      78
      86
      78
      83
      85
      77
      67
      71
      74
      62
      82
      77
      87
      77
      78
      83
      86
      64
      91
      94
      68
      96
      79
      83
      81
     103
      84
      72
      72
      80
      67
      75
      76
      76
      65
      90
      67
      79
      70
      82
      82
      78
      76
      68
      67
      72
      64
      66
      71
      77
      71
      91
      75
      67
      82
      70
      88
      83
     104
      84
      74
      78
      62
      80
      67
      57
      91
      62
      90
      88
      77
      79
      72
      84
      81
      78
      79
      78
      79
      61
      68
      88
      75
      71
      81
      62
      64
      65
      76
      74
      60
      71
      74
      81
      73
      77
      70
      74
      70
      78
      77
      74
      68
      76
      63
      74
      80
      66
      65
      81
      60
      75
      75
      81
      62
      77
      64
      66
      52
      66
      73
      71
      74
      75
      68
      71
      71
      61
      72
      59
      75
      76
      61
      57
      71
      90
      68
      59
      57
      68
      78
      73
      58
      53
      69
      78
      70
      66
      77
      68
      49
      63
      72
      69
      76
      64
      66
      94
      72
      79
      60
      73
      65
      50
      56
      65
      70
      57
      83
      57
      61
      64
      56
      76
      59
      68
      97
      74
      66
      62
      55
      59
      81
      69
      73
      51
      54
      53
      41
      62
      50
      46
      56
      61
      57
      54
      68
      50
      52
      69
      55
      59
      68
      51
      57
      60
      63
      58
      63
      59
      62
      63
      49
      53
      41
      38
      60
      54
      62
      61
      55
      56
      57
      43
      48
      58
      56
      67
      55
      46
      58
      57
      56
      50
      58
      50
      40
      51
      43
      66
      54
      47
      65
      48
      66
      59
      50
      43
      45
      70
      48
      57
      58
      53
      45
      54
      44
      55
      55
      49
      65
      39
      56
      68
      55
      47
      44
      45
      42
      47
      65
      74
      61
      40
      58
      52
      59
      54
      62
      50
      50
      64
      40
      36
      41
      47
      32
      48
      63
      41
      53
      36
      46
      35
      41
      50
      50
      51
      48
      57
      46
      43
      50
      44
      41
      46
      49
      51
      36
      43
      45
      54
      41
      47
      42
      61
      54
      45
      47
      47
      57
      51
      59
      48
      55
      54
      47
      46
      36
      43
      50
      57
      36
      35
      47
      41
      46
      43
      41
      44
      54
      43
      42
      54
      39
      39
      46
      41
      45
      56
      42
      46
      45
      42
      40
      41
      41
      44
      51
      39
      50
      55
      43
      38
      49
      40
      37
      47
      40
      34
      46
      48
      47
      52
      39
      43
      37
      42
      46
      31
      40
      39
      38
      42
      29
      36
      37
      43
      41
      37
      44
      45
      53
      57
      54
     108
     162
     228
     261
     221
     113
      75
      33
      42
      22
      42
      38
      31
      26
      38
      26
      39
      45
      32
      36
      41
      32
      33
      43
      44
      43
      38
      29
      24
      33
      25
      39
      30
      25
      33
      34
      30
      36
      38
      31
      32
      33
      34
      36
      34
      30
      38
      36
      31
      37
      39
      55
      41
      42
      36
      39
      33
      39
      32
      28
      31
      32
      37
      38
      31
      25
      33
      31
      28
      26
      40
      34
      29
      28
      38
      34
      29
      34
      37
      26
      24
      24
      37
      35
      44
      33
      48
      38
      30
      21
      39
      40
      31
      38
      31
      34
      23
      31
      35
      27
      32
      31
      28
      30
      36
      36
      41
      33
      28
      29
      33
      37
      40
      33
      39
      31
      25
      38
      31
      31
      25
      31
      31
      30
      27
      40
      29
      44
      22
      37
      36
      38
      53
      52
      34
      40
      41
      34
      32
      19
      28
      25
      21
      21
      24
      34
      31
      32
      34
      38
      25
      25
      22
      28
      21
      14
      18
      27
      30
      28
      34
      41
      29
      34
      42
      30
      32
      20
      24
      35
      30
      25
      35
      32
      31
      25
      21
      26
      29
      23
      36
      24
      32
      20
      28
      30
      26
      26
      26
      25
      25
      32
      26
      28
      29
      28
      35
      31
      19
      20
      26
      28
      27
      25
      37
      33
      30
      17
      18
      25
      30
      29
      20
      32
      20
      22
      23
      25
      29
      29
      27
      27
      36
      20
      34
      23
      27
      31
      20
      16
      23
      26
      27
      28
      24
      18
      21
      31
      20
      27
      28
      16
      28
      16
      19
      22
      36
      29
      25
      31
      27
      26
      22
      21
      23
      19
      19
      20
      21
      20
      22
      30
      24
      29
      26
      26
      26
      30
      20
      25
      20
      24
      31
      31
      18
      19
      17
      26
      22
      23
      24
      19
      31
      18
      32
      17
      26
      30
      25
      19
      12
      16
      19
      28
      23
      20
      26
      22
      24
      27
      24
      24
      23
      27
      39
      44
      54
      38
      48
      39
      33
      27
      21
      20
      16
      20
      20
      17
      18
      15
      19
      19
      28
      21
      21
      15
      20
      23
      23
      14
      15
      16
      20
      24
      31
      13
      29
      25
      18
      12
      21
      21
      19
      21
      23
      19
      15
      27
      17
      19
      20
      29
      15
      12
      22
      25
      24
      15
      25
      19
      31
      22
      13
      23
      31
      21
      19
      21
      32
      11
      25
      20
      15
      23
      25
      16
      10
      23
      18
      18
      25
      25
      20
      28
      20
      24
      23
      18
      34
      20
      27
      28
      24
      24
      21
      23
      23
      16
      16
      18
      20
      21
      25
      28
      26
      30
      19
      34
      18
      25
      28
      19
      15
      24
      10
      19
      18
      23
      16
      18
      14
      21
      30
      14
      15
      20
      16
      21
      20
      20
      17
      15
      26
      17
      22
      18
      16
      25
      15
      21
      20
      21
      16
      20
      21
      16
      17
      21
       9
      17
      12
      13
      21
      16
      20
      20
      28
      18
      20
      26
      21
      14
      18
      17
      17
      16
      14
      18
      18
      19
      20
      24
      19
      22
      10
      18
      10
      12
      27
      21
      23
       9
      10
      22
      16
      11
      27
      19
      24
      13
      21
      23
      14
      16
      19
      22
      17
      17
      20
      24
      13
      19
      13
      21
      21
      20
      12
      17
      14
      22
      15
      18
      17
      18
      20
      25
      13
      14
      12
      24
      18
      13
       6
      21
      18
      21
      20
      15
      13
      12
      15
      16
      21
      21
      15
      22
      17
       9
      13
      16
      21
      13
      15
      10
      16
      20
       9
      14
      18
      20
      12
      11
      20
      18
      15
      20
      16
      13
      20
      16
      16
      18
      10
      19
      13
      17
      12
      25
      17
      19
      20
      18
      12
      15
      17
      21
      10
      19
      19
      18
      15
      17
      20
      12
      17
      18
      22
      16
      12
      17
      18
      15
      12
      18
      17
      17
      12
      22
      19
      11
      18
      22
      16
      16
      13
      19
      10
      17
      15
      16
      13
      14
      19
      16
      14
      19
      10
      10
      16
      18
      15
      16
      19
      19
      11
      15
       9
      15
      15
      21
       8
      15
      14
      17
      16
      15
      22
      16
      14
      12
      18
      19
      17
      23
      22
      17
      22
      24
      17
      22
      16
      16
      20
      15
      13
      13
      11
       9
      21
      18
      18
      17
      14
      13
      12
      23
      14
      17
      18
      16
      12
      24
      13
      10
      12
       9
      17
      13
      15
       9
      20
      15
      16
      12
      12
      14
      16
       8
      13
      19
      13
      11
      22
      20
       8
       9
      18
       7
      10
      17
      17
      13
      15
       5
      11
      14
      13
      13
      17
      15
      15
       8
      18
      10
      13
      21
      11
      16
       8
      14
      12
      14
      11
      13
      12
      18
      19
      12
      17
      18
      11
       8
      15
      18
       8
      15
      12
      13
      17
      18
      20
       6
      12
      22
      22
      22
      20
      16
      28
      20
      11
      17
      14
      13
      14
      16
      11
      16
      14
      12
       9
      11
      19
      11
      12
      15
       6
      17
      11
      24
      15
      14
       9
      23
      13
       7
      12
      11
      13
      14
       8
      18
      13
      17
      11
      20
      14
       7
      11
      14
      10
      15
       9
      17
      15
      14
      13
      21
      11
      16
      18
      17
      15
      12
      11
      13
      10
      10
      19
      11
      12
      18
      13
      11
      12
      16
      12
      21
      24
      11
      11
       8
       8
      14
      14
      17
      11
      16
      19
       9
      11
      10
      13
      20
      13
      15
      16
      15
      13
      22
       9
      11
      14
      12
      21
      14
       9
      12
      12
      14
      12
       5
      15
       9
      20
      12
      14
      18
       8
      12
      19
      24
      11
      18
       9
      20
       8
       7
       8
       9
       9
      14
      12
      10
      15
      11
      15
      15
      12
      13
      14
      13
       7
      11
      15
      17
       8
      10
      12
      12
      17
      14
      13
       7
      12
      10
      13
      16
      17
      19
      14
       9
      18
      19
      11
      18
       9
      15
      11
      18
      16
       7
      16
      12
      13
      12
      14
      10
      11
      17
      16
      18
      15
      15
      15
      12
      11
      14
      15
      10
       9
      16
      18
      11
      11
      12
       7
      12
       7
      15
      10
      14
       9
       7
      10
      14
      19
       9
      14
      10
       9
      16
      15
       9
      14
       7
      16
       7
      10
      11
      10
      10
       5
      12
       5
       8
      16
      12
      13
      15
      11
      10
      11
      13
      11
      11
      12
      16
      12
      13
       8
      10
       9
      13
       7
      13
       7
      15
       8
      15
      10
      12
      17
      17
      17
       7
      10
      16
       7
       9
       6
      10
      15
      12
       7
      10
      11
      10
      14
       7
       8
      13
      11
      12
      10
      12
      14
       7
       6
      12
      14
       8
       6
      12
      13
      11
       8
       6
      12
       9
      10
       5
      16
      12
       9
      11
      12
      14
      16
       9
      12
       5
      11
      15
       8
       8
       7
      10
       5
      13
       6
      12
       3
       8
      10
      18
       4
      15
      16
       8
      10
       6
       5
      14
      13
       8
       9
       9
       6
      13
       8
       5
      11
       7
       8
       3
      11
       9
       9
      13
      11
      10
      10
       5
       9
       7
      11
      10
       8
      14
      15
      10
       4
       9
      10
       7
      12
       9
      10
       9
      12
       9
       8
       8
       6
      14
       5
       9
       7
       8
      12
      11
       6
      15
      12
       8
       7
      10
      11
       7
      15
       9
      12
       8
       8
       3
       6
       9
       4
       8
      15
       9
       9
      10
       8
       8
       6
      11
      10
      13
       6
       3
       8
      11
       6
       9
       4
      13
      10
      17
      14
      12
      12
      24
      52
      59
      77
      56
      65
      49
      46
      26
      10
       8
       4
       6
       7
       5
      12
       9
       9
      12
       7
       7
       6
      12
       8
       9
       3
      10
       9
       6
      12
       6
       6
      18
      11
       9
       2
       7
       5
       7
      10
       7
       3
      11
      11
      11
       7
      10
       3
       7
       4
       6
      11
       4
      14
       4
      13
       2
       9
       7
       8
       9
       5
       8
       6
       3
       5
       4
       9
       7
       8
       7
       7
       6
       6
       7
       2
       6
       3
       4
       7
       4
       7
       8
      12
       4
       6
       9
       4
       8
      15
       8
       9
       7
       7
      14
       8
       9
       8
       5
      10
       5
       5
       7
       6
       7
       8
       8
       5
       7
       9
       7
      11
       6
       8
       6
       7
      11
      11
       4
       7
       5
       6
      10
       8
       3
      12
       7
       6
       9
       8
       3
       5
       3
      11
       5
       7
      10
       9
       5
       7
       9
      14
      10
       4
       6
      10
       5
       6
       3
      12
       8
      12
       4
       9
      10
      10
       6
       8
      10
       8
       5
       5
       9
       5
       5
       6
       9
       6
       5
      12
       3
       6
       4
       7
      10
       4
      11
       4
       5
       7
       4
       5
      13
       9
       8
       7
      10
      15
      11
       7
       8
       5
      12
       3
       8
       5
       8
       9
       3
       9
       7
       8
       8
       7
       8
       4
       6
       5
       6
       8
       6
       6
      10
       5
       8
       6
       9
       6
       7
       8
       8
       7
       5
       3
       5
      15
       6
       6
       2
       6
       7
       5
       1
      14
       3
       9
       9
      10
       4
      12
       7
      11
       9
      11
       8
       3
       5
       5
       7
       7
       2
       6
       6
       5
       6
       5
       7
       8
       3
       4
       6
       8
       3
       8
      13
       8
       6
       3
       4
       4
       6
       8
       6
       6
       5
       3
       8
       7
       8
       3
       4
       9
       5
       7
       5
       9
       3
       1
      11
       7
       5
      11
       6
       4
      13
       6
       0
       4
       6
       4
       4
       8
      10
       9
      10
       6
      13
       6
      10
       4
      11
       4
       5
       3
       6
       6
       7
       8
       4
       5
       7
       8
       7
       8
       9
       5
       5
       5
       8
       5
       2
       6
       5
       7
       2
       7
      10
       8
       6
      10
       5
       5
      10
       6
       4
       5
       9
      10
       7
       6
      11
       7
       6
      10
       8
       8
       4
       9
       6
       7
       5
       8
       9
       9
       6
       7
       7
       6
       2
       7
       5
       5
      10
       3
       5
       7
       7
       7
       8
      11
       8
       6
       8
       5
       7
       3
       8
       4
       2
       5
       6
       5
       4
       5
      10
       9
       5
       8
       6
       6
       4
       8
       7
       5
       6
       6
       8
       5
       5
      11
       4
       7
       7
       5
       7
       2
       2
       5
       6
       4
       5
       8
       7
       8
      10
       8
       8
       7
      10
       8
       4
       5
      13
      12
       8
       5
      10
       3
       7
       4
       7
      10
       5
       6
       4
       8
       9
       8
       7
      11
       8
       3
       6
       2
       8
       6
       6
       5
       6
       8
       6
       4
       4
       4
       6
       9
       9
       7
       7
       6
       8
      12
       6
       4
       9
       7
       7
       6
       8
       8
       7
       4
       4
       7
       6
       8
       4
       7
       6
      12
       4
       6
       6
       5
      11
       9
       6
       9
       6
       5
       6
       7
       7
       4
       6
       5
       5
       4
       7
       4
       6
       2
       4
       8
      11
       3
       9
      11
       6
       4
       2
       4
       6
       2
       5
       9
       5
       2
       8
       5
       8
      12
       6
       4
       3
       6
       5
       8
      10
       6
       4
       8
       8
       4
       8
       5
       9
       6
       7
       8
      10
       5
       4
       7
       3
       1
       4
       4
       5
       8
       5
       3
       3
       6
       0
       7
       6
       4
       6
       4
       5
       6
      12
       3
       8
       5
       4
       6
       4
      13
       2
       7
       8
       6
       4
       8
       3
       1
       4
      10
       7
       3
       3
       8
       4
       8
       2
       6
       3
       7
       6
      10
       9
       3
       9
       2
       2
       5
       8
       8
       7
       5
       3
       5
       6
       5
       7
       5
       4
       1
       6
       6
       7
       5
       4
       3
       6
       8
       5
       4
       6
       5
       3
       6
       5
       8
       6
       8
       9
       6
      10
       4
       3
       7
       7
       8
       3
       2
       2
       4
       6
       5
      10
       3
       5
       5
       9
       5
       9
       8
       5
       5
       4
       2
       9
       9
       7
       4
       8
       5
       4
       5
       4
       6
       4
       7
      10
       6
       6
       4
      10
       5
       3
       3
       7
       7
      10
       2
       5
       8
       4
       3
       7
       6
       4
      11
       4
       2
       7
       2
       4
       3
       0
       2
       1
       6
       7
      11
       7
       5
       9
       7
       3
       3
       4
       7
       4
       4
       0
       5
       4
       4
       9
       8
      10
       4
       5
       6
       1
       1
       2
       5
      10
       4
       7
       4
       7
       3
       2
       3
       5
       4
       5
      10
      13
       5
       6
       5
       4
       7
       6
       4
       4
       6
       3
       5
       5
       6
       3
       4
       4
       8
       2
       3
       8
       5
       4
       7
       4
       5
       5
       4
       8
       5
       5
       2
       7
      10
       6
       6
       5
       1
       9
       6
       3
       9
       7
       8
       7
       2
       6
       5
       7
       3
       4
       6
       8
       4
       8
       7
       3
       5
       4
       1
       1
       7
       1
       2
       3
       6
       3
       6
       8
       3
       4
       7
       2
       4
       4
       5
       2
       6
       3
       6
       6
       4
       9
       7
       1
      11
       7
       4
       2
       6
       5
       3
       3
       2
       5
       5
       2
       3
       7
       4
       4
      13
       6
       6
       7
       4
       6
       9
       9
       8
       8
       6
       5
       6
       9
       1
       4
       4
       3
       5
       2
       5
       5
       5
       3
       4
       5
       6
      11
       3
       5
       4
      10
       7
       5
       4
      11
       4
       5
       7
       3
       5
       4
       6
       4
       4
       6
       2
       2
       4
       3
       7
       3
       6
       8
      10
       7
      10
       9
       4
       4
       5
       5
       7
       3
       5
       8
       3
       1
       9
       5
       3
       3
       6
       1
       5
       4
       5
       5
       3
       5
       6
       1
       5
       3
       5
       3
       5
       5
       2
       3
       6
       7
       4
       5
       2
       4
       4
       3
       4
       8
       7
       2
       7
       7
       5
       5
       4
       4
       2
       3
       7
       9
       2
       5
       4
       8
       6
       6
       1
       5
       7
       5
       5
       6
       2
       9
       7
       5
       2
       2
       1
       5
       5
       6
       6
       7
       4
       6
      11
       3
       2
       3
       6
       5
       6
       2
       6
       4
       6
       2
       6
       4
       3
       6
       3
       4
       5
       5
       3
       4
       9
       0
       6
       7
       4
       0
       3
       7
       6
       1
       5
       2
       2
       6
       2
       5
       5
       7
       4
      10
       3
       9
       6
       1
       5
       7
       5
       5
       4
       3
       6
       4
       8
       8
       5
       2
       4
       5
       5
       5
       4
       4
       5
       7
       7
       6
       7
       3
       5
       3
       6
       7
       4
       4
       2
       3
       3
       5
      10
       9
       5
       8
       2
       8
       4
       2
       5
       4
       8
      11
       6
       8
       6
       2
       6
       3
       5
       3
       6
       5
       3
       4
       3
       5
       3
       5
       8
       3
       2
       6
       3
       7
       6
       4
      11
       6
       7
       2
       4
       4
       6
       6
       3
       4
       5
       1
       2
       6
       6
       6
       3
       2
       4
       3
       7
       4
       6
       2
       5
       7
       4
      10
       8
       4
       5
       9
       5
       3
       3
       7
       6
       5
       5
       1
      12
       3
       7
       2
       4
       6
       1
       4
      13
       2
       5
       4
       4
       5
       8
       2
       1
       5
       3
       2
       3
       7
       4
       5
       4
       7
       5
       1
       4
       4
       8
       2
       2
       7
       1
       3
       3
       5
       5
       4
       4
       2
       4
       7
       3
       3
       2
       3
       5
       6
       5
       6
       5
       3
       5
       3
       5
       6
       5
       6
       4
       9
       2
       2
       5
       3
       5
       4
       2
       7
       0
       2
       5
       7
       4
       5
       2
       6
       5
       4
       3
       6
       5
       3
       2
       5
       2
       2
       6
       3
       4
       4
       4
       5
       3
       3
       3
       4
       4
       6
       6
       6
       3
       5
       6
       6
       4
       5
       6
       4
       3
       3
       5
       3
       6
       4
       4
       5
       7
       7
       8
       5
       1
       5
       8
       5
       7
       1
       5
       3
       4
       6
       2
       4
       2
       7
       2
       2
       4
       1
       6
       4
       6
       6
       5
       6
       9
       7
       5
       3
       3
       7
       7
       7
       7
       4
       7
       7
       7
       3
       4
       1
       4
       4
       7
       4
       5
       8
       5
       7
       3
       6
       3
       3
       4
       7
       5
       3
       6
       6
       3
       5
       3
       3
       5
       4
       4
       4
       1
       2
       2
       0
       0
       0
       0
       0
       0
       0
       0
       0
       0
       0
       0
       0
       0
       0
       0
       0
       0
       0
       0
       0
       0
       0
       0
       0
       0
       0
       0
       0
       0
       0
       0
       0
       0
       0
       0
       0
       0
       0
       0
       0
       0
       0
       0
       0
       0
       0
       0
       0
       0
       0
       0
       0
       0
       0
       0
       0
       0
       0
       0
       0
       0
       0
       0
       0
       0
       0
       0
       0
       0
       0
       0
       0
       0
       0
       0
       0
       0
       0
       0
       0
       0
       0
       0
       0
       0
       0
       0
       0
       0
       0
       0
       0
       0
       0
       0
       0
       0
       0
       0
       0
       0
       0
       0
       0
       0
       0
       0
       0
       0
       0
       0
       0
       0
       0
       0
       0
       0
       0
       0
       0
       0
       0
       0
       0
       0
       0
       0
       0
       0
       0
       0
       0
       0
       0
       0
       0
       0
       0
       0
       0
       0
       0
       0
       0
       0
       0
       0
       0
       0
       0
       0
       0
       0
$ROI:
0
$PRESETS:
None
0
0
$ENER_FIT:
0.000000 0.000000
$MCA_CAL:
3
0.000000E+000 0.000000E+000 0.000000E+000 
$SHAPE_CAL:
3
0.000000E+000 0.000000E+000 0.000000E+000
