$SPEC_ID:
No sample description was entered.
$SPEC_REM:
DET# 1
DETDESC# SCE-SOPA-00035 MCB 133
AP# Maestro Version 7.01
$DATE_MEA:
11/04/2019 16:21:37
$MEAS_TIM:
69355 69356
$DATA:
0 4095
       0
       0
       0
       0
       0
       0
       0
       0
       0
       0
       0
       0
       0
       0
       0
       0
       0
       0
       0
       0
       0
       2
       2
       1
       3
       6
      41
     160
      85
     100
     318
     327
     302
     307
     320
     305
     339
     304
     304
     316
     316
     325
     292
     313
     326
     369
     548
     569
     471
     295
     277
     277
     333
     336
     358
     310
     311
     284
     314
     295
     298
     304
     384
     598
     630
     479
     325
     291
     318
     280
     277
     339
     288
     309
     340
     331
     360
     342
     357
     326
     288
     305
     303
     308
     363
     353
     294
     311
     311
     327
     324
     372
     571
     691
     656
     481
     322
     301
     346
     325
     310
     309
     317
     293
     308
     338
     324
     317
     313
     333
     338
     332
     322
     327
     356
     314
     332
     323
     349
     331
     332
     339
     352
     365
     343
     342
     312
     350
     328
     344
     350
     338
     351
     340
     313
     337
     302
     344
     319
     372
     342
     306
     334
     367
     384
     356
     340
     298
     300
     379
     309
     332
     295
     303
     317
     324
     336
     303
     347
     305
     312
     326
     311
     303
     313
     336
     315
     267
     273
     300
     324
     320
     297
     291
     301
     289
     285
     275
     286
     292
     323
     310
     307
     287
     273
     343
     430
     466
     381
     305
     305
     301
     290
     264
     268
     282
     245
     273
     281
     292
     312
     280
     271
     300
     304
     282
     278
     287
     260
     247
     244
     255
     237
     254
     262
     257
     260
     227
     247
     227
     239
     242
     246
     221
     247
     236
     236
     254
     224
     236
     223
     219
     221
     222
     226
     206
     202
     222
     237
     287
     258
     255
     224
     210
     238
     233
     198
     223
     243
     169
     197
     198
     195
     167
     194
     209
     180
     195
     200
     192
     205
     164
     182
     203
     157
     146
     141
     180
     184
     186
     181
     173
     173
     178
     152
     169
     195
     159
     159
     182
     197
     172
     179
     184
     172
     181
     180
     139
     181
     178
     177
     185
     150
     161
     158
     140
     196
     128
     169
     171
     131
     172
     165
     159
     160
     159
     165
     144
     157
     128
     159
     110
     154
     164
     157
     167
     144
     147
     138
     146
     126
     152
     155
     151
     132
     151
     153
     129
     122
     161
     155
     143
     140
     127
     126
     122
     166
     124
     147
     138
     150
     140
     121
     124
     154
     123
     135
     116
     129
     136
     133
     128
     183
     149
     162
     124
     105
     134
     119
     121
     127
     123
     105
     110
     116
     130
     124
     133
     115
      97
      99
     102
     115
     116
     127
     116
     120
     100
     112
     120
     123
     103
     120
     124
      96
     122
      90
      93
     112
      99
     124
     116
     109
     107
     113
     102
      94
      92
      98
     110
      94
     106
     112
     104
     106
     103
     107
     124
     108
      71
     119
      96
     106
      88
      99
      87
      94
     103
      95
     110
      97
      98
     102
      90
      94
      93
     102
      99
      93
      98
     100
      81
     114
     101
     107
     110
      76
      80
     103
      94
     107
      94
      85
      87
      87
      73
      81
      90
      98
      99
      97
      90
     103
      92
      80
     101
      69
      89
      82
      67
      82
      84
      85
      75
     102
      96
      91
      82
      70
      84
      88
      99
      80
      98
      91
      83
      89
      87
      71
      79
      87
      86
      75
      97
      89
      65
      75
      87
      92
      78
      91
      79
      67
      90
      75
      75
      70
      83
      76
      74
      71
      70
      69
      70
      89
      67
      88
      87
      91
     107
     121
     176
     292
     301
     240
     187
     109
      91
      85
      77
      74
      66
      77
      80
      88
      61
      71
      67
      79
      76
      75
      72
      57
      59
      66
      70
      68
      70
      75
      62
      65
      76
      58
      84
      72
      67
      68
      62
      78
      60
      83
      65
      66
      66
      67
      79
      54
      67
      80
      64
      67
      61
      67
      57
      66
      55
      78
      71
      69
      72
      59
      58
      75
      80
      72
      68
      62
      62
      64
      58
      68
      66
      69
      75
      65
      57
      83
      77
      75
      69
      66
      79
      71
      77
      56
      64
      70
      49
      80
      75
      75
      64
      87
      67
      67
      75
      73
      77
      58
      65
      72
      93
      80
      89
      62
      79
      53
      51
      71
      65
      65
      54
      61
      73
      54
      59
      59
      81
      67
      62
      55
      53
      55
      71
      72
      48
      64
      61
      55
      55
      53
      45
      64
      56
      44
      56
      58
      60
      53
      62
      69
      65
      53
      50
      59
      44
      62
      49
      61
      64
      48
      56
      66
      63
      67
      53
      56
      65
      59
      51
      59
      58
      65
      56
      56
      56
      52
      45
      55
      48
      63
      54
      51
      49
      51
      58
      50
      57
      54
      54
      52
      59
      56
      52
      67
      50
      61
      71
      58
      46
      50
      69
      65
      57
      61
      55
      52
      63
      48
      62
      58
      50
      53
      58
      42
      49
      48
      58
      54
      52
      56
      59
      53
      64
      40
      50
      58
      46
      49
      53
      40
      60
      39
      48
      56
      46
      68
      48
      51
      46
      44
      55
      41
      43
      40
      57
      56
      52
      48
      57
      48
      49
      54
      44
      53
      55
      45
      50
      37
      57
      45
      46
      42
      57
      47
      58
      47
      48
      36
      52
      58
      44
      51
      55
      43
      54
      48
      48
      46
      58
      38
      47
      45
      45
      46
      47
      41
      43
      35
      51
      47
      31
      38
      45
      52
      53
      43
      38
      55
      64
      47
      46
      39
      46
      39
      50
      47
      39
      50
      38
      46
      34
      45
      38
      33
      53
      41
      39
      41
      42
      49
      47
      33
      37
      54
      35
      36
      37
      40
      44
      49
      40
      36
      38
      39
      35
      52
      38
      33
      41
      43
      48
      42
      53
      55
      42
      57
      49
      32
      43
      31
      50
      41
      47
      41
      35
      21
      31
      41
      29
      41
      42
      31
      42
      32
      46
      42
      35
      44
      37
      35
      36
      47
      41
      38
      35
      46
      32
      44
      36
      40
      39
      44
      38
      33
      37
      34
      37
      37
      34
      34
      28
      34
      44
      26
      45
      33
      37
      38
      33
      40
      42
      41
      29
      47
      26
      42
      41
      49
      46
      30
      38
      35
      40
      45
      58
      35
      35
      38
      36
      34
      25
      33
      37
      33
      36
      25
      46
      32
      47
      29
      35
      43
      37
      33
      41
      35
      37
      33
      35
      39
      39
      38
      45
      36
      45
      44
      33
      29
      32
      38
      35
      32
      48
      36
      25
      40
      43
      29
      32
      30
      27
      30
      33
      37
      52
      47
      36
      41
      32
      32
      36
      43
      35
      49
      33
      34
      43
      32
      25
      38
      28
      28
      36
      31
      34
      30
      26
      30
      41
      43
      44
      31
      23
      29
      24
      30
      25
      34
      26
      35
      35
      41
      35
      45
      36
      39
      35
      22
      44
      27
      40
      32
      30
      32
      34
      35
      31
      33
      21
      22
      29
      46
      23
      29
      32
      28
      20
      23
      16
      23
      47
      35
      32
      40
      34
      28
      34
      32
      30
      34
      37
      30
      22
      40
      27
      37
      31
      35
      37
      25
      28
      31
      32
      29
      26
      40
      29
      40
      32
      30
      34
      29
      31
      35
      31
      30
      34
      32
      29
      40
      35
      27
      24
      28
      26
      27
      34
      30
      36
      30
      32
      33
      36
      26
      27
      24
      34
      25
      23
      37
      33
      24
      37
      34
      30
      36
      28
      22
      32
      29
      25
      26
      21
      39
      45
      26
      27
      18
      24
      38
      21
      28
      31
      34
      22
      29
      23
      42
      35
      28
      25
      38
      28
      30
      41
      41
      29
      20
      26
      21
      26
      36
      27
      29
      30
      24
      29
      29
      27
      26
      25
      27
      38
      33
      18
      29
      32
      34
      25
      17
      26
      30
      33
      28
      19
      34
      22
      25
      29
      19
      31
      17
      29
      31
      25
      37
      27
      28
      28
      18
      22
      18
      23
      30
      27
      28
      23
      24
      27
      24
      28
      32
      25
      30
      20
      31
      25
      34
      28
      26
      27
      20
      25
      24
      34
      26
      23
      25
      31
      17
      23
      31
      33
      18
      24
      23
      17
      23
      34
      24
      26
      22
      27
      32
      30
      28
      27
      16
      32
      28
      32
      29
      23
      20
      15
      27
      21
      26
      30
      24
      26
      19
      27
      29
      23
      21
      25
      20
      21
      16
      20
      21
      24
      27
      24
      34
      23
      22
      33
      27
      28
      23
      31
      22
      18
      19
      20
      11
      21
      22
      22
      26
      22
      21
      22
      15
      25
      27
      26
      20
      23
      14
      22
      17
      28
      26
      27
      17
      16
      22
      15
      23
      25
      28
      23
      25
      21
      25
      23
      17
      18
      19
      20
      13
      16
      21
      20
      17
      16
      21
      18
      13
      21
      17
      15
      17
      14
      20
      19
      19
      19
      26
      16
      21
      21
      18
      20
      14
      22
      13
      14
      17
      18
      19
      20
      18
      23
      18
      22
      26
      13
      18
      25
      25
      23
      20
      14
      17
      18
      15
       9
      17
      17
      12
      16
      20
      14
      12
      18
      18
      19
      16
      18
      15
      22
      20
      12
      14
      13
      19
      11
      20
      20
      19
      28
      23
      11
      19
      14
      21
      15
      21
      25
      15
      17
      17
      16
      14
      13
      18
      17
      20
      12
      20
      13
      17
      15
      11
      31
      27
      24
      14
      17
      18
      11
      19
       8
      19
      16
      15
      16
      15
      21
      11
      17
      19
      12
      19
      19
      19
      16
      18
      23
      25
      15
      17
      15
      18
      18
      18
      16
      17
      11
      19
      11
      12
      11
      17
      15
      12
      13
      23
      17
      15
      11
      11
      12
      17
      17
      11
      12
      14
      26
      14
      16
      15
      18
      15
      12
      15
      13
      14
      15
      13
      13
      16
      15
       9
      12
      20
      18
      17
      34
      69
      97
      96
      67
      22
      25
      20
      16
      15
      17
       9
      10
      11
      14
      11
      10
      13
      13
      12
      11
      14
      16
      17
      14
      19
      11
      10
      14
      22
      11
      14
       9
      16
      11
      12
      18
      16
       9
      12
      14
       8
       8
      15
      12
      12
      11
      19
      11
      10
      21
      12
      18
      11
      17
       9
      16
      11
      11
      17
      10
      14
      11
      17
      11
      13
       4
      10
       6
      11
      14
       4
      15
      14
      10
      12
       7
      20
      13
      17
       6
      11
      19
       6
      14
      12
      15
      15
       8
      14
      11
      15
       7
      15
      17
      10
      14
      11
       6
      13
      11
      13
      10
      16
      10
      11
      14
       8
       7
      16
       7
      10
      13
      10
      11
       6
      10
      14
      11
      11
      13
       9
      16
      18
      10
      13
      11
      12
      17
      10
      26
       8
      13
      19
      21
      11
      18
      11
      12
      14
       7
      11
      13
      12
      12
      11
       8
      10
      13
       9
       8
      12
      11
      12
      12
       6
      12
       8
      18
      14
      18
      12
       6
      13
       7
       4
      14
      11
       6
       8
       7
      15
      11
       8
      17
      11
      10
      12
      11
      15
      11
      13
      12
       4
      10
       5
      14
      10
      11
      10
      10
      10
      12
       4
      11
      12
       9
      14
      13
      16
      15
       7
      11
      18
       3
      11
      12
       4
      11
       7
       6
       4
       9
      13
       6
       7
       6
       7
       8
       6
      13
      15
      11
      15
       2
       9
      13
       4
       8
      11
      14
       5
      13
       6
       8
      10
      15
       7
       7
       9
       9
       8
       5
      10
       6
      15
       9
       8
       6
       7
       5
      13
      11
      13
      10
      11
      13
      10
       9
       6
       8
       6
      11
       7
       5
       8
      14
      11
      13
       3
       9
       9
      16
      15
      11
       9
       6
       9
       7
       6
       4
      10
       8
      13
      11
      10
       4
      15
       8
      11
       8
       4
      10
       7
      13
      12
      10
      13
       8
      12
       6
      12
      13
      12
      16
      12
      17
      24
      20
      15
      12
       9
      11
       9
       5
       5
       8
      10
       8
       9
       6
       8
       9
       8
       8
       5
       7
       7
       6
      13
       7
      10
       8
       6
       3
      10
       8
       6
       6
       6
       7
       9
       6
       4
       4
       8
       8
       6
       7
       8
       9
       9
      12
       8
      11
      10
       5
       8
       9
      13
       7
       9
       3
       8
       8
       7
       5
       5
       8
       4
       8
       3
       5
       2
       7
       8
      11
       8
      13
       8
       4
       8
       7
      10
       6
       4
       7
       6
       5
       9
       8
      11
      11
      10
       9
      10
       8
       3
       9
       9
       9
       9
      16
       7
      10
       7
       5
      10
       3
       4
       7
       6
       7
       4
       4
      11
       4
       6
       9
       6
      13
       9
       7
       8
       7
       3
       6
      11
      10
       9
       6
       6
       6
       8
      12
       6
       3
       9
       5
       7
       8
       8
       8
      10
       9
       4
       5
       5
       3
       8
       8
      12
       3
       5
       8
       8
       5
       9
       2
       5
       6
       2
       5
       6
       6
      10
       9
       6
      10
      11
       7
       4
       8
       7
       5
       7
       6
       7
       3
       5
       8
       4
      12
       7
       5
      10
       5
       5
       5
      11
       8
       9
       6
       7
       6
      14
       9
       4
       7
       3
       8
       6
      10
       5
       8
       6
       4
       8
       9
       8
       8
       5
      11
       5
       7
       3
       4
       5
       7
      11
      11
       3
       5
      11
       4
       5
       8
       5
       6
       5
       8
       9
       4
       7
       4
       7
       6
       4
      12
       6
       8
       6
       4
       6
       8
      12
       1
       8
       8
       6
       8
       5
       3
       6
       2
      13
       8
       7
       6
       5
      11
       6
       5
      11
       4
       6
       3
       3
       2
       9
       6
       6
       6
       7
       3
       7
       5
       3
       7
       2
       3
       3
       6
       5
       6
       3
       5
       7
       6
       9
       0
       9
       3
       3
       5
       5
       4
       7
       5
      13
       5
       6
       5
       9
       5
       4
       3
       3
       1
       6
       8
       7
       3
       4
      13
       7
       4
      10
      11
       4
       2
       7
       4
       7
       4
       5
       4
       8
       9
       5
       5
       9
       7
       5
       6
       7
       5
       5
       3
       4
       4
       8
       4
      11
       4
       8
       5
      14
       8
       7
      12
       4
       6
       8
       6
       6
       7
       4
       5
      10
       7
       8
       5
       6
       4
       9
       7
       3
       2
       7
       8
       9
       4
       6
      10
       2
       2
       8
       7
       5
       9
       5
       5
       6
      10
       6
       6
       6
      12
       4
       3
       5
       7
       8
       9
       6
       9
       5
       7
       4
       7
       3
       6
       6
       5
       4
       7
       6
       7
       3
       2
       8
       5
       1
       5
       5
       3
       3
       6
       6
       9
       4
       7
       3
       4
       9
       6
       8
       4
       6
       6
       4
       7
       2
       4
       7
       7
       7
       7
       3
       4
       7
       6
       2
       6
       8
       4
       7
       4
      10
       6
       4
       3
       5
       6
       6
       4
       6
       5
       8
       6
       0
       9
       4
       4
       7
       5
       7
       7
       3
       6
       5
       5
       3
       9
       3
       6
       4
       4
       7
       7
       5
       5
       4
       5
       6
       8
       5
       7
       8
       3
       7
       3
       6
       3
       3
       4
       8
       6
      10
       8
       6
       5
       3
       8
       2
       4
       3
       6
       7
       5
       4
       9
       2
       5
       3
       7
       4
       3
       3
       4
       4
       5
       6
       8
       5
       8
       7
       3
       2
       6
       6
       8
       7
       7
       7
       2
       4
       5
       3
       3
       4
       2
       5
       3
       8
       7
       8
       6
       5
       6
       5
       4
       2
       4
       4
       5
       3
       4
       4
       2
       5
       0
       5
       5
       3
       3
       5
       8
       7
       8
       7
       9
       8
       7
       4
       3
       4
       2
       4
       6
       7
       4
       7
       5
       1
       4
       9
       7
       4
       9
       5
      10
       8
       7
       4
       1
       5
       4
       4
       5
       4
       2
       5
       4
       5
       4
       6
       7
       4
       8
       5
       2
       6
       9
       4
       9
       3
       4
       5
       4
       3
       6
       3
       5
       0
       7
       2
       3
       1
       5
       5
       4
       2
      10
       3
       5
       4
       5
       5
       4
       5
       4
       2
       6
       6
       4
       4
       4
       3
       5
       4
       2
       2
       9
       3
       6
       8
       2
       5
       6
       4
       3
       3
       2
       4
       6
       0
       1
       3
       6
       2
       5
       4
       6
       4
       5
       3
       2
       3
       3
       2
       4
       3
       3
       2
       5
       1
       2
       4
       6
       4
       8
       7
       6
       7
       6
       1
       4
       7
       4
       6
       2
       3
       5
       2
       4
       6
       0
       5
       5
       3
       7
       3
       2
       3
       6
       4
       7
       5
       4
       2
       4
       6
       1
       4
       8
       5
       6
       7
       1
       2
       3
       5
       7
       2
       5
       2
       6
       5
       3
       2
       2
       9
       5
       5
       3
       5
       0
       7
       2
       4
       2
       3
       8
       5
       2
      10
       3
       5
       3
       2
       6
       6
       4
       5
       1
       6
       5
       2
       3
       4
       5
       8
       3
       6
       6
       2
       4
       3
       4
       3
       3
       7
       2
       2
       4
       4
       1
       1
       3
       3
       6
       3
       3
       1
       2
       3
       2
       1
       1
       3
       2
       1
       1
       1
       3
       0
       1
       5
       3
       1
       3
       4
       4
       4
       5
       2
       5
       2
       2
       3
       3
       4
       5
       2
       1
       3
       7
       3
       4
       3
       3
       3
       6
       5
       6
       1
       1
       1
       2
       3
       2
       5
       2
       4
       1
       1
       1
       2
       6
       3
       2
       1
       3
       9
      10
      21
      17
      25
      25
      26
      12
       6
       2
       4
       4
       2
       1
       5
       2
       2
       4
       3
       3
       4
       3
       4
       5
       3
       7
       1
       0
       4
       2
       2
       5
       5
       2
       1
       6
       2
       3
       3
       2
       2
       3
       5
       1
       2
       2
       4
       1
       1
       2
       5
       3
       0
       2
       3
       5
       2
       4
       0
       2
       3
       3
       3
       0
       2
       1
       5
       3
       2
       6
       2
       4
       2
       2
       2
       5
       0
       5
       3
       0
       3
       2
       1
       4
       2
       6
       3
       3
       2
       1
       4
       3
       2
       4
       4
       4
       4
       4
       3
       1
       0
       0
       2
       5
       4
       2
       3
       1
       3
       1
       2
       2
       3
       0
       2
       3
       6
       5
      10
       4
       4
       1
       1
       5
       3
       1
       2
       1
       0
       5
       5
       3
       3
       3
       0
       2
       3
       4
       0
       2
       2
       2
       2
       2
       3
       1
       4
       1
       2
       1
       4
       4
       3
       3
       1
       5
       2
       1
       4
       0
       2
       3
       3
       2
       4
       2
       4
       2
       0
       2
       1
       3
       1
       1
       2
       2
       3
       6
       2
       3
       1
       3
       3
       1
       5
       2
       3
       1
       5
       4
       3
       3
       3
       4
       2
       6
       2
       2
       1
       2
       3
       2
       6
       3
       4
       5
       8
       3
       4
       3
       1
       2
       3
       1
       1
       4
       1
       1
       0
       1
       4
       2
       3
       1
       4
       5
       2
       2
       2
       4
       3
       1
       3
       4
       0
       0
       2
       0
       3
       3
       4
       3
       3
       2
       1
       3
       2
       2
       3
       4
       3
       0
       2
       0
       1
       4
       4
       6
       3
       2
       4
       1
       2
       1
       3
       5
       3
       3
       0
       2
       2
       4
       2
       3
       4
       2
       4
       5
       1
       0
       3
       3
       2
       4
       2
       3
       7
       4
       0
       6
       3
       1
       1
       0
       1
       3
       2
       5
       3
       3
       2
       5
       3
       2
       3
       4
       1
       2
       3
       1
       3
       4
       1
       4
       1
       3
       3
       1
       5
       2
       5
       2
       4
       2
       3
       0
       3
       4
       3
       2
       1
       1
       3
       4
       3
       1
       1
       5
       2
       3
       1
       5
       2
       5
       1
       2
       2
       1
       4
       1
       6
       1
       1
       4
       5
       1
       3
       6
       4
       4
       1
       6
       0
       3
       2
       2
       2
       4
       4
       3
       0
       3
       6
       2
       5
       4
       3
       1
       8
       2
       2
       2
       4
       3
       2
       2
       3
       2
       1
       3
       4
       1
       1
       0
       3
       1
       1
       2
       5
       4
       3
       1
       4
       6
       2
       2
       5
       2
       1
       2
       3
       0
       1
       1
       3
       3
       1
       1
       1
       2
       3
       5
       2
       1
       5
       4
       4
       3
       5
       0
       2
       3
       2
       1
       2
       3
       1
       1
       2
       2
       4
       0
       1
       1
       0
       2
       2
       4
       2
       3
       2
       2
       1
       1
       3
       1
       0
       4
       4
       5
       1
       3
       2
       4
       1
       1
       2
       0
       4
       1
       2
       3
       2
       1
       4
       3
       1
       1
       3
       3
       4
       3
       1
       1
       2
       6
       0
       1
       2
       1
       0
       2
       1
       3
       3
       0
       3
       5
       0
       2
       3
       4
       3
       3
       2
       7
       4
       1
       3
       2
       2
       1
       0
       0
       4
       2
       2
       1
       5
       3
       0
       2
       2
       4
       2
       3
       1
       5
       1
       3
       5
       1
       2
       2
       2
       3
       1
       0
       2
       0
       2
       2
       3
       1
       3
       4
       1
       2
       2
       1
       1
       3
       1
       1
       2
       6
       3
       1
       3
       4
       0
       3
       2
       3
       2
       1
       5
       3
       1
       6
       1
       3
       3
       4
       2
       0
       3
       3
       2
       1
       3
       3
       3
       3
       5
       3
       1
       2
       3
       1
       7
       2
       1
       2
       2
       0
       1
       5
       5
       2
       3
       3
       3
       3
       3
       3
       1
       1
       2
       2
       3
       1
       2
       2
       1
       2
       0
       1
       3
       1
       1
       3
       2
       4
       2
       4
       2
       1
       1
       1
       1
       3
       3
       2
       4
       4
       2
       0
       2
       4
       1
       4
       3
       0
       3
       1
       3
       3
       3
       2
       1
       1
       1
       4
       3
       3
       2
       2
       2
       0
       1
       1
       2
       1
       2
       1
       2
       3
       1
       0
       2
       3
       2
       0
       1
       2
       2
       3
       3
       1
       3
       2
       3
       5
       2
       1
       5
       1
       2
       2
       0
       1
       4
       2
       2
       3
       1
       3
       4
       2
       3
       1
       2
       2
       6
       2
       3
       1
       1
       2
       1
       1
       2
       0
       2
       3
       1
       1
       1
       1
       0
       1
       0
       0
       1
       1
       3
       0
       2
       3
       3
       0
       3
       3
       1
       1
       0
       2
       0
       2
       1
       0
       3
       0
       3
       3
       3
       1
       0
       1
       1
       1
       1
       2
       2
       3
       2
       1
       1
       1
       3
       4
       3
       0
       4
       3
       2
       4
       1
       3
       2
       6
       1
       2
       1
       3
       2
       1
       2
       2
       3
       1
       1
       1
       1
       0
       1
       1
       4
       5
       4
       1
       3
       2
       0
       0
       1
       1
       5
       2
       3
       0
       1
       1
       2
       1
       2
       2
       2
       5
       3
       2
       2
       1
       1
       3
       4
       1
       5
       4
       0
       1
       1
       1
       1
       2
       3
       0
       2
       4
       2
       1
       4
       5
       2
       2
       3
       0
       4
       3
       2
       3
       2
       1
       0
       0
       0
       4
       2
       2
       3
       1
       5
       0
       0
       1
       2
       2
       3
       1
       3
       3
       3
       2
       0
       2
       4
       1
       1
       3
       1
       3
       0
       1
       1
       0
       4
       1
       0
       2
       1
       1
       1
       3
       4
       3
       1
       2
       3
       2
       1
       5
       2
       1
       2
       2
       0
       3
       2
       0
       5
       1
       5
       1
       7
       3
       1
       6
       3
       0
       0
       4
       0
       2
       3
       0
       1
       2
       1
       2
       0
       3
       1
       2
       2
       0
       0
       5
       2
       4
       2
       1
       3
       1
       1
       2
       2
       1
       1
       0
       1
       5
       1
       4
       2
       2
       1
       2
       0
       2
       0
       0
       2
       0
       2
       3
       1
       1
       3
       1
       1
       2
       1
       1
       3
       3
       5
       3
       2
       1
       1
       1
       1
       3
       4
       1
       0
       1
       1
       0
       1
       1
       2
       2
       0
       1
       2
       5
       2
       3
       2
       3
       2
       1
       0
       3
       1
       1
       3
       0
       4
       1
       0
       4
       3
       0
       1
       2
       1
       1
       1
       4
       1
       2
       1
       5
       3
       1
       4
       2
       1
       1
       0
       2
       2
       0
       2
       1
       0
       1
       0
       4
       0
       1
       2
       3
       2
       1
       1
       3
       1
       1
       2
       0
       3
       0
       1
       3
       0
       0
       1
       3
       4
       0
       1
       2
       2
       1
       2
       2
       2
       1
       3
       3
       5
       2
       2
       3
       1
       2
       2
       2
       0
       1
       0
       3
       1
       3
       0
       2
       2
       2
       0
       1
       6
       0
       2
       6
       0
       1
       4
       2
       0
       2
       2
       2
       3
       0
       2
       1
       0
       2
       3
       2
       1
       2
       1
       2
       0
       2
       1
       2
       2
       3
       2
       1
       6
       2
       0
       0
       1
       2
       3
       2
       2
       3
       3
       3
       0
       3
       3
       3
       7
       2
       6
       4
       1
       5
       3
       3
       1
       0
       1
       3
       3
       1
       2
       2
       2
       1
       0
       1
       1
       0
       0
       2
       0
       3
       4
       1
       0
       4
       2
       2
       1
       2
       1
       2
       4
       3
       2
       0
       0
       1
       2
       4
       2
       0
       3
       1
       0
       0
       4
       4
       4
       3
       2
       2
       4
       1
       1
       1
       2
       0
       3
       0
       1
       0
       2
       2
       0
       4
       1
       2
       2
       1
       2
       2
       1
       2
       3
       3
       0
       4
       1
       5
       2
       2
       1
       1
       0
       0
       0
       0
       4
       3
       2
       0
       3
       2
       3
       2
       2
       1
       2
       4
       3
       1
       3
       1
       2
       1
       2
       2
       2
       1
       2
       4
       1
       1
       1
       3
       2
       3
       1
       1
       0
       1
       1
       1
       1
       0
       0
       1
       2
       1
       2
       1
       0
       0
       2
       1
       0
       2
       2
       4
       1
       4
       1
       1
       2
       2
       2
       0
       0
       4
       2
       1
       3
       1
       1
       0
       2
       1
       0
       1
       0
       1
       2
       0
       2
       1
       0
       0
       0
       0
       2
       1
       1
       0
       2
       1
       2
       0
       0
       1
       1
       1
       3
       2
       0
       0
       0
       1
       0
       0
       0
       0
       0
       0
       0
       0
       0
       0
       0
       0
       0
       0
       0
       0
       0
       0
       0
       0
       0
       0
       0
       0
       0
       0
       0
       0
       0
       0
       0
       0
       0
       0
       0
       0
       0
       0
       0
       0
       0
       0
       0
       0
       0
       0
       0
       0
       0
       0
       0
       0
       0
       0
       0
       0
       0
       0
       0
       0
       0
       0
       0
       0
       0
       0
       0
       0
       0
       0
       0
       0
       0
       0
       0
       0
       0
       0
       0
       0
       0
       0
       0
       0
       0
       0
       0
       0
       0
       0
       0
       0
       0
       0
       0
       0
       0
       0
       0
       0
       0
       0
       0
       0
       0
       0
       0
       0
       0
       0
       0
       0
       0
       0
       0
       0
       0
       0
       0
       0
       0
       0
       0
       0
       0
       0
       0
       0
       0
       0
       0
       0
       0
       0
       0
       0
       0
       0
       0
       0
       0
       0
       0
       0
       0
       0
       0
       0
       0
       0
       0
       0
       0
       0
$ROI:
0
$PRESETS:
None
0
0
$ENER_FIT:
0.000000 0.000000
$MCA_CAL:
3
0.000000E+000 0.000000E+000 0.000000E+000 
$SHAPE_CAL:
3
0.000000E+000 0.000000E+000 0.000000E+000
