$SPEC_ID:
No sample description was entered.
$SPEC_REM:
DET# 1
DETDESC# SCE-SOPA-00035 MCB 133
AP# Maestro Version 7.01
$DATE_MEA:
10/14/2019 15:47:55
$MEAS_TIM:
65326 65327
$DATA:
0 4095
       0
       0
       0
       0
       0
       0
       0
       0
       0
       0
       0
       0
       0
       0
       0
       0
       0
       0
       0
       0
       1
       0
       0
       2
       1
       8
      46
     140
      69
      79
     270
     313
     295
     333
     318
     294
     291
     322
     302
     316
     318
     282
     297
     318
     281
     348
     514
     492
     405
     338
     281
     299
     285
     304
     309
     318
     284
     283
     291
     269
     286
     298
     385
     535
     541
     384
     332
     246
     282
     275
     293
     271
     284
     302
     312
     321
     341
     335
     321
     297
     280
     295
     306
     303
     294
     329
     284
     304
     293
     268
     328
     374
     598
     742
     582
     431
     314
     290
     281
     305
     312
     301
     270
     326
     276
     309
     339
     312
     296
     313
     314
     292
     317
     338
     371
     331
     319
     283
     293
     318
     305
     317
     305
     312
     320
     309
     319
     316
     304
     298
     334
     324
     298
     299
     300
     302
     314
     295
     327
     294
     347
     330
     295
     303
     355
     375
     337
     320
     290
     278
     293
     299
     300
     321
     343
     277
     281
     273
     297
     270
     285
     307
     293
     310
     293
     283
     297
     295
     253
     313
     269
     267
     293
     302
     279
     296
     287
     278
     267
     301
     285
     275
     260
     255
     268
     362
     441
     454
     324
     321
     266
     289
     255
     233
     240
     281
     273
     271
     259
     261
     244
     240
     256
     272
     236
     241
     268
     262
     253
     233
     262
     263
     257
     231
     258
     249
     244
     211
     219
     214
     210
     211
     206
     218
     189
     209
     244
     243
     235
     226
     217
     212
     209
     196
     198
     213
     199
     207
     225
     263
     294
     239
     209
     208
     178
     184
     213
     196
     188
     180
     192
     195
     194
     198
     185
     189
     168
     175
     181
     178
     183
     200
     192
     167
     168
     178
     197
     176
     181
     172
     164
     172
     178
     148
     146
     175
     168
     163
     174
     162
     178
     164
     159
     150
     152
     160
     143
     160
     141
     155
     162
     156
     159
     149
     128
     140
     155
     171
     162
     165
     143
     154
     135
     140
     149
     156
     139
     138
     164
     146
     127
     133
     125
     105
     144
     130
     136
     160
     136
     127
     146
     161
     154
     139
     147
     140
     127
     147
     126
     140
     132
     151
     140
     132
     126
     143
     130
     127
     136
     134
     136
     166
     116
     145
     125
     146
     122
     137
     120
     135
     113
     114
     130
     139
     123
     129
     115
     114
     113
     108
     107
     117
     107
     109
      96
     105
     121
      89
      98
     101
     111
      96
     106
     119
      91
     110
     100
     107
      91
      91
     113
     109
      95
      97
     106
     111
     111
      86
      90
      94
      89
     103
     115
     108
      99
      97
     119
     107
      94
      92
      98
      79
      98
      98
      95
      89
     105
     105
     105
     102
     110
     106
      97
      90
     101
      96
     100
      99
      93
      79
      89
     100
      97
      84
      86
      84
      84
      99
     103
      85
      77
      84
      87
      82
      87
      84
     101
      79
      85
      68
      97
      82
      58
      83
      83
      79
      80
      78
      85
      73
      86
      72
      86
      86
      82
      92
      71
      81
     102
      68
      91
      70
      74
      84
      83
      77
      84
      68
      77
      74
      65
      68
      82
      87
      74
      84
      80
      86
      79
      75
     107
      80
      76
      92
      91
      66
      67
      83
      70
      73
      73
      83
      72
      84
      74
      68
      90
      68
      74
      56
      75
      59
      79
      59
     100
      80
      74
      90
      96
      99
     132
     211
     280
     267
     217
     151
      89
      72
      72
      62
      53
      66
      65
      53
      75
      63
      60
      59
      59
      59
      65
      71
      57
      73
      64
      66
      67
      68
      74
      70
      68
      65
      62
      56
      57
      62
      51
      57
      52
      64
      64
      62
      56
      60
      51
      68
      72
      52
      59
      65
      64
      77
      52
      60
      62
      60
      75
      63
      69
      57
      69
      55
      69
      60
      71
      75
      55
      61
      62
      69
      33
      64
      61
      52
      69
      65
      71
      69
      60
      42
      60
      45
      54
      54
      60
      52
      57
      57
      70
      67
      76
      62
      62
      82
      79
      64
      65
      63
      68
      62
      61
      78
      72
      61
      62
      55
      57
      41
      60
      56
      54
      55
      58
      52
      60
      67
      54
      49
      60
      57
      42
      44
      53
      62
      54
      51
      52
      43
      55
      62
      64
      56
      51
      61
      46
      52
      56
      39
      46
      46
      63
      41
      38
      51
      64
      52
      52
      49
      63
      50
      57
      49
      55
      68
      53
      64
      61
      49
      55
      46
      59
      51
      61
      58
      48
      58
      38
      55
      44
      46
      44
      58
      50
      45
      53
      53
      42
      49
      51
      53
      42
      44
      54
      39
      76
      48
      73
      60
      67
      59
      67
      58
      65
      60
      57
      49
      37
      38
      51
      52
      50
      54
      60
      50
      50
      49
      37
      54
      38
      56
      50
      56
      44
      62
      42
      49
      48
      49
      42
      44
      55
      56
      60
      52
      46
      36
      39
      45
      45
      44
      36
      37
      45
      39
      34
      32
      41
      39
      38
      39
      53
      45
      50
      52
      52
      39
      52
      36
      41
      44
      47
      46
      53
      40
      46
      59
      39
      53
      37
      55
      37
      39
      49
      45
      46
      41
      41
      50
      45
      61
      37
      48
      39
      38
      36
      41
      37
      46
      41
      48
      44
      47
      48
      41
      38
      44
      37
      35
      43
      42
      31
      49
      26
      36
      40
      37
      41
      50
      42
      32
      41
      49
      47
      44
      38
      39
      40
      42
      38
      50
      50
      41
      42
      37
      44
      34
      44
      40
      37
      32
      39
      37
      36
      33
      46
      29
      35
      37
      46
      42
      27
      20
      42
      43
      30
      48
      29
      49
      41
      37
      36
      36
      41
      36
      39
      56
      50
      30
      32
      26
      45
      42
      48
      28
      35
      42
      32
      31
      41
      35
      33
      42
      37
      40
      25
      36
      37
      35
      29
      41
      48
      36
      44
      38
      28
      45
      38
      43
      45
      44
      36
      40
      34
      38
      36
      46
      40
      36
      34
      44
      38
      45
      38
      38
      32
      38
      47
      34
      41
      37
      35
      29
      42
      47
      42
      45
      31
      35
      32
      35
      31
      31
      30
      32
      38
      32
      41
      25
      29
      41
      34
      23
      41
      40
      27
      29
      29
      36
      29
      50
      18
      31
      35
      32
      33
      40
      33
      38
      38
      39
      24
      29
      40
      36
      40
      27
      35
      27
      38
      30
      26
      29
      44
      30
      47
      51
      37
      35
      25
      39
      34
      38
      37
      36
      30
      25
      35
      37
      31
      31
      33
      37
      36
      33
      26
      33
      38
      19
      40
      29
      26
      35
      27
      32
      32
      23
      23
      22
      25
      32
      26
      33
      43
      36
      36
      34
      17
      29
      27
      28
      29
      34
      26
      25
      23
      41
      28
      41
      39
      24
      28
      38
      28
      27
      32
      29
      29
      19
      29
      25
      28
      25
      28
      27
      34
      21
      33
      34
      24
      25
      32
      33
      24
      28
      32
      43
      31
      32
      31
      34
      30
      30
      42
      34
      26
      35
      26
      31
      39
      27
      26
      28
      38
      25
      25
      31
      36
      22
      32
      35
      17
      27
      32
      24
      24
      29
      34
      30
      24
      20
      37
      29
      17
      26
      30
      28
      20
      22
      22
      36
      22
      35
      20
      27
      29
      28
      29
      33
      38
      30
      30
      19
      27
      30
      23
      25
      22
      33
      29
      25
      40
      19
      25
      28
      32
      39
      19
      23
      25
      26
      37
      22
      30
      15
      40
      29
      24
      27
      25
      36
      28
      25
      27
      25
      27
      31
      23
      19
      21
      20
      28
      23
      26
      17
      26
      25
      28
      23
      28
      28
      29
      28
      16
      29
      24
      33
      20
      34
      20
      28
      29
      27
      27
      31
      24
      29
      28
      22
      18
      24
      21
      27
      21
      30
      17
      24
      32
      30
      11
      28
      20
      24
      24
      21
      23
      26
      15
      20
      18
      19
      28
      24
      20
      18
      29
      23
      25
      20
      22
      18
      24
      29
      24
      19
      20
      21
      21
      25
      23
      28
      22
      32
      28
      19
      36
      20
      24
      23
      19
      17
      24
      19
      19
      32
      18
      20
      16
      24
      20
      25
      21
      22
      18
      26
      20
      14
      19
      34
      30
      30
      28
      20
      28
      29
      33
      26
      17
      26
      18
      18
      25
      18
      19
      25
      14
      23
      30
      17
      34
      19
      10
      21
      17
      20
      19
      20
      19
      28
      17
      23
      18
      22
      25
      17
      20
      18
      21
      21
      18
      24
      14
      13
      22
      27
      15
      19
      20
      19
      19
      16
      22
      23
      16
      22
      20
      17
      18
      24
      21
      16
      20
      19
      21
      22
      27
      20
      10
      19
      24
      23
      19
      17
      22
      18
      22
      13
      19
      26
      18
      20
      15
      18
      17
      21
      22
      16
      15
      31
      19
      13
      30
      21
      17
      11
      14
      26
      16
      15
      20
      18
      11
      19
      19
      15
      17
      12
      12
      17
      15
      23
      19
      22
      14
      17
      19
      13
      15
      16
      16
      13
      22
      13
      20
      10
      18
      17
      18
      12
      19
      17
      16
      24
      17
      15
      15
      15
      14
      18
      12
      10
      24
      14
      20
      13
      16
      17
      19
      23
      14
      15
      13
       9
      18
       6
      10
      10
      13
      16
      17
      21
      11
      16
      20
      11
      18
      13
      16
      17
      20
      17
      15
      24
      21
      14
      15
      20
      14
      11
      10
      15
      14
      14
      21
      15
      10
      12
      13
      11
      18
      13
      11
      15
      17
      15
      10
      14
      19
      16
      13
      16
      17
       6
      12
      13
      20
      19
      11
      18
      13
      13
      16
      18
      11
       5
      13
      19
      24
      13
       7
      15
      16
      34
      42
      58
      96
      72
      57
      24
      16
      20
      13
      12
      15
      14
      11
      12
       9
      15
      13
      11
       9
      13
      10
      16
       7
      12
      16
      10
       9
      12
      11
       8
      11
      12
      15
      14
      16
      10
      17
      16
       9
      15
       9
      12
       8
      12
      16
      13
      10
      22
      17
      14
      11
       9
      10
      13
      18
      15
      16
      14
      14
      18
       8
      13
      12
      11
      16
      16
      16
       6
      14
      11
      11
      15
       5
      13
      10
      14
      12
      17
      15
       9
      14
      13
      11
      12
       9
      20
       9
      11
      15
      15
      14
      20
       9
      14
       8
      19
      10
      14
       9
      10
      14
      10
      10
       7
      12
      15
      11
      11
       7
      16
      19
       8
      11
      15
      11
      15
       4
      11
      10
      12
      12
      19
      14
       7
      11
      12
      12
      13
      11
      11
      12
      12
      14
      14
      20
      13
      12
       9
      13
      13
      16
      10
       6
       9
       9
      13
      15
       8
      15
       8
       9
       4
      12
      10
      19
      11
       5
       6
      12
       9
      10
      12
      10
      14
       9
      18
       9
      13
      11
      10
      16
      10
       9
       8
       8
      10
      11
       9
       9
      10
       9
      10
       6
       9
      16
      16
       8
      23
       9
       9
      14
       7
       8
      10
      10
       6
       9
      12
       8
       6
      10
       8
       7
      12
      13
      10
      10
       9
      12
      14
       8
      11
      12
       7
      12
       7
       7
       5
       8
      13
      13
       7
      15
      12
       8
      16
      10
      12
       8
       8
       5
       8
       8
      11
       5
       6
       9
       9
      13
       8
      11
       8
       5
       6
       6
      10
       9
       8
       4
       7
       7
      11
       6
       9
       4
       9
       6
       6
       7
       3
       6
      11
      10
       9
       7
      16
       7
       6
       5
      14
       9
       7
       7
       8
       5
       6
       5
       9
       7
       6
      12
       5
       6
      10
       9
       9
       6
       9
       5
      13
       5
       8
      11
      11
       9
       3
       7
      13
       7
      10
      10
       6
      13
       6
      11
      17
      22
      16
      12
      13
       8
       9
       7
       8
       8
       1
      12
       5
       7
       8
       8
       3
       8
       4
       7
       9
       6
       6
      10
       7
       7
       7
       6
       8
       8
       8
       7
       9
       7
       5
       7
       6
       4
       2
       9
       8
       7
       6
       2
       9
       9
       3
       5
      11
      10
       5
       7
       9
       8
       7
       9
       4
       4
      13
      12
       7
       8
       6
       8
       8
       9
       6
       4
       5
      10
       5
       7
       3
       7
       4
       2
      13
      12
       6
       5
       7
      10
       7
       6
       5
      10
       6
      11
      11
       7
       9
       6
       4
       7
      11
       7
       8
       8
       7
       6
       4
       8
       4
       6
       5
       8
       6
       1
       7
       6
       7
      11
       6
       8
       3
       7
       9
       8
       8
       7
       6
      10
       8
       9
       5
       5
       8
       9
      10
      14
       8
       6
       3
       3
       6
      12
       4
       6
       6
       9
      14
       4
      10
       6
      11
      11
      10
      14
       4
       6
       8
       3
       4
       6
       8
      11
       6
       2
       7
       9
       7
       9
       7
      11
       6
      10
       5
       4
       1
       9
       6
       6
       5
       9
       8
       5
       9
       6
      10
       5
       7
       5
       6
       9
       8
       5
       5
       3
       5
       3
       6
       3
       5
       2
       4
       6
       8
       7
      10
       4
       7
       4
       8
       7
       6
       7
       7
       9
       9
       4
       6
       2
       8
       4
       3
      10
       8
       7
       5
       1
       6
      13
       7
       5
       4
       4
       5
       3
       5
       6
       5
      11
       5
       5
      12
       6
       9
      12
       6
       5
       4
       6
       5
       8
       8
       6
       6
       2
       3
       4
       4
       8
       4
       3
       2
       5
       4
       9
       8
       8
       6
       5
       5
       7
       1
       3
       7
       4
       4
       6
       9
       6
       5
       7
       5
       4
       6
       5
       5
       6
       6
       4
       8
       6
       5
       2
      11
       7
       2
       3
       5
       7
       4
       6
       9
      10
       4
       5
       1
       9
       6
       5
       5
       4
       8
       4
      11
       6
       8
       8
      10
       5
       5
       7
       5
       4
       7
       4
       6
       4
       3
       6
       4
       4
       7
       4
       3
      10
       8
       6
       4
       5
       4
       6
       9
       4
       1
       3
       6
       9
      10
      11
      10
       7
       8
      10
       4
      13
       6
       4
       0
       6
       5
       4
       5
      10
       5
       5
       9
       5
       6
       7
       8
       6
       5
       9
       8
       3
       5
       3
       3
       7
       2
       4
       9
       7
       2
       4
       6
       2
       2
       5
       2
       4
       4
       5
       6
       7
       6
       6
       2
       6
       6
       7
       6
       3
       5
       6
       4
       4
       6
       4
       5
       4
       6
       3
      10
       7
       3
       5
       1
       4
       8
       4
       4
       3
       4
       7
       3
       5
       6
       7
       5
       4
       5
       4
       3
       2
       4
       2
       7
       6
       4
       6
       7
       6
       2
       3
       4
      10
       8
      10
      12
      13
       8
       4
       5
       4
       3
       3
       2
       5
       3
       6
       5
       6
       4
       5
       2
       4
       3
       2
       7
       4
       3
       6
       6
       6
       3
       5
       4
       9
       2
       5
       4
       6
       3
       4
      11
       5
       6
       4
       5
       5
       7
       6
      11
       5
       4
       5
       3
       7
       6
       4
       5
       4
       1
       5
       2
       1
       7
       3
       3
       8
       9
       9
       7
       7
       3
       4
       5
       8
       5
       4
       6
       6
       3
       4
       5
       1
       5
       7
       5
       8
       7
       1
       2
       4
       8
       4
       1
       7
       5
       5
       6
       8
       8
       8
       5
       5
       5
       4
       1
       8
       6
       4
       6
       4
       6
       4
       4
       3
       5
       4
       5
       2
       6
       5
       3
       4
       5
       3
       5
       3
       4
       4
       4
       8
       3
       5
       6
       8
       4
       3
       4
       6
       7
       5
       6
       4
       6
       4
       2
       4
       6
       5
       5
       3
       0
       7
       8
      10
       6
       5
       9
       2
       4
       4
       3
       3
       5
       3
       4
       2
       4
       4
       2
       4
       2
       3
       3
       7
       6
       6
       6
       2
       2
       2
       6
       5
       3
       3
       7
       5
       7
       5
       5
       5
       3
       1
       6
       3
       3
       4
       5
       0
       8
       8
       7
       6
       5
       6
       4
       3
       3
       5
       4
       5
       2
       2
       7
       6
       3
       4
       7
       2
       2
       6
       5
       1
       1
       3
       3
       1
       6
       3
       4
       3
       3
       3
       7
       4
       5
       4
       5
       6
       2
       6
       1
       4
       4
       2
       3
       2
       4
       0
       4
       6
      10
       4
       2
       2
       5
       3
       2
       6
       4
       5
       2
       4
       2
       8
       3
       3
       5
       2
       2
       3
       1
       5
       3
       5
       3
       2
       3
       2
       4
       3
       2
       2
       4
       3
       1
       4
       6
       1
       7
       4
       1
       3
       3
       0
       3
       5
       2
       3
       2
       3
       4
       1
       3
       4
       2
       4
       6
       1
       1
       1
       3
       3
       5
       5
       4
       1
       4
       2
       3
       2
       3
       8
       3
       3
       2
       5
       5
       4
       3
       1
       1
       2
       4
       2
       5
       1
       2
       7
       6
       0
       1
       5
       4
       3
       7
       3
       0
       3
       1
       3
       4
       3
       2
       4
       5
       4
       3
       2
       1
       3
       3
       3
       1
       0
       9
       7
       2
       4
       3
       5
       5
       7
       2
       4
       5
       3
       5
       6
       0
       5
       1
       5
       3
       2
       1
       2
       3
       1
       4
       2
       7
       4
       3
       5
       3
       1
       1
       1
       2
       4
       3
       7
       5
       4
       2
       1
       3
       2
       3
       3
       7
      11
      11
       7
      24
      31
      39
      22
       8
       5
       3
       3
       3
       4
       4
       5
       2
       4
       3
       6
       4
       1
       1
       3
       3
       2
       3
       2
       3
       2
       3
       1
       5
       4
       1
       1
       2
       3
       3
       3
       3
       2
       5
       4
       4
       2
       4
       2
       1
       1
       3
       1
       1
       5
       3
       2
       3
       1
       3
       2
       2
       2
       2
       3
       2
       1
       3
       1
       0
       2
       3
       2
       1
       0
       4
       5
       4
       2
       1
       4
       2
       7
       2
       4
       6
       2
       3
       0
       3
       2
       4
       2
       2
       1
       3
       0
       0
       1
       2
       0
       1
       2
       1
       2
       5
       4
       2
       2
       4
       2
       3
       2
       3
       1
       0
       4
       4
       4
       3
       6
       2
       2
       0
       2
       4
       8
       4
       2
       3
       1
       4
       1
       4
       3
       2
       0
       3
       2
       3
       6
       4
       3
       3
       1
       1
       3
       2
       2
       6
       1
       3
       3
       4
       5
       3
       1
       4
       0
       3
       4
       3
       2
       0
       1
       5
       1
       3
       2
       0
       1
       2
       5
       2
       8
       1
       2
       1
       1
       1
       2
       2
       2
       2
       3
       3
       1
       2
       2
       2
       1
       4
       4
       3
       1
       5
       6
       2
       3
       3
       2
       4
       3
       2
       1
       2
       2
       6
       2
       1
       1
       4
       3
       5
       3
       2
       3
       4
       3
       3
       3
       3
       1
       2
       0
       1
       1
       0
       6
       2
       3
       5
       1
       3
       3
       3
       2
       4
       4
       2
       4
       2
       3
       5
       1
       2
       4
       5
       2
       0
       6
       1
       2
       2
       1
       2
       1
       0
       1
       5
       0
       3
       3
       2
       3
       4
       3
       0
       0
       1
       3
       0
       0
       5
       2
       2
       4
       0
       3
       2
       1
       1
       0
       2
       0
       5
       3
       1
       2
       0
       0
       0
       3
       1
       1
       1
       3
       0
       7
       1
       2
       0
       1
       6
       2
       4
       2
       2
       3
       4
       2
       2
       2
       0
       2
       3
       4
       1
       3
       3
       1
       6
       1
       1
       0
       3
       1
       2
       1
       3
       1
       3
       1
       2
       1
       2
       1
       5
       0
       4
       4
       4
       2
       1
       3
       2
       4
       1
       2
       0
       4
       1
       6
       1
       2
       2
       1
       1
       4
       1
       2
       1
       3
       3
       2
       2
       4
       0
       1
       2
       1
       2
       3
       2
       2
       1
       4
       4
       2
       2
       5
       1
       1
       1
       3
       0
       1
       1
       2
       2
       3
       0
       4
       5
       2
       4
       1
       2
       1
       0
       2
       1
       5
       3
       1
       3
       1
       0
       0
       2
       2
       1
       4
       1
       1
       3
       0
       0
       2
       3
       1
       1
       1
       2
       2
       4
       0
       1
       1
       6
       1
       2
       1
       2
       4
       3
       2
       2
       2
       3
       1
       2
       3
       3
       3
       2
       2
       2
       6
       4
       3
       5
       0
       0
       0
       0
       3
       3
       2
       0
       3
       5
       3
       2
       1
       4
       2
       1
       0
       1
       2
       1
       2
       2
       2
       2
       2
       5
       1
       4
       0
       2
       4
       1
       1
       2
       3
       5
       6
       3
       0
       3
       0
       7
       2
       2
       4
       3
       3
       4
       4
       2
       2
       0
       2
       1
       2
       2
       3
       1
       2
       3
       1
       4
       2
       5
       1
       2
       4
       2
       2
       3
       2
       3
       4
       3
       2
       4
       4
       0
       4
       2
       2
       2
       0
       3
       1
       4
       3
       3
       0
       0
       3
       2
       2
       3
       1
       3
       3
       2
       3
       1
       3
       1
       4
       2
       3
       4
       1
       2
       3
       3
       2
       4
       2
       1
       3
       0
       4
       2
       3
       3
       2
       2
       8
       2
       0
       2
       3
       1
       3
       2
       2
       1
       2
       4
       4
       2
       5
       2
       3
       4
       2
       1
       2
       1
       3
       2
       0
       2
       0
       5
       4
       1
       1
       2
       5
       3
       2
       1
       0
       6
       3
       0
       1
       0
       3
       0
       0
       0
       3
       1
       1
       2
       2
       2
       0
       7
       3
       4
       3
       1
       4
       2
       3
       5
       4
       2
       3
       2
       3
       3
       4
       1
       3
       4
       1
       1
       1
       0
       4
       0
       2
       3
       1
       1
       2
       0
       2
       4
       1
       2
       2
       2
       4
       3
       4
       0
       3
       0
       2
       0
       2
       3
       4
       6
       0
       4
       1
       1
       0
       2
       1
       4
       1
       1
       1
       2
       1
       5
       4
       3
       1
       3
       2
       2
       3
       0
       1
       0
       2
       1
       3
       3
       2
       3
       4
       1
       3
       2
       3
       1
       3
       0
       2
       1
       3
       2
       1
       0
       1
       2
       2
       1
       2
       1
       0
       2
       2
       1
       2
       1
       4
       3
       2
       1
       1
       0
       2
       5
       2
       1
       1
       2
       2
       1
       2
       0
       1
       3
       3
       2
       1
       3
       2
       2
       2
       1
       3
       2
       3
       5
       1
       0
       3
       3
       3
       1
       3
       2
       1
       1
       1
       0
       0
       2
       0
       1
       2
       1
       4
       2
       0
       1
       4
       3
       1
       7
       3
       1
       1
       3
       2
       2
       2
       3
       2
       3
       0
       2
       2
       3
       0
       1
       1
       1
       1
       0
       2
       0
       2
       2
       0
       1
       1
       2
       1
       3
       2
       1
       1
       3
       1
       0
       1
       6
       4
       4
       1
       2
       1
       1
       1
       0
       1
       0
       2
       3
       3
       1
       0
       1
       1
       3
       2
       1
       2
       2
       1
       3
       3
       1
       0
       2
       0
       1
       1
       1
       2
       2
       1
       4
       0
       1
       1
       0
       4
       3
       5
       1
       2
       1
       2
       1
       0
       4
       3
       1
       4
       1
       1
       1
       2
       4
       1
       2
       2
       2
       2
       1
       1
       1
       1
       2
       1
       3
       2
       0
       3
       0
       6
       2
       0
       1
       1
       2
       1
       2
       3
       4
       2
       1
       4
       1
       4
       1
       1
       2
       2
       1
       5
       2
       3
       1
       0
       0
       2
       1
       1
       1
       4
       4
       1
       2
       0
       1
       2
       5
       0
       0
       2
       1
       4
       2
       0
       2
       1
       1
       1
       2
       0
       3
       1
       2
       3
       2
       2
       1
       2
       3
       2
       1
       2
       2
       2
       2
       1
       2
       4
       3
       1
       1
       1
       3
       3
       1
       1
       0
       1
       1
       1
       3
       1
       2
       1
       0
       0
       3
       1
       6
       3
       2
       2
       2
       2
       3
       5
       1
       0
       1
       0
       1
       2
       1
       2
       0
       4
       2
       1
       3
       2
       3
       0
       3
       2
       0
       1
       1
       2
       1
       2
       2
       0
       1
       1
       0
       1
       0
       0
       3
       2
       3
       4
       0
       3
       3
       1
       3
       4
       1
       2
       4
       1
       1
       2
       1
       3
       1
       3
       1
       4
       1
       3
       2
       3
       0
       1
       0
       3
       3
       1
       2
       1
       4
       3
       1
       0
       0
       1
       0
       1
       0
       3
       1
       2
       2
       0
       2
       1
       0
       2
       3
       1
       7
       1
       1
       2
       3
       0
       2
       1
       0
       0
       1
       4
       2
       3
       2
       4
       3
       1
       0
       2
       2
       1
       1
       2
       1
       1
       2
       1
       0
       2
       4
       1
       3
       2
       0
       4
       0
       1
       4
       0
       1
       1
       0
       2
       4
       1
       1
       0
       0
       1
       0
       2
       3
       2
       0
       2
       2
       2
       3
       0
       1
       0
       1
       5
       4
       2
       2
       4
       2
       1
       2
       3
       4
       4
       1
       0
       3
       5
       1
       2
       5
       1
       1
       3
       2
       3
       1
       1
       0
       4
       2
       1
       1
       1
       3
       1
       2
       3
       1
       0
       3
       3
       3
       2
       1
       2
       1
       1
       0
       1
       1
       1
       2
       3
       2
       2
       4
       2
       1
       3
       2
       0
       2
       0
       0
       0
       4
       1
       1
       0
       1
       2
       2
       3
       2
       1
       1
       4
       4
       1
       0
       2
       2
       2
       1
       3
       2
       0
       2
       0
       1
       2
       1
       0
       1
       4
       1
       0
       0
       2
       2
       0
       0
       2
       1
       0
       1
       2
       0
       2
       1
       0
       1
       0
       0
       3
       4
       1
       3
       2
       1
       1
       2
       1
       3
       4
       1
       2
       2
       1
       3
       1
       2
       4
       0
       2
       4
       2
       4
       0
       2
       1
       0
       1
       0
       1
       1
       2
       2
       3
       2
       0
       2
       1
       1
       1
       1
       3
       2
       0
       2
       0
       2
       1
       2
       1
       3
       1
       4
       3
       1
       3
       4
       3
       2
       3
       2
       0
       2
       1
       0
       1
       2
       3
       0
       0
       0
       0
       0
       0
       0
       0
       0
       0
       0
       0
       0
       0
       0
       0
       0
       0
       0
       0
       0
       0
       0
       0
       0
       0
       0
       0
       0
       0
       0
       0
       0
       0
       0
       0
       0
       0
       0
       0
       0
       0
       0
       0
       0
       0
       0
       0
       0
       0
       0
       0
       0
       0
       0
       0
       0
       0
       0
       0
       0
       0
       0
       0
       0
       0
       0
       0
       0
       0
       0
       0
       0
       0
       0
       0
       0
       0
       0
       0
       0
       0
       0
       0
       0
       0
       0
       0
       0
       0
       0
       0
       0
       0
       0
       0
       0
       0
       0
       0
       0
       0
       0
       0
       0
       0
       0
       0
       0
       0
       0
       0
       0
       0
       0
       0
       0
       0
       0
       0
       0
       0
       0
       0
       0
       0
       0
       0
       0
       0
       0
       0
       0
       0
       0
       0
       0
       0
       0
       0
       0
       0
       0
       0
       0
       0
       0
       0
       0
       0
       0
       0
       0
       0
       0
$ROI:
0
$PRESETS:
None
0
0
$ENER_FIT:
0.000000 0.000000
$MCA_CAL:
3
0.000000E+000 0.000000E+000 0.000000E+000 
$SHAPE_CAL:
3
0.000000E+000 0.000000E+000 0.000000E+000
