$SPEC_ID:
No sample description was entered.
$SPEC_REM:
DET# 1
DETDESC# SCE-SOPA-00035 MCB 133
AP# Maestro Version 7.01
$DATE_MEA:
11/18/2019 16:38:58
$MEAS_TIM:
159563 159567
$DATA:
0 4095
       0
       0
       0
       0
       0
       0
       0
       0
       0
       0
       0
       0
       0
       0
       0
       0
       0
       1
       0
       2
       0
       4
       3
       4
       6
      12
     101
     322
     120
     153
     719
     782
     751
     797
     688
     687
     733
     753
     693
     740
     764
     732
     676
     693
     706
     814
    1175
    1226
    1048
     781
     706
     695
     715
     698
     800
     782
     691
     692
     678
     697
     707
     691
     886
    1335
    1413
    1097
     778
     662
     638
     712
     682
     737
     677
     712
     720
     788
     837
     778
     780
     771
     722
     664
     718
     677
     753
     803
     757
     713
     699
     694
     741
     849
    1339
    1737
    1580
    1118
     735
     713
     703
     765
     741
     652
     665
     661
     690
     687
     716
     743
     734
     776
     744
     747
     750
     801
     788
     787
     738
     717
     744
     743
     755
     767
     723
     765
     694
     721
     741
     703
     759
     753
     720
     737
     724
     752
     722
     705
     771
     729
     759
     739
     780
     718
     831
     806
     786
     811
     770
     703
     715
     764
     721
     757
     708
     701
     734
     741
     737
     727
     694
     659
     748
     741
     726
     747
     727
     699
     752
     639
     684
     702
     630
     665
     709
     699
     708
     698
     683
     705
     651
     716
     600
     644
     650
     624
     682
     695
     942
    1089
     961
     728
     683
     662
     635
     641
     712
     663
     645
     624
     660
     642
     641
     637
     641
     584
     538
     600
     603
     608
     608
     625
     560
     591
     523
     557
     573
     582
     557
     577
     526
     547
     562
     542
     544
     541
     533
     539
     537
     562
     539
     542
     560
     555
     499
     486
     478
     473
     537
     505
     574
     552
     668
     610
     545
     492
     499
     516
     465
     466
     441
     452
     465
     476
     446
     465
     414
     413
     474
     405
     458
     458
     436
     451
     436
     459
     435
     398
     443
     424
     380
     434
     370
     430
     439
     424
     394
     382
     382
     392
     414
     415
     433
     390
     395
     378
     420
     391
     421
     371
     383
     378
     399
     361
     356
     411
     389
     395
     378
     403
     387
     331
     376
     350
     343
     375
     365
     362
     350
     311
     380
     340
     344
     347
     328
     347
     346
     321
     343
     325
     308
     332
     354
     327
     350
     316
     336
     354
     341
     331
     324
     364
     296
     309
     298
     317
     317
     301
     299
     301
     326
     320
     359
     312
     325
     288
     307
     266
     273
     318
     309
     300
     296
     295
     306
     331
     324
     316
     296
     299
     303
     279
     292
     259
     258
     291
     283
     253
     251
     264
     297
     252
     246
     251
     302
     250
     285
     258
     276
     250
     266
     281
     257
     218
     254
     242
     296
     232
     257
     225
     252
     224
     273
     243
     225
     232
     233
     239
     208
     221
     209
     235
     200
     236
     238
     223
     230
     228
     220
     243
     226
     239
     212
     260
     230
     213
     236
     251
     229
     218
     228
     211
     226
     244
     240
     218
     211
     230
     232
     220
     227
     216
     212
     211
     234
     200
     215
     197
     203
     185
     198
     216
     209
     207
     196
     217
     211
     204
     182
     215
     195
     211
     201
     208
     207
     220
     194
     194
     201
     186
     182
     207
     201
     205
     187
     207
     220
     209
     191
     192
     202
     172
     214
     179
     173
     186
     197
     188
     200
     176
     206
     174
     207
     185
     184
     219
     194
     180
     180
     187
     176
     182
     203
     160
     197
     163
     173
     191
     186
     177
     178
     172
     167
     191
     190
     185
     185
     183
     207
     182
     177
     190
     206
     281
     447
     646
     731
     593
     408
     267
     198
     190
     162
     179
     181
     151
     152
     150
     133
     173
     169
     171
     123
     169
     158
     162
     161
     166
     161
     144
     142
     136
     153
     171
     154
     162
     168
     142
     132
     155
     152
     171
     176
     138
     164
     179
     181
     141
     134
     151
     176
     153
     136
     160
     165
     165
     167
     161
     163
     173
     165
     154
     157
     157
     160
     154
     148
     145
     129
     134
     148
     127
     158
     162
     178
     127
     168
     162
     215
     170
     157
     153
     153
     137
     169
     153
     134
     165
     130
     139
     151
     156
     164
     186
     143
     157
     170
     167
     146
     162
     179
     152
     142
     178
     198
     174
     173
     134
     166
     133
     138
     121
     141
     142
     143
     153
     159
     160
     135
     136
     143
     112
     152
     150
     142
     133
     133
     120
     131
     136
     153
     147
     136
     140
     124
     125
     140
     128
     148
     128
     132
     123
     152
     133
     129
     129
     130
     122
     107
     145
     138
     119
     131
     122
     118
     124
     124
     131
     146
     104
     136
     136
     118
     131
     131
     157
     134
     131
     143
     113
     128
     129
     127
     137
     149
     147
     107
     132
     123
     123
     129
     128
     134
     129
     116
     101
     111
     136
     141
     152
     137
     139
     137
     119
     148
     138
     146
     133
     132
     115
     106
     137
     112
     124
     119
     100
     137
     134
     127
     120
     127
     127
     116
     117
     126
     135
     113
     122
     127
     112
     113
     122
     107
     131
     110
     107
     120
     111
      97
     110
     123
     107
     111
     117
     104
     104
     123
     123
     107
     120
     119
     111
      99
     133
      99
     115
      91
     123
     126
     114
     110
     101
      97
     109
      97
      97
     116
     141
      99
     106
     107
     136
     123
     121
     134
     138
     122
     110
     100
     124
     103
      97
     108
      97
      90
     104
      95
     107
     104
     102
     106
      98
     100
     118
     114
      89
     104
      86
     116
      90
      96
     117
      94
     103
      97
     102
     108
     101
     116
     114
     103
     103
     115
     106
     105
      88
     112
     103
     108
      95
      94
      89
      91
     108
     107
      96
      78
     106
     106
      88
      97
     104
     100
     106
     104
      86
      93
     104
      95
     118
     100
     100
      87
     108
     101
      95
      92
      96
      97
      96
      81
     111
     103
     102
      98
     117
      83
      99
      87
     117
     107
      98
     100
      84
      77
      97
      93
      85
      95
      95
      85
      79
      92
      92
      92
     115
      80
      97
      70
      78
      90
      95
      89
      95
      76
      86
      80
      92
      91
      84
      70
      81
      66
     103
     101
      89
      90
      86
      93
      86
      82
      96
     105
      90
      88
      88
     104
     103
      89
      84
      87
      91
      78
      81
      85
      84
     111
     110
     110
     108
      93
      93
      85
      75
      70
      75
      77
      78
      69
      77
      82
      85
      97
      86
      80
      79
      72
      94
      76
      76
      93
      98
      73
      81
      82
      90
      70
      84
      77
      91
      72
      77
      94
      89
      79
      78
      87
      76
      66
      80
      88
      81
      65
      85
      88
      82
      78
      93
      95
     105
      93
      77
      77
      74
      80
      89
     110
      72
      83
      89
      79
      69
      64
      78
      70
      85
      99
      85
      79
      82
      69
      85
      89
      97
      69
      64
      73
      81
      69
      56
      80
      66
      75
      65
      73
      75
      80
      86
     101
      94
      92
      85
      70
      80
      88
      77
      95
      80
      62
      86
      69
      70
      69
      70
      72
      61
      73
      77
      67
      67
      63
      75
      76
      80
      76
      77
      71
      67
      71
      58
      76
      81
      75
      73
      72
      75
      65
      66
      67
      80
      88
      76
      82
      84
      72
      81
      66
      73
      93
      63
      76
      75
      64
      69
      63
      69
      57
      86
      64
      58
      66
      75
      66
      56
      63
      75
      73
      81
      61
      72
      65
      43
      67
      66
      89
      63
      67
      72
      69
      75
      71
      76
      67
      65
      66
      84
      57
      73
      60
      78
      78
      78
      77
      59
      59
      72
      69
      57
      64
      54
      77
      67
      78
      69
      69
      62
      53
      65
      68
      56
      55
      86
      63
      70
      53
      73
      67
      68
      71
      69
      61
      81
      77
      65
      64
      70
      71
      70
      72
      60
      48
      46
      74
      60
      57
      46
      68
      65
      58
      69
      78
      60
      71
      75
      51
      60
      60
      64
      59
      58
      60
      67
      61
      58
      68
      52
      72
      62
      54
      59
      68
      59
      53
      59
      68
      59
      58
      69
      63
      66
      53
      64
      55
      52
      57
      76
      63
      49
      51
      58
      60
      48
      55
      54
      62
      74
      50
      88
      66
      66
      55
      42
      57
      52
      54
      57
      57
      60
      63
      58
      61
      58
      61
      63
      62
      65
      48
      54
      66
      46
      46
      60
      56
      48
      55
      62
      75
      54
      54
      62
      67
      64
      59
      55
      60
      52
      57
      62
      66
      46
      52
      66
      55
      51
      59
      72
      55
      66
      54
      51
      62
      51
      62
      47
      54
      53
      43
      59
      54
      36
      41
      51
      54
      63
      51
      58
      46
      56
      44
      48
      56
      55
      46
      61
      56
      53
      47
      43
      48
      49
      54
      57
      37
      45
      51
      39
      49
      50
      51
      38
      39
      34
      45
      39
      50
      52
      46
      59
      47
      53
      53
      45
      38
      45
      48
      32
      40
      44
      53
      38
      41
      50
      49
      50
      53
      42
      38
      46
      53
      46
      56
      46
      47
      41
      39
      48
      38
      44
      43
      45
      39
      42
      57
      43
      46
      45
      57
      57
      44
      56
      36
      51
      37
      53
      43
      30
      38
      37
      44
      40
      51
      41
      40
      51
      41
      47
      49
      41
      34
      42
      44
      36
      37
      42
      50
      44
      34
      45
      49
      34
      32
      36
      40
      40
      37
      41
      40
      43
      43
      40
      39
      36
      49
      40
      44
      61
      32
      57
      39
      35
      38
      37
      44
      39
      42
      37
      42
      34
      34
      49
      46
      46
      56
      41
      44
      41
      47
      33
      34
      38
      38
      40
      41
      37
      38
      37
      45
      46
      43
      25
      44
      41
      37
      32
      28
      32
      42
      47
      35
      37
      32
      35
      32
      38
      35
      41
      28
      32
      38
      34
      35
      39
      49
      25
      37
      33
      32
      31
      29
      38
      45
      40
      42
      33
      46
      40
      38
      33
      33
      38
      38
      31
      43
      42
      36
      41
      44
      79
     116
     192
     214
     183
      99
      62
      31
      23
      40
      41
      30
      30
      31
      28
      33
      24
      39
      37
      26
      35
      32
      31
      31
      37
      28
      38
      28
      26
      25
      26
      33
      39
      26
      39
      21
      31
      33
      24
      28
      34
      24
      24
      42
      40
      33
      34
      21
      33
      33
      28
      37
      35
      40
      29
      37
      27
      32
      34
      35
      40
      39
      24
      29
      26
      28
      22
      36
      38
      26
      34
      29
      24
      25
      21
      16
      25
      25
      30
      30
      24
      34
      25
      20
      24
      29
      33
      25
      24
      34
      24
      30
      30
      24
      32
      30
      28
      28
      28
      33
      22
      23
      30
      27
      24
      29
      22
      31
      24
      28
      27
      32
      23
      30
      21
      19
      20
      20
      28
      24
      18
      31
      20
      29
      36
      22
      28
      26
      25
      33
      28
      24
      33
      16
      38
      29
      31
      39
      24
      27
      20
      29
      31
      27
      28
      22
      22
      30
      31
      27
      21
      32
      25
      24
      26
      30
      31
      15
      26
      25
      19
      22
      29
      28
      24
      27
      22
      25
      29
      21
      18
      21
      30
      31
      31
      29
      21
      21
      35
      18
      27
      24
      25
      29
      23
      22
      14
      16
      20
      23
      20
      32
      23
      23
      30
      27
      15
      26
      18
      11
      32
      14
      20
      30
      25
      27
      20
      25
      20
      30
      39
      28
      16
      28
      24
      19
      24
      16
      25
      25
      30
      18
      26
      16
      21
      16
      25
      30
      24
      20
      24
      31
      19
      25
      21
      31
      38
      25
      24
      25
      15
      20
       9
      20
      19
      25
      23
      22
      23
      22
      14
      21
      20
      24
      12
      17
      23
      23
      23
      23
      20
      14
      18
      29
      12
      27
      19
      20
      28
      20
      22
      21
      20
      27
      22
      24
      27
      29
      18
      25
      21
      20
      28
      24
      24
      25
      17
      20
      18
      17
      12
      19
      29
      21
      15
      25
      24
      26
      13
      19
      26
      14
      19
      17
      18
      26
      45
      46
      44
      45
      31
      27
      21
      21
      15
      20
      12
      18
      17
      14
      20
      15
      18
      17
      15
      14
      12
      25
      19
      19
      19
      24
      20
      23
      18
      23
      22
      18
      16
      20
      17
      19
      28
      19
      28
      21
      14
      14
      20
      19
      23
      13
      17
      20
      11
      13
      23
      18
      14
      18
      19
      14
      20
      16
      11
      27
      17
      11
      17
      16
      21
      18
      17
      16
      24
      21
      13
      13
      19
      19
      19
      17
      11
      20
      28
      22
      14
      15
      20
      19
      20
      23
      23
      18
      19
      16
      17
      19
      17
      18
      22
      17
      15
      16
      21
      15
      14
      19
      14
      15
      22
      20
      10
      10
      18
      16
      17
      15
      14
      15
      23
      16
      12
      12
      16
      18
      21
      15
       8
      18
      16
      13
      13
      15
      18
      14
      11
      17
      21
      20
      16
      24
      18
      13
      13
      18
      11
      11
      17
      18
      17
      15
      15
      13
      25
      13
      15
      12
      14
      16
      19
      24
      18
      14
      10
      19
      16
      14
      17
      14
      19
      12
      18
      12
      16
      14
      14
      11
      19
      16
      17
      16
      18
      13
      18
      15
      17
      17
      11
       8
      10
      16
      15
      14
      10
      18
      13
      13
      14
      15
      14
       9
      17
      19
      18
      11
      22
      14
      18
      17
      16
      23
      14
       9
      17
      20
      15
      16
      14
      14
      19
      13
      15
      18
      22
      16
      14
      18
      14
      14
      10
      19
      15
      14
      13
      19
      15
       9
      12
      23
      12
      12
      14
      10
      11
       9
      17
      13
      15
      15
      16
      19
      11
      16
      19
      16
      13
      12
      17
      15
      20
      11
      12
      12
      18
      15
      10
      22
      10
      16
      11
      10
      11
      20
      17
      14
      16
       8
      12
      15
      20
       9
      19
      16
      20
      11
       8
       9
      11
      15
      15
      10
       8
      13
       8
      15
      12
      18
      15
      13
      18
      12
      17
      12
      11
      11
      12
       4
      14
       7
      14
      15
      14
      11
      12
      16
       9
      14
      16
       8
      11
      13
       7
      15
       8
      12
      12
      10
       9
      14
      21
      13
      14
      10
      16
      15
      13
      18
      12
      15
      17
      17
      14
      10
      14
      18
      19
      15
      23
      17
      16
      20
       6
       8
      16
      16
      10
      15
      11
       5
       9
      20
      11
      14
      17
      13
      19
      18
      13
      13
       8
      15
       8
      11
      10
      15
       9
       7
      11
       7
      16
      12
      15
      13
      10
      15
      20
      18
       8
      14
      10
      15
      10
      15
      11
      14
      10
      18
      17
      12
      14
      10
      16
      14
       6
       9
      10
      13
      15
       8
      12
      11
      16
      11
      14
      11
      19
      11
      11
      14
       9
      13
       9
      13
      17
       8
      12
      18
       7
      11
      13
      16
      16
      11
      11
      10
       9
      10
      17
      10
      15
      18
       8
      12
      16
      12
      18
      18
      18
      16
      24
       8
      15
      21
      13
      17
      12
      13
      12
       9
      14
      16
      15
      10
      11
      16
      17
       9
      10
      13
      15
      12
      14
      13
      14
      10
      15
      18
       6
      13
       9
      15
       9
       7
      14
       7
      11
      15
      12
      13
      12
      13
      12
      16
      12
      15
      18
       9
      13
      14
      13
       7
      10
      11
      12
      11
       9
      13
       9
      10
      19
      19
      10
      19
       7
       9
       2
      11
      11
      10
       9
      15
      11
      16
       1
      15
       8
      15
       7
      13
      15
       7
      14
       7
      12
      14
      13
      12
      13
      14
      12
       7
      16
       9
       8
       9
      14
      14
       9
      11
      15
      15
      16
      10
       8
       8
      10
      12
      12
      11
       9
       8
      16
       7
       8
      17
      10
      12
      11
      16
      13
      16
       9
      14
      13
      17
      16
      15
      15
       6
      12
       8
       9
      14
      17
      11
      11
       9
      13
      11
       8
      11
       5
      14
      12
       8
       7
       7
      10
      12
      10
       6
       9
      16
       9
      12
       7
      15
      14
      13
      22
       7
      16
      11
      11
       8
      13
      11
      12
      11
      10
      14
       8
       8
       8
       8
       9
      10
       9
      16
      12
      10
      13
      11
      10
      10
       9
      11
       9
      14
      10
      10
      10
      14
      10
      13
      10
      17
       9
       7
       9
       9
       8
       9
       7
      11
      10
      12
      11
      10
      11
       6
      13
       5
      14
       7
      12
      13
      11
       6
      10
      11
       5
      12
       7
      10
       8
       9
       6
      10
      10
       8
      13
      14
       8
      10
       9
       6
       7
      14
       7
       6
      13
       9
       7
      12
      10
       9
       9
       6
       9
       8
       5
       9
      12
       7
      13
      12
      12
       4
       7
       8
      12
      16
       9
      14
      10
       6
      11
      12
      10
       6
       8
       8
      10
       8
      14
      10
       5
       9
       6
      12
      10
      14
       7
       7
      11
       6
       9
      12
      14
      15
       7
       8
       9
       9
      11
      10
      13
      12
      10
       4
       7
       5
       7
       9
      11
      10
       6
      10
       3
       9
      13
       6
       7
       7
       8
       7
       4
       6
       7
      10
       6
       4
       6
       2
       8
       8
       8
       8
      11
       2
       8
      10
       9
      12
      13
       7
       9
      13
       6
       3
       6
      11
       8
       9
       9
       9
       3
       4
       6
       9
       7
       3
      16
       2
       6
       7
       6
      11
      10
       9
      14
       6
      13
       8
       6
       3
       4
       7
      10
      10
       5
       9
       9
       6
       4
       8
       5
       8
       5
       7
       8
       7
       7
       9
      11
       9
       7
       9
      10
       3
       7
      13
       7
      10
       6
       7
       5
       8
       7
       8
       6
       6
       8
       9
      12
      13
      26
      22
      50
      56
      72
      54
      39
      25
      10
      11
       4
       8
       7
       7
       5
       8
       7
       8
       6
       8
       4
       7
       3
       6
       5
       6
       6
       3
       7
       9
       6
       7
       7
       8
      11
       2
       5
       6
       8
       4
       5
       6
       9
      11
      13
       6
      10
       5
       7
       3
       9
       8
      13
       9
      11
       8
       4
      11
       5
       3
       7
       6
       8
       2
       8
      13
       7
       2
       3
       8
       7
       6
       5
       7
       9
      10
       6
       7
       4
      13
       8
       7
      10
       5
       4
      10
       7
      10
       7
       9
       8
      10
      10
       5
       4
       4
       3
       4
       8
       8
       7
       4
       8
       4
       8
       2
       8
       2
       4
       9
       3
       8
      11
       7
       2
      12
       2
       2
       6
      11
       5
       8
       8
       6
      11
       4
       6
       4
       2
       7
       8
       5
       8
       6
       5
       6
       3
       5
       8
       5
       3
       6
       6
       7
      13
       3
       3
       3
       5
       3
       7
       2
       7
       5
       5
       4
       6
       5
       4
       8
       8
       5
       4
       7
       6
       9
       3
       2
       8
      10
       0
       6
       6
       4
       6
       9
       6
       5
       9
       4
       8
       3
       7
       3
       5
       5
       7
       6
       6
       4
       4
       3
      12
       7
       4
       6
       6
       2
       9
       3
       5
      13
       4
       4
       9
      10
       8
      11
       8
       6
       5
       6
       5
       6
       2
       6
       6
       4
       5
       7
       3
       5
       6
       5
       7
      11
       7
       6
       8
       9
       5
       3
      10
       3
       6
       3
       3
       7
       8
       9
       6
      10
       5
       6
       6
       3
       4
       6
       3
       8
       8
       5
       7
       9
       5
       5
       5
       1
       9
       5
       2
       7
       4
       1
       8
       6
       3
       5
       3
       4
       3
       2
       2
       5
       6
       4
       5
       4
       5
       7
       2
       8
       5
       3
       3
       0
       4
       3
       4
       2
       3
       3
       2
       4
       5
       8
       4
       8
       7
       8
      12
      11
       9
       5
       9
       7
       6
       6
       6
       6
       9
       6
       6
       5
       6
       2
       6
       6
       7
       7
       5
       9
      10
       8
       5
       7
      11
       9
       4
       7
       3
       6
       3
       3
       9
      10
      13
       5
       7
       4
       7
       3
       8
       5
       5
       9
       7
       3
       6
       5
       3
       7
       7
       5
       5
       5
       5
       7
      10
       1
       7
       6
       6
       5
       5
       5
       4
       6
       5
       9
       6
       7
       5
       1
       4
       1
       6
       9
       7
       5
       3
       2
       7
       4
       3
       7
       5
       5
       3
       7
       6
       4
       2
       5
       6
       8
       6
       5
       3
       4
       3
       9
      11
       7
       7
       5
       6
       2
       2
       2
       6
      11
      11
       7
       6
       5
       4
       3
       6
       7
       6
       8
       4
       5
       6
       1
       8
      11
       6
       4
       7
      10
       7
      10
       3
      11
       5
       6
       4
       7
      11
       3
       8
       4
       3
       4
       4
       1
       4
       6
       4
       6
       3
       4
       1
       4
       4
       4
       8
       9
       4
       5
       3
       5
       3
      10
       5
       5
       3
       6
       3
       3
       4
       4
       4
       8
       4
       9
       3
       4
       7
       7
       4
       6
       5
       9
       5
       5
       3
       7
       5
       2
      11
       6
       6
       3
       2
       3
       4
       2
       5
       3
       8
       9
       7
       6
       7
       4
      10
       6
       9
       8
       5
       9
       6
       5
       9
       4
       3
       5
       3
       7
       5
       4
       6
       3
       5
      10
       5
       4
       4
       4
       9
       5
       2
       9
       1
       5
       1
       0
       2
       4
       8
       6
       6
       8
       6
      10
       4
       4
       9
       4
       7
       8
       5
       6
       5
       4
       5
       1
       7
       5
       7
       3
       5
       4
       4
       4
       5
       4
       3
       5
       6
       4
       4
       7
       5
       6
       2
       5
       2
       5
       2
       2
       6
       3
       3
       3
       7
       7
       4
       5
       5
       4
       3
       5
       3
       5
       3
       4
       9
       3
       7
       5
       4
       8
       2
       3
       5
       7
      10
       1
      10
       9
       9
      10
       4
       6
       5
      10
       2
       8
       6
      10
       4
       5
       3
       5
       8
       8
       5
       5
       6
       5
       5
       3
       6
       1
       5
       6
       6
       6
       6
      11
       3
       4
       6
       4
       6
       5
       5
       5
       5
       8
       6
       5
       5
       6
       5
       6
       4
       7
       5
       3
       5
       7
       6
       7
       5
       5
       5
       2
       6
       7
       2
       1
       8
       3
       6
       3
       6
       3
       3
       6
       4
       2
       2
       3
       7
       2
       5
       5
       5
       5
       2
       4
       6
       8
       1
       9
       7
       7
       7
       2
       7
       4
       6
       3
       2
       4
       3
       6
       7
       5
       2
       3
       6
       7
       5
       7
       7
       5
       5
       3
       5
       6
       2
       5
       1
       1
       6
       2
       5
       9
       5
       2
       5
       5
       6
       7
       6
       7
       5
       2
       5
       2
       4
       1
       8
       4
       7
       8
       5
       2
       7
       5
       3
       5
       6
       5
       3
       5
       5
       4
       3
       3
       1
       4
       5
       6
       4
       2
       7
       4
       8
       4
       4
       7
       8
       1
       6
       5
       4
       3
       2
       3
       3
       4
       3
       8
      12
       3
       7
       4
       4
       2
       5
       3
       3
       2
       4
       3
       6
       2
       4
       1
       2
       2
       3
       4
       5
       3
       5
       3
       4
       7
       3
       1
       4
       8
       7
       5
       4
       5
       3
       2
       6
       3
       5
       4
       6
       6
       4
       4
       6
       1
       3
       3
       4
       5
       4
       8
       2
       8
       7
       2
       4
       6
       5
       4
       3
       2
       3
       6
       4
       4
       7
       3
       3
       5
       2
       1
       7
       3
       6
       6
       6
       6
       4
       9
       1
       5
       5
       1
       3
       5
       4
       2
       1
      12
      10
       6
       2
       7
       6
       6
       9
       5
       2
       3
       5
       6
       5
       7
       6
       2
       6
       8
       5
       5
       5
       7
       7
       7
       6
       6
       8
       4
       6
       4
      10
       3
       2
       7
       5
       3
       7
       5
       9
       9
       2
       5
       7
       3
       6
       0
       2
       5
       9
       2
       5
       3
       3
       5
       5
       2
       4
       2
       2
       5
       0
       0
       4
       8
       5
       3
       4
       3
       3
       4
       3
       5
       4
       0
       5
       7
       5
       6
       3
       2
       4
       7
       2
       9
       4
       5
       8
       5
       5
       5
       4
       3
       7
       7
       4
       3
       8
       7
       6
       1
       5
       5
       7
       3
       6
       3
       4
       7
       4
       9
       3
       4
       4
       4
       5
       9
       5
       5
       3
       4
       2
       5
       1
       5
       7
       1
       4
       6
       4
       3
       1
       3
       1
       3
       4
       3
       5
       1
       7
      12
       3
       7
       1
       1
       7
       3
       1
       3
       4
       5
       7
       1
       3
       1
       3
       8
       7
       6
       5
       4
       6
       5
       5
       3
       5
       8
       6
       3
       2
       5
       4
       7
       5
       4
       7
       6
       4
       8
       5
       4
       3
       4
       3
       7
       4
       3
       9
       5
       6
       4
       2
       1
       3
       2
       3
       5
       6
       5
       5
       9
       2
       3
       4
       2
       2
       4
       4
       3
       3
       3
       4
       3
       2
       2
       7
       4
       2
       3
       4
       3
       5
       8
       7
       4
       6
       7
       7
       4
       4
       5
       6
       6
       7
       0
       4
       5
       3
       3
       2
       7
       4
       6
       3
       7
       4
       3
       6
       4
       6
       4
       3
       5
       2
       4
       5
       2
       3
       8
       4
       3
       3
       5
       2
       7
       9
       4
       3
       3
       3
       1
       7
       6
       4
       3
       7
       4
       2
       1
       3
       2
       5
       6
       5
       6
       4
       5
       3
       4
       5
       6
       5
       6
       3
       6
       5
       5
       2
       4
       2
       4
       4
       2
       5
       2
       4
       5
       3
       8
       3
       3
       4
       4
       3
       2
       1
       4
       4
       3
       8
       8
       6
       5
       4
       2
       4
       2
       2
       4
       3
       3
       3
       5
       5
       2
       5
       4
       4
       5
       6
       6
       5
       1
       3
      10
       7
       3
       2
       5
       2
       5
       3
       2
       5
       3
       6
       3
       2
       4
       5
       2
       4
       4
       2
       6
       2
       2
       7
       4
       6
       5
       5
       4
       4
       0
       0
       3
       3
       9
       4
       3
       8
       7
       4
       4
       3
       3
       3
       3
       8
       3
       1
       1
       6
       3
       3
       2
       4
       2
       3
       3
       3
       7
       7
       5
       8
       6
       2
       2
       0
       4
       1
       4
       2
       4
       3
       5
       1
       1
       5
       4
       2
       3
       3
       3
       4
       6
       5
       3
       6
       4
       3
       1
       3
       3
       6
       7
       5
       0
       1
       0
       0
       0
       0
       0
       0
       0
       0
       0
       0
       0
       0
       0
       0
       0
       0
       0
       0
       0
       0
       0
       0
       0
       0
       0
       0
       0
       0
       0
       0
       0
       0
       0
       0
       0
       0
       0
       0
       0
       0
       0
       0
       0
       0
       0
       0
       0
       0
       0
       0
       0
       0
       0
       0
       0
       0
       0
       0
       0
       0
       0
       0
       0
       0
       0
       0
       0
       0
       0
       0
       0
       0
       0
       0
       0
       0
       0
       0
       0
       0
       0
       0
       0
       0
       0
       0
       0
       0
       0
       0
       0
       0
       0
       0
       0
       0
       0
       0
       0
       0
       0
       0
       0
       0
       0
       0
       0
       0
       0
       0
       0
       0
       0
       0
       0
       0
       0
       0
       0
       0
       0
       0
       0
       0
       0
       0
       0
       0
       0
       0
       0
       0
       0
       0
       0
       0
       0
       0
       0
       0
       0
       0
       0
       0
       0
       0
       0
       0
       0
       0
       0
       0
       0
       0
$ROI:
0
$PRESETS:
None
0
0
$ENER_FIT:
0.000000 0.000000
$MCA_CAL:
3
0.000000E+000 0.000000E+000 0.000000E+000 
$SHAPE_CAL:
3
0.000000E+000 0.000000E+000 0.000000E+000
