$SPEC_ID:
No sample description was entered.
$SPEC_REM:
DET# 1
DETDESC# SCE-SOPA-00035 MCB 133
AP# Maestro Version 7.01
$DATE_MEA:
10/11/2019 14:32:38
$MEAS_TIM:
246255 246260
$DATA:
0 4095
       0
       0
       0
       0
       1
       0
       0
       0
       1
       0
       0
       0
       0
       0
       0
       0
       0
       0
       0
       0
       1
       2
       3
       7
       8
      25
     188
     508
     221
     255
    1139
    1269
    1171
    1163
    1154
    1143
    1144
    1153
    1156
    1105
    1184
    1153
    1155
    1208
    1178
    1418
    1739
    1910
    1559
    1215
    1058
    1147
    1096
    1210
    1265
    1173
    1115
    1056
    1076
    1113
    1088
    1089
    1414
    2036
    2183
    1582
    1152
    1038
    1095
    1016
    1078
    1122
    1108
    1103
    1191
    1189
    1294
    1245
    1277
    1213
    1035
    1161
    1064
    1198
    1150
    1204
    1181
    1087
    1113
    1087
    1177
    1460
    2175
    2824
    2321
    1475
    1107
    1068
    1076
    1109
    1171
    1057
    1090
    1068
    1096
    1117
    1201
    1166
    1154
    1172
    1191
    1214
    1228
    1193
    1233
    1175
    1156
    1183
    1181
    1169
    1106
    1165
    1177
    1171
    1124
    1172
    1139
    1189
    1229
    1222
    1244
    1202
    1176
    1131
    1157
    1157
    1208
    1112
    1178
    1155
    1147
    1218
    1186
    1154
    1324
    1322
    1201
    1196
    1168
    1112
    1106
    1095
    1138
    1142
    1136
    1173
    1137
    1138
    1116
    1106
    1098
    1084
    1103
    1132
    1222
    1126
    1055
    1129
    1005
    1056
    1087
    1047
    1014
    1032
    1018
     981
    1075
    1127
    1019
    1083
    1017
    1039
    1063
    1024
    1019
    1285
    1663
    1651
    1344
    1033
    1005
    1016
     944
     980
    1023
    1019
     991
     998
     985
     996
     999
     989
     918
     963
     956
     956
    1010
     959
     904
     918
     878
     912
     949
     920
     879
     934
     870
     890
     867
     836
     829
     860
     858
     819
     831
     864
     831
     863
     844
     817
     809
     771
     793
     874
     766
     773
     833
     782
     892
    1006
    1019
     935
     802
     834
     825
     741
     774
     721
     719
     723
     702
     731
     704
     713
     729
     659
     727
     709
     666
     621
     675
     671
     656
     632
     640
     637
     620
     680
     675
     676
     698
     672
     631
     677
     605
     618
     645
     606
     603
     620
     597
     604
     610
     571
     634
     566
     573
     601
     567
     595
     609
     535
     547
     576
     549
     606
     643
     608
     575
     542
     569
     512
     581
     543
     559
     587
     565
     565
     532
     548
     544
     510
     559
     519
     511
     559
     513
     502
     515
     509
     519
     513
     510
     501
     514
     480
     488
     486
     518
     489
     519
     487
     530
     466
     454
     484
     458
     497
     481
     504
     535
     437
     446
     471
     487
     436
     478
     462
     431
     441
     450
     466
     487
     571
     535
     476
     420
     405
     418
     439
     439
     431
     451
     421
     437
     389
     397
     407
     420
     405
     404
     397
     417
     408
     405
     403
     422
     359
     377
     401
     359
     383
     384
     397
     404
     389
     385
     392
     374
     398
     396
     422
     360
     374
     408
     347
     393
     390
     370
     358
     353
     347
     373
     360
     297
     351
     355
     365
     328
     369
     364
     328
     326
     394
     329
     358
     342
     367
     364
     374
     364
     344
     351
     335
     349
     356
     309
     328
     347
     324
     371
     329
     353
     344
     320
     340
     324
     287
     327
     343
     315
     315
     309
     334
     323
     321
     315
     314
     333
     329
     284
     295
     307
     313
     313
     314
     316
     315
     301
     328
     338
     283
     302
     296
     285
     341
     311
     299
     316
     309
     289
     290
     303
     322
     293
     264
     289
     302
     305
     274
     287
     290
     280
     300
     300
     295
     261
     259
     266
     281
     326
     291
     302
     253
     294
     265
     263
     254
     297
     270
     276
     303
     259
     244
     298
     267
     281
     302
     305
     373
     569
     757
    1086
    1065
     786
     512
     346
     263
     267
     281
     239
     243
     223
     233
     249
     248
     242
     221
     251
     246
     275
     292
     238
     266
     266
     230
     248
     256
     259
     248
     245
     245
     246
     249
     200
     233
     259
     217
     215
     236
     225
     260
     235
     228
     262
     247
     267
     217
     236
     221
     235
     244
     235
     221
     239
     237
     239
     238
     226
     244
     219
     237
     238
     216
     234
     265
     236
     230
     221
     238
     213
     222
     214
     253
     277
     276
     298
     208
     242
     240
     251
     219
     226
     204
     223
     256
     239
     261
     241
     254
     247
     247
     240
     255
     245
     217
     225
     229
     264
     269
     294
     289
     272
     266
     262
     231
     253
     228
     227
     205
     229
     229
     210
     224
     193
     189
     198
     191
     193
     211
     202
     198
     222
     200
     208
     203
     209
     215
     223
     188
     214
     235
     198
     181
     202
     192
     199
     194
     210
     172
     186
     199
     192
     169
     204
     204
     209
     179
     224
     203
     220
     198
     187
     232
     199
     191
     211
     221
     176
     203
     231
     247
     236
     209
     193
     183
     176
     204
     181
     186
     214
     210
     187
     175
     221
     189
     190
     189
     204
     209
     189
     162
     199
     205
     186
     240
     210
     223
     220
     206
     224
     206
     216
     191
     193
     210
     221
     199
     203
     195
     193
     204
     181
     171
     207
     178
     170
     168
     200
     197
     181
     164
     208
     179
     196
     194
     173
     200
     178
     162
     178
     190
     181
     157
     140
     187
     170
     182
     170
     185
     174
     176
     168
     175
     168
     178
     186
     188
     170
     178
     164
     163
     173
     176
     153
     172
     155
     178
     181
     140
     173
     159
     183
     152
     185
     151
     184
     181
     190
     157
     213
     175
     159
     176
     148
     166
     153
     179
     146
     159
     166
     167
     167
     178
     163
     171
     163
     174
     156
     174
     158
     176
     165
     132
     144
     159
     139
     151
     161
     152
     171
     158
     154
     147
     183
     161
     131
     161
     165
     177
     121
     146
     176
     129
     169
     148
     152
     158
     160
     133
     147
     126
     152
     166
     121
     144
     144
     138
     163
     142
     153
     154
     148
     137
     140
     144
     141
     152
     173
     158
     163
     137
     168
     166
     149
     171
     152
     146
     144
     132
     140
     174
     158
     156
     153
     169
     131
     135
     144
     131
     140
     135
     134
     133
     152
     150
     159
     131
     145
     130
     138
     136
     166
     136
     145
     136
     146
     153
     129
     157
     141
     130
     128
     144
     145
     146
     129
     120
     147
     137
     127
     129
     147
      90
     142
     150
     140
     153
     125
     140
     147
     130
     126
     126
     146
     140
     137
     139
     134
     157
     122
     150
     169
     191
     180
     148
     123
     139
     144
     105
     131
     118
     129
     128
     132
     135
     120
     129
     149
     123
     135
     121
     106
     119
     130
     124
     124
     112
     143
     141
     132
     123
     133
     104
     128
     110
     118
     125
     122
     120
     116
     134
     133
     142
     121
     101
     137
     118
     130
     124
      98
     122
     121
     146
     161
     177
     143
     161
     143
     119
     129
     152
     154
     133
     132
     109
     132
     111
     106
     132
     130
     121
     126
     114
     132
     112
     121
     113
     105
     110
     126
     117
     114
     122
     121
     113
     144
     115
     109
     107
     111
     135
     137
     151
     169
     145
     100
      96
     115
     117
     132
     121
     116
     114
     124
     115
      98
     121
     109
     104
     106
     105
     128
     112
     108
     120
     107
     105
     132
     107
     111
     119
     102
     120
     109
     123
      98
     108
      99
     142
      98
     119
     111
     102
     103
     108
     121
     108
     100
     110
     130
     130
     105
     100
     105
     114
      99
     115
     111
     100
      95
     101
     114
     101
     114
     116
      97
     119
     124
     101
      95
     123
      83
     105
     109
     102
      92
     101
     107
      95
     107
     106
     115
     117
     105
     132
      93
      98
     103
     104
     104
      96
     100
     111
      96
      99
     122
     107
     114
     100
      97
     122
      91
     103
      95
      92
     102
      82
     108
     100
      95
     104
     103
      98
      99
     105
      96
     120
     120
     112
      98
     122
     115
     134
     122
     120
     107
      93
      93
     102
      87
     121
      81
      96
      91
     100
      96
      81
      84
     106
     115
     109
     110
      86
     110
      87
     103
     101
      97
      77
      92
      78
      92
      91
     103
      75
      81
      88
     100
      90
      86
     109
      86
     112
      77
      93
      86
     102
      82
      98
      96
      80
     100
      85
      97
     115
     102
      98
     102
      86
      95
      85
      97
      92
      86
      76
      94
      82
     103
      84
      86
      69
      86
      83
      70
      98
      89
      79
      84
      80
      97
      93
     104
      82
      71
      81
     106
      83
     104
      78
      78
      97
      78
      77
      82
      90
      83
      94
      91
      82
     101
      96
      88
     105
      89
      85
      87
      95
      86
      76
      97
      88
      92
      78
      80
      96
      93
     100
      91
      91
      99
     112
     104
      77
      80
      73
      89
      91
      82
     107
      85
      92
      92
      80
      72
      74
      83
      73
      72
      59
      93
      73
      62
      71
      76
      79
      81
      67
      88
      65
      66
      79
      64
      81
      73
      76
      71
      62
      65
      74
      74
      76
      71
      64
      75
      87
      79
      66
      93
      65
      78
      63
      64
      76
      69
      66
      75
      68
      64
      70
      64
      74
      71
      80
      81
      63
      77
      75
      81
      81
      68
      81
      70
      75
      79
      75
      57
      64
      54
      64
      83
      66
      61
      68
      68
      74
      68
      76
      71
      76
      69
      84
      83
      86
      73
      64
      83
      69
      52
      63
      80
      69
      71
      60
      74
      64
      74
      69
      65
      59
      74
      56
      59
      47
      73
      59
      65
      60
      70
      75
      72
      59
      66
      62
      69
      60
      68
      57
      63
      52
      58
      58
      60
      73
      57
      64
      62
      71
      60
      55
      65
      73
      65
      43
      65
      67
      66
      53
      52
      85
      55
      62
      58
      69
      54
      57
      58
      53
      67
      63
      75
      55
      74
      70
      54
      62
      57
      54
      54
      56
      69
      66
      57
      63
      61
      66
      59
      47
      58
      59
      49
      50
      65
      51
      50
      59
      48
      52
      69
      57
      61
      54
      60
      60
      46
      60
      60
      55
      59
      60
      51
      48
      46
      69
      46
      57
      58
      58
      61
      54
      63
      52
      54
      55
      56
      46
      45
      54
      62
      58
      71
     103
     194
     314
     363
     264
     154
      88
      58
      50
      54
      56
      56
      51
      52
      53
      45
      54
      64
      46
      45
      39
      34
      51
      49
      46
      60
      48
      54
      58
      44
      45
      59
      50
      43
      52
      54
      61
      47
      30
      43
      36
      70
      53
      48
      44
      44
      49
      49
      56
      44
      44
      63
      50
      45
      46
      40
      42
      40
      51
      42
      41
      50
      48
      50
      45
      47
      55
      37
      40
      41
      49
      51
      44
      47
      39
      43
      46
      41
      49
      38
      51
      45
      55
      42
      46
      45
      51
      31
      46
      48
      52
      54
      34
      52
      40
      40
      42
      45
      42
      50
      48
      53
      39
      49
      48
      35
      44
      41
      28
      32
      39
      25
      36
      49
      43
      35
      45
      34
      31
      43
      33
      45
      37
      43
      50
      34
      41
      37
      54
      51
      52
      46
      49
      49
      55
      52
      56
      53
      31
      38
      29
      40
      42
      46
      51
      35
      44
      44
      38
      40
      34
      51
      47
      42
      24
      39
      43
      28
      37
      35
      36
      35
      41
      55
      37
      40
      31
      33
      35
      34
      29
      41
      34
      33
      36
      33
      44
      40
      38
      31
      32
      38
      42
      29
      34
      44
      44
      39
      26
      52
      33
      34
      38
      29
      30
      37
      47
      30
      37
      35
      32
      47
      41
      29
      34
      30
      34
      47
      29
      30
      36
      31
      39
      36
      34
      38
      31
      34
      24
      30
      36
      36
      32
      36
      35
      36
      31
      36
      36
      33
      43
      35
      23
      39
      38
      29
      27
      29
      30
      34
      33
      30
      38
      38
      32
      30
      36
      38
      37
      29
      33
      31
      29
      30
      27
      47
      35
      32
      33
      23
      43
      41
      27
      37
      30
      33
      26
      31
      35
      36
      38
      24
      39
      41
      28
      29
      26
      31
      30
      30
      33
      37
      45
      42
      24
      25
      29
      33
      26
      31
      31
      27
      49
      34
      27
      38
      36
      31
      26
      34
      33
      24
      31
      35
      44
      54
      59
      57
      61
      51
      38
      35
      39
      40
      27
      29
      27
      25
      29
      35
      33
      38
      23
      24
      30
      26
      25
      21
      28
      28
      37
      27
      25
      27
      31
      25
      27
      34
      45
      27
      31
      21
      32
      32
      29
      31
      33
      25
      37
      20
      34
      25
      28
      26
      23
      26
      21
      33
      30
      32
      27
      27
      30
      32
      24
      19
      27
      24
      32
      36
      30
      28
      31
      27
      25
      25
      22
      31
      19
      24
      33
      20
      23
      30
      30
      27
      22
      34
      40
      33
      32
      28
      21
      28
      28
      21
      25
      34
      24
      16
      22
      32
      32
      28
      23
      35
      26
      21
      22
      23
      32
      30
      30
      21
      27
      15
      27
      26
      23
      17
      27
      24
      28
      25
      27
      29
      25
      18
      28
      26
      27
      27
      29
      25
      19
      22
      28
      19
      28
      24
      24
      26
      24
      23
      30
      33
      25
      25
      22
      28
      24
      25
      25
      31
      29
      25
      16
      26
      23
      24
      32
      26
      30
      30
      19
      22
      26
      26
      15
      27
      23
      26
      32
      20
      27
      19
      27
      34
      28
      18
      27
      18
      23
      27
      24
      19
      25
      19
      19
      25
      19
      35
      27
      21
      18
      20
      22
      29
      28
      24
      30
      30
      23
      30
      25
      19
      13
      23
      23
      28
      25
      22
      29
      27
      14
      26
      17
      37
      20
      20
      29
      17
      20
      19
      19
      25
      19
      17
      23
      23
      18
      18
      22
      29
      28
      18
      18
      22
      25
      31
      24
      23
      26
      18
      18
      17
      20
      13
      19
      29
      16
      21
      21
      25
      21
      22
      22
      26
      15
      16
      12
      20
      18
      22
      14
      26
      19
      23
      23
      18
      22
      21
      31
      13
      16
      23
      20
      22
      23
      19
      13
      26
      12
      23
      21
      30
      16
      25
      15
      27
      20
      14
      22
      13
      15
      19
      16
      14
      16
      27
      22
      24
      21
      16
      18
      21
      20
      19
      17
      21
      18
      18
      28
      23
      20
      16
      34
      20
      13
      20
      14
      15
      19
      25
      23
      17
      32
      18
      12
      26
      25
      22
      20
      19
      18
      21
      20
      28
      19
      20
      21
      14
      25
      22
      30
      40
      26
      26
      23
      29
      19
      37
      21
      21
      17
      23
      18
      28
      30
      23
      29
      21
      26
      16
      16
      18
      25
      23
      15
      19
      17
      22
      24
      15
      17
      29
      17
      26
      15
       5
      18
      15
      17
      20
      14
      14
      13
      25
      28
      19
      15
      17
      17
      25
      13
      23
      12
      22
      23
      17
      20
      16
      18
      19
      15
      18
      24
      21
      18
      24
      16
      13
      21
      19
      24
      20
      16
      21
      25
      15
      20
      15
      15
      19
      24
      28
      23
      24
      23
      21
      17
      16
      20
      17
      23
      18
      18
      23
      13
      14
      24
      26
      11
      19
      24
      21
      38
      31
      20
      23
      18
      17
      22
      17
      23
      20
      11
      18
      15
      13
      26
      20
      22
      13
      25
      15
      19
      18
      15
      27
      16
      18
      23
      18
      17
      22
      19
      16
      20
      19
      18
      21
      15
      18
      13
      22
       9
      10
      14
      17
      17
      12
      13
      18
      14
      12
      16
      20
      17
      15
      27
      22
      11
      19
      22
      18
      18
      21
      17
      20
      21
      17
      27
      21
      14
      23
      21
      14
      23
      17
      15
      24
      17
      10
      11
      23
      11
      26
      12
      12
      18
      18
       8
      24
      24
      17
      17
      15
      23
      14
      16
      17
      17
      16
      25
      18
      14
      18
      19
      22
      20
      12
      14
      23
      22
      17
      23
      15
      18
      21
      16
      18
      18
      19
      14
      12
      15
      14
      21
      16
      18
      23
      14
      25
      17
      16
      18
      22
      21
      17
      21
      18
      10
      14
      21
      15
      21
      20
      23
      15
      13
      18
      12
      19
      20
      12
      16
      16
      16
      18
      18
      22
      21
      22
      16
      19
      22
      14
      18
      16
      14
      14
      18
      16
      11
      18
      27
      19
      13
      16
      14
      20
      21
      16
      16
      15
      27
      17
      14
      17
      15
      12
      19
      14
      22
      15
      11
      26
      16
      15
      16
      13
      15
      19
      13
      18
      16
      17
      10
       8
      16
      17
      14
      16
       9
      12
      12
      17
      14
      17
      13
      24
      14
      18
      16
      11
      14
      22
      18
      14
      15
      22
      17
      10
      20
      13
      17
      13
      14
      15
      13
       5
      17
      11
      20
      14
      13
      16
       8
      15
      10
      18
      10
      17
      15
      18
      17
      15
      17
      19
      17
      11
      11
      16
       6
      20
       8
      15
       8
      18
      15
      17
      14
      12
       8
      12
      12
       8
       7
      12
      14
      16
      17
      11
       3
      15
       8
       8
      10
      14
      15
      16
      19
      15
      12
      14
      10
       9
       9
      17
      22
       8
      13
       8
      14
      15
      19
      16
      15
      20
      12
      12
       8
       9
      11
      13
      13
      19
       9
      22
      13
      10
      19
       8
      11
       8
      13
       6
      11
      16
      15
      10
      13
      11
      12
      16
      14
      10
      14
      17
      12
      12
      20
      11
      16
       5
      11
       9
       8
      19
      15
       8
      12
      15
      12
      11
       8
      17
       9
      19
      10
      13
      12
      11
      13
      14
      14
      10
      11
       8
      14
      13
      11
      13
      13
      12
      12
      16
      13
      13
      18
      13
      11
      10
      10
      15
      10
      12
      13
      14
      10
      10
      19
      11
      11
      13
      11
      12
      13
      12
      14
      12
      11
      12
      14
      15
      11
       7
       9
      15
       9
      15
      13
      18
      28
      25
      56
      72
     110
      81
      71
      50
      20
      15
      14
       8
      11
       7
       6
      13
       7
      11
      15
      10
      12
      12
      13
       9
      13
      12
      14
      12
      14
       9
      11
       9
       7
      11
      12
      10
       9
       8
       9
      10
      10
      13
      10
      11
       9
       8
       8
      12
       9
      16
       9
      12
      11
       7
      17
      14
      11
       8
      11
      16
      11
      11
      10
       7
       8
       8
       9
      11
       9
      11
      13
      10
      10
      11
      10
      12
       6
      15
       4
      12
       8
       7
       9
      10
      12
      12
       8
      12
       8
       8
      13
      13
      10
      10
       7
       9
      10
       7
       6
      13
      14
      13
       4
       9
      14
      12
      13
      10
      14
      10
       5
       6
       8
       9
      14
      15
      10
      11
       7
      11
      12
       9
       9
       7
       6
      13
      13
       7
      13
       7
      13
       8
       9
       7
       8
       6
       2
      10
       8
       3
       7
      13
       7
      10
      11
       5
       6
       6
      16
      10
       7
      10
      12
      10
      15
       7
       8
      13
       9
       8
       5
      15
       5
       5
      13
      10
      10
       8
       9
       7
       7
       8
      10
      10
      12
      10
       6
       8
      16
      12
      13
       8
      11
      12
       8
      17
      15
       5
      12
      13
      10
       8
       8
       8
       7
      12
      12
      20
       7
       5
       7
       7
      12
      11
      12
      15
      12
      13
      12
       6
      13
      12
       5
       8
       9
      11
      12
      14
       8
       9
      20
      13
       7
       8
      10
       9
       8
       8
      13
      12
      13
      11
       7
      11
      12
       6
      11
      14
      11
      10
       9
      11
      11
      11
       8
      10
      12
       9
      11
      11
       6
       9
      15
       6
       9
       6
      13
       7
      10
       5
      11
       6
       7
       9
       9
      13
       8
       9
      12
      11
       6
       9
       7
       5
       9
      10
       6
      11
       5
       8
      11
       9
      11
       7
       9
       4
       9
       7
      11
       6
       8
      15
       8
       8
       8
       6
      14
      11
       7
      10
      12
       2
       4
       6
       5
       9
       7
      15
       3
       7
      10
       9
       4
      10
      11
      12
       5
       6
      10
       9
      10
       8
       8
       9
       8
       8
       6
       5
       8
       7
      15
      11
      10
       9
      12
       8
       6
       5
      12
       6
      13
       6
      13
      14
       7
      14
       7
      10
       4
      12
       8
      10
       8
      12
       8
       7
       9
       7
      15
       8
      12
       7
      13
      14
       3
       7
      12
       6
       7
       7
      11
       8
       8
       9
      14
      14
      14
       9
       6
      10
       8
       8
       9
      16
       5
      11
       5
       5
       6
       8
       5
       9
       5
       7
       4
       7
      10
      10
       8
       6
       8
       7
       7
       8
       8
       8
      12
       7
      11
       5
       5
       5
       4
       6
       9
       7
       7
       6
      12
       6
       6
       4
      10
       4
       5
       8
       9
      11
      12
       6
       9
       9
       9
       6
       9
       8
      10
       4
      11
      11
       8
       8
       7
       7
      11
       5
      11
       7
      10
       8
       5
       9
      14
       7
       6
      10
      18
       7
       7
       8
       4
       6
      15
       9
       7
      13
       4
       6
       7
       5
       8
       7
       6
       9
       6
      12
       7
       6
      12
       6
       9
      10
       8
       6
       7
       5
      10
      13
       6
       5
       6
       9
      11
       8
       7
       4
       6
       7
       4
       3
       9
       5
      14
      10
      12
       5
       7
       7
       7
      12
       8
       8
       8
      10
       9
       7
       9
       5
       3
       7
       7
       7
       9
      12
      10
       9
       9
       7
      10
       9
      14
       6
       7
       8
       4
       6
       7
       3
       6
       9
      11
       8
       8
      15
      10
       5
      10
       9
       5
       6
      12
       6
      15
       9
      11
       7
       7
       6
       7
       9
       6
       9
      10
      10
       8
      14
       6
       7
      10
       6
       6
       8
       8
       7
      11
       9
      15
       9
       7
       9
       6
       8
       7
       7
       7
       6
       8
       6
       8
      15
       8
      12
       8
      12
       5
      16
       5
       9
       5
       5
       9
       6
       7
       6
       6
      11
       8
       6
       6
       6
       8
       8
       4
       6
      15
       5
      13
       5
       6
       6
       3
       6
       7
       4
       5
      10
      10
       3
      11
       4
      13
      10
       5
       4
      11
       2
       3
       3
       7
       6
       7
       4
       4
      16
      12
       7
      13
       9
       9
       9
       3
       4
       9
       8
      11
       6
       6
       8
       8
       4
       8
       6
       5
       7
       7
       5
       5
       9
       9
      11
       8
       2
       6
       0
       5
      10
       9
      10
      11
       7
       8
       8
       6
       7
       5
       6
       4
       8
      11
       6
       5
       9
       6
      10
       5
       5
      13
       7
       9
       9
       4
      10
       6
       8
      11
       5
       7
       4
       8
      10
      10
       5
       8
      10
      13
       5
       8
       8
      12
      10
       6
       8
       9
       4
      10
       5
       5
      10
       9
       9
       7
       9
       3
       8
       8
       4
       8
       8
       6
      11
       4
       5
       2
       9
       9
      10
      15
       2
      10
       6
      14
      10
      11
       5
       9
       3
       4
       9
       5
      10
       6
       5
       9
       4
       7
       4
       7
       4
       5
       5
       7
       7
       5
       8
       7
      12
       5
      10
       4
       3
       9
       7
       6
       6
       6
      11
      12
       5
       7
       2
       7
       7
       4
       4
       5
       7
       6
       3
      11
       6
       7
       8
      14
      10
       8
       8
       5
       7
       6
       8
       4
       6
       5
       9
       4
       6
       4
       3
       7
      10
       7
       7
       4
      10
       5
       6
       8
       4
       9
       6
       5
       9
       8
       7
       5
       3
       7
       9
       6
       8
       6
       7
      11
       6
      10
       8
       8
       5
       6
       5
       2
       7
       8
       8
       9
       6
      10
       3
       4
       8
       7
       9
       6
       4
       5
      10
      11
      10
       5
       9
      10
       5
       6
      10
      10
       6
       7
       6
       4
       6
       5
       9
       6
       6
      10
       9
       5
       9
      12
       9
       7
      11
       7
       5
       5
      11
       3
       7
       8
      11
      10
       5
      13
       5
       2
       5
       5
       4
       2
       5
       7
       4
       1
       8
      10
       7
       9
       6
       8
      11
       8
       9
       9
       7
       9
       8
       6
       2
       5
       5
       4
       6
       3
      12
       8
       7
      10
      10
      11
       3
       6
       4
       7
       6
       4
       2
       5
       9
       7
       4
       7
      11
      10
       6
       7
       6
       5
       8
       7
       7
       6
       3
       3
       9
       6
       8
       8
       8
       8
      12
       4
      11
       7
       9
       3
       8
       4
      12
      10
       8
       9
       6
       7
       5
       7
       9
       6
       9
       4
       8
       8
       6
       4
       6
       7
       1
       7
       9
       8
       7
       6
      13
      10
       4
       2
       9
       9
       3
       6
       7
       9
       3
       4
       6
       3
       8
       6
       4
       4
       7
       7
       7
       5
       2
       1
       6
      10
       2
       1
       2
       8
       7
       7
       4
       7
       6
       8
       5
      10
       4
       7
       8
      11
      11
       7
       5
       8
       4
       7
       7
       4
      12
       4
       4
       3
       6
       7
       4
      10
      10
       5
       7
       5
       7
       5
      12
      10
       7
       4
       5
       9
       7
       7
       7
       6
       6
       6
       5
       5
       4
       6
      12
       9
       5
       3
       7
       9
       4
      10
       7
      10
       6
      11
      10
      12
      12
       7
       2
       9
       4
       7
       6
       6
       6
      10
       7
      11
      12
       4
       6
       5
      10
       6
       8
      10
       5
       8
       5
       4
       5
      11
       8
       9
       2
       6
      11
       7
       2
       1
       3
      10
       9
       8
       4
       2
       7
       6
       2
       8
      10
       2
      11
       7
       8
       8
       3
       6
      10
       6
       8
       9
       5
       9
      10
       5
       2
       6
       7
      10
       6
       5
       5
       7
       8
       6
      10
       7
       4
       5
       7
       8
       5
       6
       5
       5
       9
       5
       5
       6
       5
       6
       7
       4
       8
       8
       8
       3
       5
      12
       8
      11
      13
       6
      10
       8
       7
       8
       9
       8
       9
       0
       8
       7
       6
       5
      10
       4
       6
       3
       2
       5
       4
       6
       8
       4
      11
       5
       5
       7
       6
       3
       5
      11
       4
       5
       5
       3
       5
       1
       5
       4
       3
       7
       5
       7
       5
       9
       4
       5
       8
       9
       2
       6
       4
      12
       6
       5
       9
      10
       5
       9
       7
       7
       5
       8
       6
       4
       5
       5
       6
       6
       5
       3
       4
       8
       5
       6
       2
       8
       6
       5
       8
       2
       4
       5
       9
       4
       8
       9
      10
       9
       6
       7
       6
       3
      10
       2
       3
       4
       4
      17
       7
       4
       8
       8
       5
       4
       4
       5
       2
       6
       2
       6
       6
       8
      12
       7
       5
       8
       6
       7
       4
       7
       5
       9
       6
       7
       7
       4
       2
       3
       3
       4
       6
      10
       5
       0
       0
       0
       1
       0
       0
       0
       0
       0
       0
       0
       0
       0
       0
       0
       0
       0
       0
       0
       0
       0
       0
       0
       0
       0
       0
       0
       0
       0
       0
       0
       0
       0
       0
       0
       0
       0
       0
       0
       0
       0
       0
       0
       0
       0
       0
       0
       0
       0
       0
       0
       0
       0
       0
       0
       0
       0
       0
       0
       0
       0
       0
       0
       0
       0
       0
       0
       0
       0
       0
       0
       0
       0
       0
       0
       0
       0
       0
       0
       0
       0
       0
       0
       0
       0
       0
       0
       0
       0
       0
       0
       0
       0
       0
       0
       0
       0
       0
       0
       0
       0
       0
       0
       0
       0
       0
       0
       0
       0
       0
       0
       0
       0
       0
       0
       0
       0
       0
       0
       0
       0
       0
       0
       0
       0
       0
       0
       0
       0
       0
       0
       0
       0
       0
       0
       0
       0
       0
       0
       0
       0
       0
       0
       0
       0
       0
       0
       0
       0
       0
       0
       0
       0
       0
       0
$ROI:
0
$PRESETS:
None
0
0
$ENER_FIT:
0.000000 0.000000
$MCA_CAL:
3
0.000000E+000 0.000000E+000 0.000000E+000 
$SHAPE_CAL:
3
0.000000E+000 0.000000E+000 0.000000E+000
