$SPEC_ID:
No sample description was entered.
$SPEC_REM:
DET# 1
DETDESC# SCE-SOPA-00035 MCB 133
AP# Maestro Version 7.01
$DATE_MEA:
11/15/2019 16:18:43
$MEAS_TIM:
241747 241753
$DATA:
0 4095
       0
       0
       0
       0
       0
       0
       2
       0
       0
       0
       0
       0
       0
       0
       0
       0
       0
       2
       2
       0
       1
       1
      15
      11
      12
      17
     181
     515
     183
     262
    1085
    1125
    1092
    1155
    1132
    1123
    1117
    1094
    1112
    1133
    1166
    1133
    1110
    1114
    1119
    1273
    1750
    1884
    1568
    1234
    1077
     975
    1092
    1125
    1188
    1172
    1089
    1015
     983
    1087
    1049
    1103
    1342
    1938
    2154
    1635
    1194
     999
     995
    1023
    1066
    1068
    1013
    1133
    1182
    1205
    1237
    1227
    1229
    1127
    1076
    1044
    1083
    1074
    1177
    1208
    1116
    1078
    1109
    1095
    1116
    1334
    1971
    2745
    2445
    1572
    1170
    1049
    1080
    1159
    1084
    1078
    1044
    1040
    1062
    1079
    1104
    1113
    1095
    1142
    1156
    1149
    1166
    1198
    1232
    1231
    1125
    1120
    1089
    1117
    1080
    1084
    1131
    1091
    1195
    1118
    1157
    1146
    1139
    1171
    1141
    1233
    1189
    1124
    1165
    1169
    1183
    1206
    1141
    1109
    1196
    1211
    1166
    1213
    1279
    1260
    1171
    1107
    1073
    1131
    1095
    1099
    1159
    1103
    1088
    1141
    1101
    1155
    1075
    1100
    1114
    1122
    1149
    1109
    1113
    1166
    1031
    1065
    1017
    1007
    1110
    1027
    1078
    1076
     966
    1083
    1080
    1063
    1057
    1028
    1019
    1005
     953
     998
    1008
    1232
    1455
    1735
    1441
    1099
    1030
     970
     923
     960
     917
    1028
     970
     895
    1009
     975
     923
     922
     885
     969
     908
     956
     927
     934
     941
     882
     853
     912
     895
     874
     852
     901
     889
     825
     810
     872
     838
     846
     813
     846
     817
     819
     867
     837
     875
     867
     784
     881
     820
     842
     739
     767
     780
     794
     742
     906
    1011
     942
     837
     765
     783
     772
     713
     739
     727
     699
     726
     760
     680
     685
     719
     640
     692
     683
     688
     635
     702
     701
     636
     617
     607
     591
     601
     605
     653
     591
     601
     617
     676
     627
     604
     622
     601
     614
     584
     618
     644
     627
     613
     560
     562
     589
     605
     606
     588
     550
     552
     572
     540
     593
     553
     562
     634
     612
     584
     526
     572
     556
     521
     520
     526
     552
     522
     564
     537
     535
     521
     504
     537
     538
     519
     475
     478
     528
     520
     486
     492
     498
     501
     502
     516
     479
     459
     501
     535
     514
     469
     527
     479
     472
     473
     444
     470
     475
     463
     493
     500
     489
     469
     459
     430
     447
     465
     439
     418
     444
     453
     411
     495
     511
     546
     479
     425
     468
     419
     417
     430
     432
     418
     400
     357
     406
     392
     407
     448
     372
     354
     436
     356
     364
     400
     385
     379
     396
     394
     404
     399
     395
     371
     377
     408
     385
     382
     406
     354
     350
     339
     356
     387
     385
     346
     389
     371
     384
     343
     386
     357
     300
     334
     368
     349
     325
     318
     346
     356
     348
     382
     339
     350
     372
     335
     336
     345
     288
     308
     324
     343
     305
     361
     326
     344
     351
     344
     356
     344
     326
     319
     327
     321
     364
     300
     300
     330
     322
     318
     317
     319
     327
     320
     331
     305
     291
     310
     296
     327
     315
     329
     292
     300
     307
     312
     315
     309
     298
     329
     316
     284
     294
     287
     317
     291
     303
     304
     309
     318
     308
     307
     268
     297
     286
     299
     305
     303
     265
     291
     291
     281
     269
     294
     304
     263
     244
     275
     293
     282
     270
     285
     318
     280
     295
     288
     265
     290
     291
     243
     290
     295
     268
     251
     259
     255
     282
     265
     247
     271
     292
     361
     516
     781
    1057
    1063
     785
     507
     348
     285
     261
     232
     249
     259
     242
     270
     216
     209
     257
     243
     231
     219
     239
     216
     219
     239
     239
     243
     265
     235
     225
     247
     212
     243
     236
     266
     240
     218
     256
     264
     251
     218
     196
     262
     256
     266
     226
     227
     240
     231
     228
     214
     212
     252
     210
     195
     266
     242
     249
     251
     241
     235
     225
     232
     266
     224
     248
     222
     251
     208
     223
     227
     235
     221
     218
     259
     234
     273
     259
     236
     238
     231
     211
     195
     209
     234
     201
     202
     210
     222
     222
     245
     249
     257
     246
     249
     219
     227
     246
     230
     226
     246
     297
     328
     263
     261
     210
     217
     217
     219
     214
     223
     226
     203
     208
     182
     222
     213
     221
     205
     196
     215
     200
     208
     212
     196
     190
     204
     218
     211
     210
     201
     184
     243
     203
     207
     216
     183
     200
     209
     223
     186
     204
     177
     191
     174
     188
     197
     195
     192
     183
     191
     166
     193
     206
     204
     209
     220
     238
     211
     178
     181
     210
     241
     211
     223
     199
     174
     194
     175
     183
     187
     200
     192
     210
     180
     201
     184
     183
     192
     182
     196
     189
     198
     181
     228
     191
     212
     232
     219
     203
     206
     194
     194
     185
     205
     207
     188
     177
     191
     208
     192
     167
     181
     200
     201
     203
     152
     200
     181
     180
     189
     186
     188
     182
     177
     153
     185
     176
     184
     192
     157
     212
     183
     170
     170
     186
     186
     181
     178
     180
     177
     172
     149
     165
     179
     172
     200
     175
     167
     155
     177
     147
     163
     169
     155
     173
     187
     170
     164
     166
     155
     164
     183
     171
     169
     157
     173
     178
     164
     182
     149
     171
     164
     141
     160
     163
     177
     160
     158
     189
     145
     144
     161
     164
     184
     161
     144
     171
     172
     166
     154
     137
     150
     164
     166
     159
     141
     152
     147
     158
     140
     136
     164
     137
     148
     159
     159
     157
     181
     158
     153
     153
     146
     157
     141
     182
     143
     140
     136
     150
     161
     154
     162
     139
     144
     146
     149
     146
     165
     135
     148
     151
     140
     153
     157
     141
     164
     144
     134
     149
     152
     151
     150
     155
     142
     151
     139
     164
     146
     159
     159
     158
     138
     150
     145
     152
     147
     156
     162
     138
     122
     144
     140
     148
     134
     152
     151
     146
     123
     145
     137
     120
     143
     151
     133
     159
     132
     133
     143
     134
     111
     136
     138
     107
     142
     138
     144
     161
     131
     139
     139
     124
     129
     115
     154
     151
     123
     137
     149
     149
     143
     123
     142
     133
     124
     114
     128
     112
     118
     132
     129
     114
     135
     163
     166
     182
     174
     129
     120
     129
     129
     110
     119
     126
     151
     132
     150
     129
     131
     118
     130
     131
     144
     104
     137
     119
     130
     119
     134
     127
     120
     130
     122
     110
     119
     126
     121
     116
     123
     110
     126
     129
     125
     117
     116
     112
     127
     107
     126
     129
     112
     123
     125
     104
     122
     192
     171
     182
     155
     129
     129
     126
     149
     146
     137
     114
     108
     103
     129
     102
     131
     122
     125
     104
     109
     128
     108
     120
     130
     120
     104
     116
     113
     108
     106
     105
     126
     115
     113
     127
     115
     109
     106
     125
     124
     156
     147
     151
     118
     105
     107
     114
      92
     117
     110
     108
     107
     113
     119
     123
     129
     108
     106
      96
     112
     115
     106
     100
     117
     105
     118
     128
      82
     119
     114
     106
     105
      81
     102
     121
     105
     109
     132
     106
     104
     100
     101
     123
     105
     102
     104
     120
     108
      89
     128
      96
     122
      94
     121
      99
     105
     117
     101
     116
     107
     103
     110
     128
     106
     133
      98
     106
     106
      94
     111
     100
      87
      94
      92
     105
      97
      97
      98
      81
      87
     113
     101
     118
      96
     100
      91
      85
      95
     127
     109
     102
      90
     106
      94
     103
      92
     107
     101
     112
      94
     106
     113
      81
      93
      93
      97
     118
      94
      96
      99
     109
      99
      87
      98
     121
      97
      92
      94
      89
     142
     125
     113
     106
     100
     107
      90
      94
     104
     109
     105
      93
      80
     108
      88
     100
      84
      83
     104
      97
      99
     123
      80
      98
      91
      88
      99
      97
      83
      99
     100
      85
      83
     103
     109
      87
      87
      99
      93
      95
      86
      84
     102
      72
      98
      90
      83
      77
      94
      84
     104
      83
      93
      78
      76
      92
      79
      76
      76
      91
      88
      79
      87
      93
      96
      89
     102
      87
      82
      94
      81
      68
      88
      92
      90
      79
      70
      88
      87
      71
      82
      84
      86
      78
      77
      82
      81
      83
      83
      68
      83
      85
      94
      84
     106
      80
      81
      92
      95
      85
     102
      99
      96
      93
     106
      93
      85
     105
      86
      79
      88
      95
      80
     101
     103
      92
      91
     106
      84
      82
      93
      94
      83
      86
      68
      76
      63
      81
      92
     103
      82
      86
      76
      77
      77
      60
      89
      79
      76
      92
      88
      64
      77
      75
      73
      66
      61
      67
      71
      76
      65
      80
     100
      55
      73
      78
      74
      91
      63
      74
      71
      60
      63
      63
      72
      80
      82
      74
      74
      61
      76
      54
      79
      82
      66
      76
      64
      64
      63
      68
      75
      69
      76
      57
      62
      69
      56
      67
      69
      71
      73
      68
      77
      68
      77
      73
      69
      67
      79
      71
      64
      63
      74
      59
      67
      66
      72
      72
      76
      76
      69
      55
      65
      67
      72
      76
      72
      75
      59
      64
      59
      54
      64
      62
      73
      72
      53
      77
      66
      60
      68
      57
      79
      79
      52
      70
      54
      66
      53
      65
      69
      55
      40
      64
      65
      59
      54
      67
      56
      61
      66
      55
      62
      68
      53
      53
      61
      64
      61
      56
      64
      58
      51
      55
      59
      63
      64
      66
      57
      63
      49
      59
      43
      60
      70
      54
      61
      74
      55
      49
      50
      51
      59
      56
      69
      51
      73
      52
      62
      65
      70
      58
      52
      59
      50
      59
      52
      46
      58
      54
      55
      58
      53
      43
      56
      61
      51
      62
      60
      67
      55
      56
      64
      54
      46
      57
      52
      43
      51
      65
      56
      61
      65
      68
      55
      44
      55
      48
      47
      64
      54
      54
      52
      51
      48
      59
      53
      67
      47
      68
     117
     208
     325
     363
     276
     148
      67
      42
      37
      40
      56
      52
      59
      41
      54
      45
      33
      40
      53
      40
      56
      50
      51
      50
      57
      52
      44
      34
      37
      50
      50
      58
      43
      35
      48
      56
      51
      54
      47
      58
      55
      55
      36
      56
      37
      54
      45
      48
      46
      43
      53
      56
      43
      58
      55
      61
      39
      51
      34
      36
      53
      39
      44
      49
      51
      44
      48
      42
      47
      49
      40
      55
      53
      31
      48
      46
      35
      47
      44
      47
      55
      39
      45
      43
      54
      45
      29
      36
      36
      51
      51
      51
      49
      48
      46
      49
      50
      38
      43
      39
      37
      47
      31
      35
      38
      35
      41
      43
      34
      45
      33
      48
      44
      32
      27
      37
      37
      52
      43
      29
      40
      36
      34
      40
      33
      45
      42
      40
      36
      46
      34
      60
      44
      45
      62
      54
      58
      44
      43
      30
      42
      26
      40
      40
      38
      36
      31
      38
      41
      36
      35
      45
      47
      34
      32
      31
      36
      45
      35
      32
      42
      39
      47
      34
      37
      36
      30
      39
      40
      39
      31
      54
      43
      39
      38
      36
      35
      46
      37
      36
      32
      26
      39
      35
      31
      44
      33
      42
      26
      32
      27
      36
      37
      29
      31
      34
      40
      26
      28
      37
      34
      41
      56
      40
      34
      32
      40
      34
      35
      28
      33
      32
      26
      39
      30
      34
      27
      34
      34
      27
      33
      33
      29
      34
      31
      40
      42
      41
      30
      35
      30
      35
      24
      25
      23
      41
      30
      33
      36
      24
      22
      37
      35
      36
      33
      34
      33
      28
      27
      39
      32
      22
      33
      27
      39
      33
      25
      32
      26
      25
      35
      33
      27
      38
      28
      34
      37
      40
      31
      32
      35
      32
      43
      35
      41
      26
      27
      33
      28
      20
      32
      32
      35
      28
      21
      31
      27
      21
      27
      31
      33
      28
      26
      29
      31
      35
      31
      24
      26
      22
      29
      40
      33
      23
      28
      37
      43
      50
      77
      52
      53
      27
      30
      21
      34
      36
      42
      30
      29
      24
      27
      28
      39
      19
      25
      28
      31
      27
      24
      28
      29
      35
      25
      30
      40
      21
      28
      23
      41
      26
      24
      21
      28
      35
      37
      27
      25
      21
      22
      28
      37
      24
      23
      33
      35
      26
      27
      35
      32
      22
      35
      20
      30
      27
      29
      27
      26
      45
      32
      22
      13
      24
      26
      21
      21
      26
      26
      24
      27
      20
      33
      28
      34
      25
      24
      28
      22
      32
      23
      45
      33
      27
      21
      23
      31
      20
      36
      30
      31
      29
      29
      36
      29
      21
      26
      25
      26
      26
      18
      24
      27
      34
      23
      23
      28
      24
      23
      19
      23
      32
      24
      26
      30
      21
      24
      19
      27
      24
      31
      25
      23
      29
      24
      24
      26
      26
      38
      19
      26
      25
      27
      21
      27
      26
      27
      21
      17
      18
      33
      28
      29
      24
      34
      24
      20
      31
      38
      17
      24
      33
      22
      24
      21
      14
      23
      23
      15
      24
      30
      19
      27
      15
      22
      20
      30
      23
      14
      26
      21
      22
      20
      25
      16
      22
      20
      22
      22
      22
      32
      26
      21
      23
      22
      28
      19
      20
      18
      21
      22
      22
      18
      25
      22
      24
      17
      14
      24
      22
      26
      19
      15
      32
      22
      14
      27
      20
      25
      23
      28
      19
      21
      17
      22
      13
      23
      22
      21
      28
      31
      29
      17
      23
      18
      27
      17
      16
      23
      21
      30
      26
      28
      25
      22
      15
      27
      25
      30
      18
      31
      20
      22
      25
      16
      12
      22
      24
      31
      21
      29
      23
      16
      17
      17
      16
      27
      17
      15
      20
      23
      22
      17
      19
      17
      21
      17
      22
      20
      16
      32
      26
      22
      17
      18
      12
      20
      19
      22
      19
      19
      18
      18
      27
      19
      13
      20
      19
      14
      17
      14
      18
      16
      21
      16
      22
      17
      20
      18
      16
      14
      18
      15
      18
      18
      22
      23
      22
      20
      21
      22
      19
      15
      15
       7
      27
      20
      24
      23
      21
      24
      17
      20
      17
      21
      25
      13
      16
      17
      29
      12
      26
      19
      21
      19
      21
      26
      28
      21
      27
      35
      39
      25
      27
      15
      17
      22
      17
      24
      25
      27
      15
      13
      20
      23
      20
      26
      27
      20
      29
      16
      21
      18
      18
      17
      16
      15
      12
      14
      16
      16
      20
      15
      16
      21
      17
      24
      17
      16
      27
      18
      16
      25
      20
      18
      23
      22
      17
      18
      30
      22
      12
      17
      23
      26
      16
      20
      17
      21
      19
      27
      23
      15
      26
      15
      21
      26
      18
      17
      27
      16
      19
      20
      20
      13
      22
      19
      21
      21
      17
      28
      24
      26
      14
      17
      21
      15
      16
      17
      19
      17
      25
      19
      19
      10
      21
      24
      13
      23
      31
      28
      27
      46
      24
      19
      18
      20
      25
      17
      18
      21
      10
      15
      22
      16
      15
      14
      15
      17
      13
      16
      19
      17
      19
      19
      22
      11
      16
      16
      21
      23
      23
      12
      21
      17
      24
      25
      18
      17
      21
      20
      17
      14
      14
      19
      12
      19
      15
      14
      27
      12
      13
      19
      20
      16
      17
      16
      15
      12
      21
      15
      16
      14
      18
      16
      17
      19
      27
      21
      22
      17
      15
      11
      24
      14
      25
      15
      19
      18
      17
      21
      20
      16
      17
      22
      20
      19
      19
      27
      24
      24
      26
      24
      24
      19
      27
      12
      26
      23
      18
      13
      15
      22
      21
      12
      20
      17
      11
      17
      17
      16
      20
      14
      16
      22
      20
      18
      12
      25
      17
      17
      16
      11
      23
      12
      17
      17
      18
      14
      18
      12
      14
      20
      22
      21
      20
      20
      12
      18
      17
      17
      17
      15
      19
      14
      21
      33
      18
      23
      18
      18
      19
      14
      17
      22
      12
      13
      19
      17
      11
      18
      21
      19
      17
      18
      10
      14
      15
      15
      22
      16
      15
      18
      14
      16
      23
      11
      16
      16
      10
      22
      20
      18
      19
      17
      20
      13
      16
      16
      19
      19
      22
      10
       9
      15
      13
      15
      14
      12
      15
      12
      14
       8
      10
      14
      11
      17
      12
      19
      15
      17
       9
      16
      23
      11
      21
      16
      18
      13
      16
      11
      19
      14
      20
      12
      14
       8
      15
      12
      10
      14
      20
      15
      13
      12
      18
      13
       9
      13
      20
      11
      18
      14
      16
      21
      14
      20
      12
      13
      13
       9
      18
      13
      11
       7
      19
      16
       8
       8
      13
      19
      10
       7
      19
      14
       8
      13
      17
      14
      10
      17
      14
      10
      15
      10
      12
      13
      12
      16
      10
      14
      12
      11
      11
      17
      16
      21
      10
      12
       6
      13
      10
      13
      13
      10
      11
      15
      13
      16
      15
      13
      16
      10
      14
      19
      11
      12
       7
      11
      19
      18
       8
      13
       8
      10
      10
      10
      13
      20
       9
      14
       8
      12
      17
      11
       9
       9
      13
      11
      13
      10
      11
      11
      11
      14
      11
      17
      13
      20
      15
      16
      10
      13
      12
      12
      13
       5
      10
      11
      11
      13
      15
      20
       9
       9
      12
      16
       6
      10
      11
      11
      10
       9
       8
       9
      15
      10
      13
      15
      12
       9
       9
      13
      10
      16
      15
       7
      10
      16
      12
      10
       9
      16
      10
      18
      16
      11
      12
      10
      10
      11
       9
      13
       9
      10
      12
      14
      12
      10
      15
       9
      15
      13
      10
      12
      11
      20
      15
      20
      28
      49
      78
     100
     127
      86
      72
      27
      22
       6
       4
      13
      13
      11
      10
       5
       7
      13
       9
      15
      19
      12
      13
       8
      11
      15
      13
       7
       8
      13
       9
      11
       9
      15
       9
       9
       4
      13
      10
      11
      13
      10
       8
       5
      11
      15
       8
       8
      12
       7
      13
       6
      10
      14
       6
      13
      10
      10
      10
       8
       9
       9
      11
      11
       9
       8
       9
       8
       6
      11
       9
       9
       8
      12
       9
      10
      13
       9
       8
       9
       7
       7
       8
      11
      11
      17
       4
       8
       6
       7
       8
       9
       9
      15
       8
      12
       6
      19
      11
       7
      10
       8
       6
       8
       9
       9
       4
       9
      10
      10
      10
       8
      12
      10
      10
      14
       9
      12
      12
       7
      13
      13
       8
       8
       7
      13
       8
      10
       8
       4
      14
      12
      11
       9
       9
       5
      14
       8
       9
      10
       9
      14
       7
      12
      13
      11
       8
       9
       7
      10
       8
       7
      11
      16
       7
      14
       8
       5
      13
      11
       7
       8
       7
      11
       7
      12
       8
      13
       7
      13
       9
      15
      11
       9
      15
      11
       9
      13
      12
      10
      10
      13
      13
      17
       8
      13
      10
       5
      10
      10
       7
       6
       7
       6
       5
      13
      16
      14
      13
       5
       4
       8
       8
       7
      11
       9
       6
      11
       9
       9
       4
      11
       7
       5
      10
       9
       8
       9
       6
       9
      10
       9
      10
      12
       6
      11
      12
       7
      14
       7
      11
      14
       8
       7
       9
      15
      10
       9
       7
      10
      10
       8
       7
       6
       8
       9
      15
       3
      13
       8
       9
       5
      14
      11
       9
      10
      10
       3
       8
       9
      14
      13
       9
      12
      11
      12
       8
       5
       7
       8
       7
       8
       7
      11
       5
       6
      11
       8
       6
       3
      10
      15
       6
      10
       6
       6
       8
      11
      10
      11
       7
       3
      10
      10
      12
       9
       9
       9
      10
       4
       3
      13
       5
      10
      11
       8
       8
      14
      11
       3
       8
      11
      11
       6
      18
       9
      12
       5
      10
       9
      17
       8
      13
       9
       4
       7
      11
       9
       6
       9
       9
       6
       9
       7
       8
      13
       5
       9
       8
       7
       7
       2
       5
      11
       5
       4
       6
       9
       7
      10
       7
       8
      12
      13
       9
       6
      14
       6
       7
      10
       7
      10
      12
       5
       7
       3
       7
      13
       8
       9
       8
       7
       4
       9
      11
       6
      11
      10
       4
       1
      12
      13
       6
      11
      13
       9
       6
       8
       5
       4
      10
       6
       8
       6
       4
      10
       6
      10
       8
       5
       4
       9
       7
      13
       9
       7
       7
       4
      12
       8
       3
      10
      10
       6
      10
      10
       5
       7
       6
       9
       9
       3
       8
       6
      12
       8
       5
       4
       4
       8
      14
       9
      12
       7
      12
      11
       8
       5
       5
      11
       7
       4
       5
      11
       9
       8
      11
       7
       4
       2
      10
       3
       8
       9
       8
       3
       4
       9
      10
       8
       7
       4
       8
      11
      17
       8
      13
       5
       7
       6
       3
       5
       8
       8
      10
       8
       6
       9
      11
       9
       8
       9
       8
       9
       8
      10
       8
      10
       7
       7
       4
       7
      11
      10
      12
      10
       4
       6
       4
      10
       6
      11
       7
       8
       6
      10
       9
       9
       8
       5
       6
       9
       7
      12
      13
      10
       8
       9
       4
       4
       6
       7
       6
      10
       8
      12
      10
       6
      12
       5
      13
       6
       7
      10
      10
       7
       4
       7
       5
       6
      10
      12
      11
       6
       4
       8
      10
       7
       8
      10
       3
       5
      11
      12
       4
      10
      10
       8
       7
       9
      14
      10
       6
       5
       7
       6
       9
       8
       6
       7
       1
       6
       3
       5
       8
       2
       8
      10
       7
      10
       9
       6
       3
      12
       2
      13
       8
       7
      11
      13
      10
      10
       5
       3
       7
       7
      10
      13
       1
      11
       5
       6
       2
       6
      10
       8
       2
       8
       7
       5
       8
       8
      12
       6
       7
       7
      10
       8
       7
       5
       9
       3
       6
      11
       6
       3
      11
       9
       9
      10
      10
       5
       8
       4
       9
       6
       8
       8
      14
       3
       5
       7
       4
       5
      14
       9
       8
      10
       9
       4
       7
       6
       9
       8
       5
       5
       5
       5
       7
       7
       9
       7
       8
       2
       6
       4
       7
       8
       4
      13
      13
       7
       7
       6
       8
       9
       7
       7
       8
       6
       3
      11
       6
       9
       5
       9
       5
      19
       9
       6
       4
      11
       5
       6
       5
       8
       5
       8
      10
       9
       7
       7
       4
       6
       3
       6
       8
      12
       4
       5
       8
       7
       7
       7
       4
       8
       6
       6
       8
       7
       8
       7
       7
       8
       4
       2
       5
       9
       9
       8
       7
       6
       6
       7
       8
       8
       6
       5
       8
       6
       4
       3
       9
       9
       8
      14
       4
       9
       6
       8
       5
       5
       7
       8
       5
       4
       5
      10
       4
       7
       7
       9
       6
       6
       4
       6
       5
       9
      12
       4
       2
       8
       7
       9
       9
       6
      10
       4
      10
       4
      11
       4
       8
       2
       9
       5
      11
       5
       4
       8
       8
      10
       6
      11
       7
       1
       4
       7
       8
       7
       7
       5
       4
       6
      11
       8
       7
       6
       6
       5
       8
       2
       7
       6
      12
       6
       1
       2
       9
      11
       5
       9
       7
       8
       8
       6
      12
       5
       5
       5
       9
       3
       9
      10
       4
      11
       7
       5
       6
       3
       8
       4
       9
       6
       2
       8
      11
       6
       6
       4
       5
       8
      10
       3
       4
       2
       7
       7
       8
       5
      11
       4
       5
       3
       9
       4
       7
       8
       5
       8
       3
       3
       8
       8
       8
      14
       3
       7
       9
       7
       6
       8
       1
       8
       6
       5
       6
       5
       3
       7
       6
       6
       6
       5
       5
       5
       5
       6
       4
       8
      10
       8
       5
       6
      13
       6
      12
       9
       3
       8
       6
       5
       7
       1
      10
       6
       2
       6
       7
       5
       6
       7
       6
       8
       7
       8
       6
       7
       4
      13
       9
       6
       2
       6
       9
       6
       5
      10
       7
       7
       8
       5
       6
       4
       5
       5
       3
       9
       9
       7
       5
       3
      10
       9
       5
       5
       2
      10
      10
       6
       6
      10
       7
       8
       9
       5
       6
       6
       8
       3
       2
       6
      10
      13
      11
       5
       4
       3
       5
       5
       6
       8
       5
       6
       6
       6
      10
       6
       4
       9
       7
       6
       7
       8
       5
       3
       4
       8
       4
       7
      13
       6
       7
      10
       7
       3
       5
      12
       7
       5
       7
       3
       3
       6
       8
       1
      10
       7
       4
       8
       2
       9
       6
       2
       1
       5
       4
       8
       8
       6
       7
       6
       5
       6
      10
       8
      14
       3
       7
       5
       4
       5
       6
       7
       7
       8
       9
       7
       3
       0
       6
      11
       2
       6
      11
       2
       4
       8
       6
       4
       3
       6
       5
      12
       8
       4
       6
       6
       6
       8
       5
       3
       7
       4
       7
       5
       1
       6
       5
       4
       7
       6
       4
       6
       9
       1
       4
       6
       4
       4
      17
       5
       6
       7
       7
       7
       5
      11
       5
       7
       7
      10
       8
       4
       8
       2
       4
       6
       7
       5
       6
       2
       6
       3
       7
       9
       6
       3
       6
      10
       6
      10
       3
       5
      10
       6
       2
       1
       7
       1
       4
       2
       6
       2
       6
       6
       3
      11
      13
       7
       3
       6
       4
       5
       1
       8
       5
       4
       8
       5
       8
       7
       9
      11
      10
       7
       6
       4
       4
       7
       4
       7
       5
       1
       9
       4
       7
       1
       8
       9
       6
       2
       7
       5
       4
       2
       8
       4
       2
       8
       8
       4
       9
       8
       6
       7
       6
      12
       5
       8
       5
       5
      10
       8
       9
       6
       6
       7
       4
       5
       4
       8
       2
       7
       3
      10
       6
       5
       5
       6
       8
      10
       6
       8
       4
       4
      14
       6
       4
       7
       7
       6
      11
       5
       8
       9
       5
       7
       4
       7
       5
       6
       5
       1
       4
       6
       9
       6
       6
      10
       9
       7
       9
       5
       4
       7
       9
       7
       4
       4
       6
       8
       4
       7
       2
       6
       7
       3
       3
       6
       7
       5
       5
       5
       3
       5
       9
       3
       9
      10
       9
       8
       7
       6
       5
       4
       5
       4
       4
       8
       6
       6
       1
       3
       3
       8
       3
       7
       4
       7
       5
       5
       6
       4
       5
       4
       6
       6
       6
       3
       6
       3
       4
       6
       5
       7
       4
       4
       3
       7
       4
       2
       7
       7
      10
       5
       6
       7
       8
       7
       1
       0
       1
       0
       0
       0
       0
       0
       0
       0
       0
       0
       0
       0
       0
       0
       0
       0
       0
       0
       0
       0
       0
       0
       0
       0
       0
       0
       0
       0
       0
       0
       0
       0
       0
       0
       0
       0
       0
       0
       0
       0
       0
       0
       0
       0
       0
       0
       0
       0
       0
       0
       0
       0
       0
       0
       0
       0
       0
       0
       0
       0
       0
       0
       0
       0
       0
       0
       0
       0
       0
       0
       0
       0
       0
       0
       0
       0
       0
       0
       0
       0
       0
       0
       0
       0
       0
       0
       0
       0
       0
       0
       0
       0
       0
       0
       0
       0
       0
       0
       0
       0
       0
       0
       0
       0
       0
       0
       0
       0
       0
       0
       0
       0
       0
       0
       0
       0
       0
       0
       0
       0
       0
       0
       0
       0
       0
       0
       0
       0
       0
       0
       0
       0
       0
       0
       0
       0
       0
       0
       0
       0
       0
       0
       0
       0
       0
       0
       0
       0
       0
       0
       0
       0
       0
$ROI:
0
$PRESETS:
None
0
0
$ENER_FIT:
0.000000 0.000000
$MCA_CAL:
3
0.000000E+000 0.000000E+000 0.000000E+000 
$SHAPE_CAL:
3
0.000000E+000 0.000000E+000 0.000000E+000
