$SPEC_ID:
No sample description was entered.
$SPEC_REM:
DET# 1
DETDESC# SCE-SOPA-00035 MCB 133
AP# Maestro Version 7.01
$DATE_MEA:
10/08/2019 10:50:42
$MEAS_TIM:
174694 174698
$DATA:
0 4095
       0
       0
       0
       0
      11
       8
       9
       6
       7
       2
       2
       3
       3
       4
       1
       4
       2
       5
       0
       2
       1
       0
       0
       1
       2
       2
     112
     387
     181
     186
     761
     808
     801
     804
     811
     760
     815
     844
     810
     790
     804
     826
     792
     809
     827
     932
    1257
    1365
    1150
     846
     782
     801
     781
     867
     917
     830
     776
     743
     747
     723
     740
     804
    1052
    1448
    1511
    1069
     797
     719
     754
     746
     730
     796
     803
     795
     833
     882
     880
     908
     857
     808
     783
     788
     804
     812
     849
     802
     816
     791
     795
     799
     864
    1014
    1516
    2036
    1616
    1084
     797
     822
     818
     792
     757
     793
     777
     797
     787
     835
     818
     802
     855
     791
     839
     832
     879
     885
     875
     814
     850
     776
     819
     805
     821
     807
     872
     793
     825
     867
     805
     830
     874
     832
     851
     846
     866
     882
     798
     849
     846
     852
     854
     843
     816
     866
     886
     897
     902
     850
     861
     841
     834
     834
     811
     837
     809
     800
     819
     799
     815
     791
     817
     794
     802
     848
     820
     771
     817
     821
     792
     761
     758
     769
     754
     767
     804
     752
     792
     758
     758
     719
     729
     704
     770
     763
     732
     741
     783
     921
    1172
    1162
     896
     773
     716
     645
     713
     718
     710
     656
     661
     721
     732
     756
     681
     740
     689
     698
     659
     719
     710
     700
     592
     647
     663
     656
     652
     610
     699
     602
     605
     630
     609
     624
     626
     623
     593
     587
     587
     601
     636
     603
     586
     602
     549
     554
     584
     598
     559
     550
     542
     592
     633
     703
     716
     638
     552
     604
     535
     592
     534
     502
     503
     513
     507
     502
     527
     537
     467
     497
     487
     509
     509
     477
     501
     479
     508
     467
     432
     470
     464
     475
     456
     439
     487
     486
     419
     473
     474
     452
     444
     429
     447
     441
     481
     452
     408
     406
     409
     414
     435
     401
     454
     395
     410
     407
     416
     442
     410
     442
     426
     416
     411
     414
     464
     399
     402
     369
     388
     392
     402
     386
     426
     372
     360
     371
     405
     374
     380
     345
     348
     360
     368
     389
     397
     328
     334
     362
     341
     350
     328
     334
     349
     370
     365
     374
     375
     340
     358
     346
     349
     347
     354
     380
     382
     331
     323
     325
     358
     298
     326
     305
     297
     333
     320
     323
     340
     394
     356
     296
     279
     310
     308
     296
     308
     302
     314
     274
     295
     313
     327
     306
     302
     308
     290
     269
     281
     312
     297
     342
     264
     296
     269
     296
     284
     255
     287
     272
     270
     261
     262
     256
     263
     266
     256
     257
     244
     272
     296
     289
     256
     246
     239
     288
     284
     272
     288
     267
     285
     265
     263
     246
     245
     241
     210
     255
     250
     239
     238
     244
     255
     232
     252
     254
     231
     208
     233
     230
     226
     252
     220
     255
     209
     196
     257
     204
     231
     236
     223
     237
     229
     228
     231
     223
     243
     253
     222
     254
     249
     220
     228
     202
     210
     201
     217
     220
     213
     204
     250
     223
     255
     234
     272
     226
     212
     224
     219
     220
     240
     217
     216
     229
     198
     228
     211
     198
     215
     204
     237
     226
     214
     219
     188
     223
     218
     237
     197
     201
     235
     205
     198
     185
     203
     196
     195
     194
     190
     185
     227
     190
     180
     205
     204
     193
     210
     200
     174
     217
     194
     212
     190
     226
     267
     286
     455
     619
     762
     745
     517
     312
     247
     168
     182
     170
     189
     178
     183
     164
     183
     164
     144
     195
     195
     190
     187
     142
     178
     181
     176
     165
     184
     194
     188
     181
     176
     150
     173
     181
     183
     160
     178
     157
     174
     184
     189
     163
     177
     168
     181
     174
     185
     182
     162
     149
     173
     168
     178
     171
     179
     169
     174
     172
     160
     171
     177
     182
     183
     137
     176
     163
     179
     138
     154
     160
     174
     165
     170
     185
     218
     205
     199
     166
     151
     163
     174
     145
     161
     155
     176
     145
     155
     172
     153
     182
     155
     173
     175
     178
     164
     169
     187
     179
     181
     183
     212
     243
     179
     180
     137
     153
     170
     166
     159
     164
     154
     156
     160
     163
     153
     162
     174
     137
     159
     141
     141
     149
     152
     138
     134
     135
     147
     153
     134
     132
     136
     143
     143
     145
     136
     148
     148
     149
     147
     145
     144
     136
     147
     135
     140
     125
     158
     141
     160
     125
     135
     174
     153
     165
     153
     167
     141
     140
     142
     144
     144
     165
     161
     153
     144
     141
     124
     129
     102
     142
     137
     139
     124
     139
     123
     142
     144
     147
     130
     134
     149
     125
     136
     140
     153
     156
     158
     156
     142
     166
     142
     128
     128
     154
     140
     143
     141
     146
     145
     119
     141
     132
     124
     145
     143
     145
     132
     102
     134
     142
     151
     137
     112
     140
     122
     132
     108
     133
     133
     131
     136
     108
     130
     122
     124
      86
     138
     133
     109
     121
     124
     120
     122
     138
     124
     134
     132
     147
     123
     127
     124
     105
     124
     119
     122
     120
     114
     112
     115
     121
     118
     122
     109
     106
     113
     115
     136
     124
     138
     121
     125
     140
     130
     125
     120
     134
     124
     123
     129
     109
      87
     103
     112
     116
     109
     107
     110
     108
     128
      95
      98
     107
     121
     104
     110
     117
     132
     111
     125
     101
     121
     112
     127
      94
     126
     102
     136
     105
     125
     120
      98
      98
     119
     113
     123
     100
     105
     114
     101
     110
     113
      96
      90
     103
     112
     105
      96
     104
     120
     101
     102
     102
      90
     110
      94
     118
     100
     121
     124
     100
     134
     113
     113
     113
     100
     104
     126
     120
      92
     114
      85
      99
     100
     116
     116
      87
     111
     112
      99
      94
     103
      95
     110
      95
      96
     100
      99
      98
     107
      90
     113
      94
      89
     107
      99
     104
     112
      99
      85
      97
      97
     116
     100
     104
     112
      97
     101
      99
     116
     101
     109
     109
     107
     111
      91
      97
      74
      98
     104
      93
      78
     109
      81
      91
      74
     106
      90
      90
      83
      91
      91
     115
     119
     136
     100
     101
     107
      95
     100
      98
      75
      86
      95
      86
     104
     103
      77
     101
      91
      96
      85
     105
      80
     102
      96
      92
     102
      97
      74
      90
     106
     106
      95
      87
     104
      88
      76
      86
      89
      79
     105
      95
      83
      78
      92
     107
      80
      84
     114
      78
      87
      76
      93
      97
     117
     132
     103
      78
      84
      99
     106
     123
      91
      86
      79
      63
      87
      98
      75
      93
      71
      67
      97
      89
      91
      71
      96
      93
      56
      88
      86
      81
      73
      92
      87
      73
      94
      98
      80
      89
      77
      96
      94
     115
      85
      65
      86
      72
      76
      71
      70
      78
      70
     108
      72
      89
      79
     102
      73
      67
      90
      81
      74
      77
      89
      80
      82
      82
      81
      65
      67
      79
      71
      90
      68
      71
      85
      90
      75
      79
      74
      77
      81
      69
      81
      64
      74
      75
      93
      61
      72
      91
      77
      61
      73
      71
      71
      88
      72
      82
      81
      97
      73
      76
      84
      81
      78
      89
      79
      64
      68
      74
      78
      74
      67
      78
      67
      68
      72
      71
      76
      97
      62
      75
      89
      88
      91
      74
      78
      77
      68
      72
      64
      75
      59
      78
      68
      88
      78
      80
      57
      81
      74
      57
      73
      74
      84
      78
      74
      62
      78
      77
      67
      68
      66
      66
      71
      88
      67
      81
      83
      92
     100
      81
      82
      92
      81
      81
      83
      80
      76
      53
      70
      59
      69
      63
      73
      64
      68
      71
      73
      70
      74
      73
      76
      76
      66
      77
      61
      72
      65
      65
      74
      63
      89
      55
      81
      58
      78
      72
      71
      70
      70
      66
      63
      70
      90
      72
      83
      60
      67
      62
      61
      77
      60
      68
      75
      79
      63
      53
      75
      78
      76
      70
      63
      72
      60
      64
      74
      47
      71
      69
      71
      66
      59
      72
      67
      67
      66
      66
      68
      70
      47
      79
      66
      61
      53
      64
      62
      57
      56
      59
      66
      72
      52
      62
      50
      50
      62
      77
      60
      64
      64
      48
      55
      60
      58
      55
      56
      67
      65
      73
      66
      76
      58
      64
      58
      64
      68
      61
      72
      62
      57
      64
      60
      67
      67
      60
      53
      55
      63
      52
      59
      46
      46
      58
      50
      64
      47
      74
      57
      54
      51
      60
      54
      38
      61
      41
      57
      62
      55
      61
      47
      55
      49
      49
      56
      44
      67
      75
      66
      56
      64
      59
      55
      60
      57
      51
      63
      54
      61
      56
      54
      50
      49
      40
      48
      47
      46
      57
      51
      47
      49
      49
      53
      49
      44
      57
      40
      44
      54
      48
      65
      46
      55
      47
      37
      52
      54
      51
      45
      48
      55
      45
      36
      41
      49
      53
      49
      63
      56
      44
      45
      62
      45
      52
      54
      33
      44
      39
      57
      47
      40
      51
      47
      39
      38
      45
      47
      42
      44
      38
      44
      41
      45
      44
      38
      43
      54
      51
      51
      42
      45
      44
      43
      39
      40
      46
      47
      44
      40
      45
      57
      39
      49
      49
      55
      49
      67
      37
      63
      29
      38
      34
      41
      48
      44
      47
      39
      45
      47
      51
      59
      38
      36
      44
      42
      48
      53
      40
      31
      48
      47
      47
      29
      36
      37
      38
      48
      39
      40
      49
      39
      40
      43
      45
      19
      47
      39
      36
      42
      49
      39
      40
      36
      35
      41
      41
      32
      35
      28
      45
      40
      42
      39
      36
      34
      44
      41
      48
      41
      38
      35
      41
      38
      30
      40
      40
      54
      38
      45
      46
      43
      29
      31
      35
      49
      26
      36
      45
      54
      99
     198
     247
     206
     116
      59
      43
      31
      39
      29
      34
      31
      33
      46
      24
      30
      38
      38
      36
      39
      39
      47
      42
      46
      24
      23
      28
      36
      36
      34
      38
      23
      41
      29
      35
      28
      30
      39
      38
      34
      36
      39
      34
      35
      34
      34
      36
      34
      36
      36
      36
      39
      32
      34
      31
      28
      28
      30
      37
      24
      42
      28
      37
      25
      21
      30
      31
      27
      29
      28
      30
      40
      30
      36
      37
      33
      30
      33
      38
      19
      27
      28
      37
      33
      26
      27
      36
      36
      28
      26
      37
      28
      36
      33
      33
      28
      36
      43
      20
      32
      33
      39
      38
      31
      37
      23
      26
      21
      28
      29
      22
      28
      33
      22
      37
      21
      26
      31
      22
      24
      29
      26
      28
      30
      31
      29
      42
      26
      31
      48
      52
      37
      42
      37
      45
      32
      34
      22
      22
      24
      33
      21
      34
      32
      30
      19
      20
      24
      37
      26
      28
      29
      31
      35
      21
      28
      37
      23
      24
      32
      34
      30
      32
      32
      41
      35
      27
      25
      24
      24
      31
      28
      30
      34
      23
      30
      25
      24
      24
      29
      24
      31
      28
      26
      31
      20
      30
      27
      29
      23
      23
      25
      28
      26
      27
      25
      21
      24
      24
      27
      29
      26
      20
      27
      24
      28
      22
      22
      22
      20
      27
      14
      25
      28
      18
      24
      20
      19
      24
      27
      22
      21
      27
      29
      22
      26
      30
      39
      26
      19
      29
      24
      18
      19
      22
      29
      20
      26
      29
      23
      29
      21
      22
      22
      18
      31
      35
      23
      24
      22
      26
      26
      23
      24
      30
      19
      26
      25
      30
      27
      22
      28
      29
      22
      26
      23
      31
      20
      28
      23
      22
      23
      27
      16
      28
      27
      23
      24
      21
      19
      22
      18
      25
      19
      22
      24
      18
      20
      19
      16
      29
      18
      19
      24
      22
      18
      18
      18
      21
      17
      32
      20
      31
      29
      28
      41
      49
      59
      39
      31
      25
      16
      24
      22
      17
      22
      20
      19
      29
      15
      18
      19
      15
      23
      21
      21
      22
      16
      21
      25
      17
      23
      20
      15
      23
      17
      19
      23
      22
      20
      17
      18
      19
      24
      23
      28
      19
      17
      19
      22
      15
      16
      20
      21
      13
      11
      19
      21
      15
      26
      24
      18
      17
      16
      29
      23
      20
      24
      17
      22
      19
      24
      28
      17
      29
      14
      14
      25
      20
      28
      25
      22
      26
      21
      16
      25
      18
      23
      37
      25
      18
      25
      25
      26
      18
      20
      14
      18
      17
      15
       8
      22
      17
      14
      28
      16
      20
      14
      23
      13
      13
      24
      14
      25
      13
      24
      10
      15
      15
      17
      28
      19
      15
      12
      12
      21
      25
      18
      21
      20
      24
      23
      15
      14
      19
      13
      24
      20
      23
      22
      21
      27
      21
      13
      18
      16
      15
      20
      13
      20
      10
      20
      11
      20
      21
      22
      11
      18
      15
      18
      17
      22
      16
      14
      14
      16
      25
      19
      20
      16
      13
      17
      20
      18
      13
      19
      15
      28
      18
      20
      17
      18
      23
       9
      11
      16
      16
      14
      11
      14
      17
      14
      14
      19
      22
      18
      17
       8
      13
      17
      19
      22
      19
      17
      19
      15
      19
      16
      15
      20
      16
       7
      23
      21
      12
      15
      15
      15
      13
      15
      12
      15
      18
      15
      18
      16
      17
      17
      21
      12
      16
      15
      16
      11
      15
      17
      16
      15
      12
      19
      13
      12
      16
      17
      11
      16
      17
      17
      18
      17
      13
      19
      14
      21
      22
      15
       6
      28
      14
      19
      15
      16
      14
      15
      11
      16
      11
      16
      16
      16
      15
      23
      25
      20
      21
      14
      13
      18
      13
      12
      23
      16
      19
      12
      16
       9
      10
      14
      18
      17
      21
      22
      10
      22
      16
      21
      10
      20
      13
      15
      12
      15
      18
      15
      25
      11
      16
      20
      11
       7
       7
      15
      18
      14
      13
      22
      19
      17
      13
       8
      12
      11
      11
      12
      12
      11
      10
      18
      10
      14
      14
      13
       5
      18
      23
      19
      16
      14
      10
      14
      12
      16
      13
      15
      26
      24
      25
      15
      15
      15
      20
      16
      17
      16
      12
      10
      11
      14
      18
      22
      14
      21
      15
      15
      14
      17
      13
      21
       9
      15
       6
      13
      14
      16
      10
      12
      11
      15
       8
      12
      14
      13
      10
      13
      17
      11
      13
       8
      13
      18
      18
      15
      15
      11
      15
      13
       7
       5
      13
      19
       7
      14
      15
       9
      14
      15
      12
      11
      17
       9
      13
      13
      14
      18
      16
      14
      10
      18
      14
      19
      12
      14
      13
      12
      18
      11
      14
      19
      12
      11
      11
      17
      17
      15
      14
      16
      17
      11
      13
      12
      17
      15
      22
      21
      13
      19
      17
      21
      22
      19
      10
      13
      17
      13
      12
      16
      11
      10
      11
      10
      12
       9
      13
      17
      17
      11
      12
      17
      12
      18
      11
      14
      13
       7
      12
      17
      16
      12
      11
      18
      14
      12
       6
      11
      17
      16
      17
      14
      11
      11
      14
      14
      12
      13
      10
      12
      16
      11
       7
      12
      17
      24
      15
      16
      10
      16
      13
      11
      10
      10
      20
      13
      13
      10
       9
       9
      15
      10
      14
      13
      13
      12
      20
       8
      12
      11
       8
      11
      12
       8
      10
      14
       7
      10
      11
      13
      14
      10
       9
      11
      13
      13
      18
       8
      10
      10
      10
       6
      14
       8
      12
      15
       9
      12
      17
       9
      15
      26
      14
       8
      13
      17
       8
      15
       7
      15
       7
      12
      13
       9
       9
      12
      13
      20
      13
      14
      10
      11
      11
      15
      16
       9
      10
      11
       4
      12
      17
      18
      11
      17
      14
      18
      20
      12
      12
       7
       8
      12
      14
      15
      10
      16
      16
      12
      18
      10
      17
       9
       9
      16
       9
      15
       9
      22
       9
       7
      16
      15
      13
      14
      11
      13
      12
      11
      13
      14
       7
      15
       8
      11
      15
       9
      14
      10
      13
      10
       8
       9
       5
      10
      16
       8
      16
      13
       7
      11
      14
      13
      12
      12
      15
      13
      10
      14
       6
      13
       4
      10
       9
       7
      15
       9
       7
       7
      12
      13
      15
       8
      18
      15
      11
       9
      16
      13
      10
      13
       9
      10
      11
      13
      16
      13
      12
       4
      10
      12
       9
      16
       8
      11
      18
      10
      14
      14
      10
       8
      11
       5
       8
       8
      12
       8
      22
      10
       9
      13
       6
      11
       6
       9
      10
      15
      13
      10
      18
       7
       8
      10
       8
      14
      10
       7
       6
       7
       5
       8
      14
       9
      10
      10
       7
       5
       5
       8
       7
       7
       9
       9
      12
      16
      12
       7
      11
       7
       9
       7
       8
       7
       5
       9
      11
       9
       9
       8
       6
      15
      10
       9
       7
      13
       8
       7
       6
       9
       5
       7
      12
       5
       7
       4
       5
       6
       6
      13
      11
      19
      10
       8
       8
      12
       7
       3
       4
       7
      11
      11
       4
      11
      10
       9
      12
      12
       6
       4
       4
       5
      11
      11
       8
      11
      13
      10
      11
      11
       6
      10
       8
       9
       5
       9
       7
      11
       4
      10
      19
       8
       9
       8
      10
       7
       7
       8
      11
      10
       9
      14
      12
      13
      15
      10
       4
      11
      12
      10
      10
       6
       8
       9
      12
       9
       7
       9
       4
       9
      11
       5
      11
       7
      11
       8
      13
       9
      19
      23
      50
      43
      57
      69
      69
      52
      43
      18
      12
      10
       9
       7
       6
       6
       8
       9
       8
       5
       6
       7
       8
       9
      11
      10
       5
       5
       7
       9
       6
       8
       4
      11
       8
       8
       6
      10
      13
       9
       3
       8
       6
       6
       6
       9
       7
       8
       5
       2
       7
       7
       8
       6
       7
       6
       9
       6
       9
       7
       7
       9
       4
       7
       4
       9
      12
       5
       6
       5
       5
       7
       9
       6
       5
      13
       7
      13
       2
       3
       5
       5
       5
       6
       9
       5
      14
       7
       6
      11
       8
       7
       5
       6
       7
       3
       6
      10
       7
       6
       6
       8
       6
       4
       7
       9
       9
       2
      10
       5
       5
       5
      10
       8
       8
       6
       7
       9
       3
      11
       5
       8
       8
       5
       8
      13
       7
       7
       8
       6
       7
       5
       7
       8
      10
       5
       5
       4
       8
       7
       6
       3
       3
       9
       6
       6
       4
       6
       6
       5
       4
       5
      10
       6
       7
      12
       6
       7
       1
       6
       7
       7
       8
       5
       8
       8
       6
       1
       6
       4
      14
       6
      10
       2
       5
       6
       6
       4
       6
       6
      12
       8
       6
       4
       9
       6
       9
       8
       5
       5
       6
       4
       7
       7
       8
       9
       5
       6
       6
       4
       4
       5
       9
       6
       3
       6
       8
       7
       5
       3
      11
       8
       6
       7
       6
       9
       7
       4
       7
       7
      15
       8
       3
       4
       9
       3
       5
       8
       9
       9
       7
       4
       6
       1
       6
       5
      11
       8
       3
       9
       8
       7
      10
      12
       2
       5
       7
       4
       5
       6
       6
       4
       6
       4
       5
       4
       4
       6
       4
       1
       6
       5
       3
       4
       3
       9
       6
       6
       8
       9
       4
       7
       7
       3
       5
       9
       5
       4
       3
       9
       5
       5
       3
       8
       5
       7
       9
       9
       5
       2
       5
       5
      10
       8
       8
       5
       5
       7
       6
       8
       5
      10
       6
       6
       9
       6
       7
       7
       8
       8
       2
       2
       4
       5
       6
       6
       2
       7
       4
       4
       4
      10
       9
      10
       7
       8
       8
       7
       5
       6
       5
       4
       3
       6
      10
      10
       3
       8
       3
       8
       8
       4
       5
       9
       8
       4
       1
       5
       3
       4
       8
       6
       6
       5
       4
       7
       3
      10
       4
       8
       6
       6
       4
       5
       9
       6
       8
      11
       2
       8
       4
      10
       9
       4
      10
       5
       8
       4
       3
       3
       6
       3
       6
       8
       6
       9
      10
       6
       8
       5
      12
       5
       4
       8
       6
       3
       3
      10
       4
       6
       5
       5
       4
       9
       8
       8
       8
       8
      10
       7
       3
       9
       4
       3
      11
       5
       4
      10
       4
      13
       4
       3
       5
       6
       6
       3
       8
       6
      11
       6
       6
       7
       4
       2
       5
       8
       6
       2
       1
      10
       5
       6
       4
       6
       4
       5
       5
       3
       6
       9
       6
       7
       8
       7
       9
       8
       6
       7
       5
       6
       6
       6
       5
       9
       4
       5
       5
       5
       6
       7
       9
       8
       5
       4
      12
       2
       7
       5
       3
       6
       8
       5
       9
       7
       7
       9
       6
       6
       2
       8
       9
       8
       5
       7
       4
       2
       3
       5
       2
       7
       4
       4
       5
       5
       3
       6
       9
       5
       5
       6
       5
       3
       7
       3
       4
       7
      10
       5
       4
       5
       7
       7
       7
       4
       3
       4
      12
       6
       4
       4
       6
      10
       2
       5
       6
       2
       5
       6
       7
       7
       7
       6
       4
       4
       2
      10
       5
       5
       7
       4
       8
      11
       3
       4
       7
       6
       6
       8
       5
       8
       3
       6
       4
       6
       4
       3
       7
       8
       8
       5
       4
       5
       2
       6
       3
       2
       7
       8
       2
       7
       6
       1
       5
       7
       6
       5
       4
       3
       6
       7
       4
       5
       6
       5
       8
       3
       6
       9
       6
       5
       1
       3
       3
       4
       5
       5
       7
       6
       4
       5
       6
       6
       4
       7
       6
       7
       3
       3
       2
       7
       4
       4
       5
       7
       2
       8
       9
       6
      10
       4
       6
       6
       5
       5
       7
       7
       6
       2
       7
       3
      10
       4
      10
       7
       2
       5
       1
       3
       3
       9
      11
       9
       3
       6
       9
       6
       6
       6
      11
       9
       6
       7
       6
       1
       6
      10
       8
       2
       6
       7
       4
       5
       2
       9
       7
       8
       8
       6
       5
       6
       8
       4
       6
       3
       8
       3
       6
       5
       4
       6
       2
       6
       5
       6
       6
       6
       5
       5
       3
       6
       4
       3
       5
       4
       4
       8
       3
       7
       6
       4
       3
       9
       4
       4
       5
       4
       3
       6
       6
       8
       2
       8
       5
       4
       7
       5
       5
       4
       5
      13
       6
       4
       2
       8
       6
       2
       9
       4
       5
       6
       5
       6
       4
       5
       7
       6
      10
       6
       4
       3
       7
       5
       7
       4
       4
       3
       4
       5
       5
       4
       4
       6
       8
       6
       3
       6
       4
       9
       2
       3
       3
       8
       7
       4
       5
       5
      11
       8
      11
       5
       1
       6
       8
       3
       5
       3
       3
       5
      10
       6
       5
       3
       2
       4
       4
       3
       5
       3
       2
       5
       9
       6
       6
       3
       8
       4
       5
       0
       2
       4
       2
       5
       5
       4
       4
       4
       6
      10
       4
       5
       5
       4
       2
       4
       6
       4
       7
       5
       6
       4
       1
       5
       3
       5
       9
       7
       1
       2
       4
       8
       4
       5
       5
       4
       5
       5
       6
       6
       3
       1
       6
       9
       1
       1
       3
       2
       5
       4
       6
       5
       6
       6
       7
       4
       7
       6
       4
       8
       4
       5
       2
       3
       5
       5
       9
       4
       6
       4
       2
       2
       2
       5
       7
       3
       3
       3
       3
       6
       3
       4
       5
       7
       5
       2
       3
       2
       3
       9
       4
       4
       6
       1
       8
       0
       4
       6
       1
       5
       7
       4
      10
       6
       4
       6
       4
       8
       6
       2
       4
       2
       1
       6
       6
       3
       4
       3
       4
       6
       3
       6
       7
       4
       4
       2
       5
       6
       4
       6
       3
       2
       5
       3
       6
       4
       5
       5
       5
       4
       5
       3
       3
       8
       4
       4
       6
       0
       1
       1
       6
      11
       3
       7
       6
       9
       6
       7
       2
       5
       5
       5
       4
       3
       3
       5
       6
       4
       4
       1
       2
       3
       4
       5
       4
       5
       4
       3
       4
       4
       4
       5
       5
       4
       2
       4
       6
       6
       3
       4
       1
       4
       6
       7
       5
       4
       6
       2
       4
       5
       3
       2
       5
       3
      10
       7
       5
       4
       5
       3
       9
       7
       3
       4
       6
       5
       2
       4
       4
       6
       2
       5
       2
       4
       4
       3
       4
       2
       6
       3
       5
       1
       7
       5
       1
       6
       3
       7
       4
       2
       1
       5
       3
       4
       5
       4
       9
       5
       7
       6
       3
       7
       4
       6
       1
       2
       2
       3
       6
       4
       4
       5
       6
       1
       3
       6
      10
       4
       5
       1
       5
       6
       5
       3
       6
       5
       5
       4
       4
       6
       5
       6
       5
       6
       2
       4
       5
       3
       5
       7
       5
       9
       2
       8
       6
       2
       1
       7
       5
       1
       3
       6
       1
       9
       3
       4
       3
       5
       5
       1
       5
       3
       3
       3
       2
       2
       4
       6
       3
       3
       5
       2
       4
       3
       6
       2
       7
       4
       5
       5
       1
       4
       9
       2
       9
       5
       1
       4
       2
      11
       4
       6
       3
       5
       3
       4
       3
       4
       6
       3
       5
       4
       2
       3
       6
       2
       3
       2
       4
       6
       6
       8
       4
       4
       7
       5
       2
       4
       5
       5
       6
       3
       3
       3
       5
       8
       6
       6
       7
       1
       8
       4
       3
       8
       5
       9
       6
       5
       4
       4
      12
       8
       4
       9
       4
       7
       2
       5
       8
       4
       3
       4
       3
       5
       5
       5
       5
       4
       7
       3
       7
       3
       6
       4
       4
       1
       4
       6
       2
       4
       5
       2
       2
       6
       7
       4
       4
       2
       5
       1
       7
       5
       3
       0
       6
       6
       3
       5
       5
       4
       5
       5
       8
       2
       7
       3
       3
       8
       4
       1
       3
       2
       2
       5
       6
       4
       5
       6
       6
       4
       5
       4
       6
       6
       2
       6
       1
       3
       5
       3
       5
       4
       3
       4
       7
       5
       3
       6
       7
       6
       4
       5
       3
       8
       2
       1
       3
       1
       1
       0
       3
       3
       6
       5
       3
       3
       6
       4
      10
       4
       6
       2
       5
       3
       3
       4
       2
       6
       5
       6
       3
       4
       4
       3
       3
       6
       6
       4
       7
       5
       2
       0
       0
       0
       0
       0
       0
       0
       0
       0
       0
       0
       0
       0
       0
       0
       0
       0
       0
       0
       0
       0
       0
       0
       0
       0
       0
       0
       0
       0
       0
       0
       0
       0
       0
       0
       0
       0
       0
       0
       0
       0
       0
       0
       0
       0
       0
       0
       0
       0
       0
       0
       0
       0
       0
       0
       0
       0
       0
       0
       0
       0
       0
       0
       0
       0
       0
       0
       0
       0
       0
       0
       0
       0
       0
       0
       0
       0
       0
       0
       0
       0
       0
       0
       0
       0
       0
       0
       0
       0
       0
       0
       0
       0
       0
       0
       0
       0
       0
       0
       0
       0
       0
       0
       0
       0
       0
       0
       0
       0
       0
       0
       0
       0
       0
       0
       0
       0
       0
       0
       0
       0
       0
       0
       0
       0
       0
       0
       0
       0
       0
       0
       0
       0
       0
       0
       0
       0
       0
       0
       0
       0
       0
       0
       0
       0
       0
       0
       0
       0
       0
       0
       0
       0
       0
$ROI:
0
$PRESETS:
None
0
0
$ENER_FIT:
0.000000 0.000000
$MCA_CAL:
3
0.000000E+000 0.000000E+000 0.000000E+000 
$SHAPE_CAL:
3
0.000000E+000 0.000000E+000 0.000000E+000
