$SPEC_ID:
No sample description was entered.
$SPEC_REM:
DET# 1
DETDESC# SCE-SOPA-00035 MCB 133
AP# Maestro Version 7.01
$DATE_MEA:
10/23/2019 12:16:44
$MEAS_TIM:
97003 97005
$DATA:
0 4095
       0
       0
       0
       0
       1
       0
       0
       0
       3
       2
       0
       0
       0
       0
       0
       1
       0
       0
       0
       1
       1
       3
       1
       5
       2
       2
      63
     187
      86
     135
     446
     429
     445
     488
     455
     461
     466
     466
     482
     457
     414
     421
     447
     447
     447
     557
     706
     796
     636
     439
     408
     455
     478
     424
     508
     456
     426
     442
     450
     447
     383
     445
     582
     829
     805
     618
     431
     421
     419
     386
     433
     423
     477
     441
     461
     476
     542
     445
     452
     450
     422
     415
     419
     453
     475
     466
     465
     487
     464
     446
     460
     578
     853
    1041
     896
     590
     440
     403
     469
     453
     498
     414
     401
     433
     454
     448
     434
     427
     462
     505
     465
     417
     489
     489
     489
     448
     498
     429
     472
     427
     468
     445
     437
     438
     492
     451
     435
     417
     452
     509
     443
     481
     450
     467
     451
     450
     441
     479
     440
     446
     451
     470
     487
     456
     526
     536
     483
     492
     465
     432
     444
     461
     470
     471
     435
     400
     442
     437
     453
     489
     463
     470
     443
     450
     425
     437
     413
     402
     429
     412
     407
     422
     416
     448
     390
     459
     388
     436
     452
     392
     395
     423
     407
     415
     407
     481
     603
     660
     543
     401
     348
     380
     376
     382
     409
     399
     411
     377
     396
     401
     350
     363
     338
     416
     364
     355
     378
     367
     328
     367
     354
     367
     377
     353
     378
     328
     320
     369
     375
     339
     363
     334
     342
     358
     325
     345
     337
     323
     319
     324
     294
     343
     294
     315
     322
     318
     296
     307
     315
     389
     373
     342
     321
     333
     301
     292
     310
     294
     300
     270
     269
     264
     285
     264
     267
     286
     289
     280
     272
     280
     232
     280
     277
     262
     248
     264
     272
     257
     234
     235
     251
     263
     255
     239
     242
     236
     253
     238
     267
     267
     267
     240
     229
     239
     210
     235
     218
     246
     232
     246
     265
     208
     208
     278
     211
     231
     233
     226
     203
     205
     201
     183
     206
     224
     232
     211
     219
     225
     190
     217
     197
     218
     195
     222
     217
     222
     219
     228
     186
     165
     175
     187
     213
     209
     199
     211
     227
     207
     180
     202
     215
     199
     185
     195
     211
     184
     199
     181
     209
     182
     229
     194
     206
     169
     171
     184
     175
     176
     198
     161
     182
     187
     206
     212
     209
     183
     167
     180
     157
     182
     176
     162
     180
     182
     178
     159
     167
     147
     158
     159
     172
     173
     158
     131
     138
     141
     128
     153
     157
     160
     155
     144
     141
     153
     145
     147
     134
     157
     134
     132
     164
     136
     146
     139
     138
     140
     138
     152
     147
     145
     128
     149
     146
     158
     162
     149
     163
     129
     135
     122
     130
     137
     133
     137
     145
     147
     155
     122
     130
     139
     137
     123
     123
     114
     147
     139
     136
     139
     143
     121
     123
     161
     144
     119
     143
     132
     122
     130
     139
     144
     146
     132
     125
     131
     137
     127
     123
     116
     134
     139
     138
     108
     148
      95
     131
     131
     118
     119
     110
     103
     116
     113
     113
     141
     140
     119
     134
      98
     121
     121
     129
     107
     129
     124
     131
      99
     119
     107
     110
     100
     135
     115
     125
      98
     135
      98
     111
     110
     104
     118
     111
     117
     124
     106
      91
     107
     102
     119
     103
     117
     118
     111
     122
     118
     117
     118
     126
     133
     125
     135
     219
     324
     412
     399
     324
     217
     151
     112
      85
      98
      94
      93
      93
     100
     120
      91
      93
     116
     104
     109
      99
      92
      97
      90
     112
     101
     101
      92
      97
      90
     113
     102
     108
     100
      91
      99
      97
      86
      89
      91
      85
      96
      90
     109
     110
      96
      90
     102
     104
      85
      90
      92
      94
      89
      97
      90
     102
      82
      91
      76
      99
     115
      98
      91
     116
      72
      85
      83
      93
      84
      82
      80
      89
      83
     103
     107
     101
      93
      98
      87
      86
     105
      81
      90
      88
      93
      68
      87
     100
     101
     102
      90
      88
      89
      95
      86
      82
      88
     112
      88
     118
     109
     113
      98
      86
      85
      82
      86
      90
      75
      81
     101
      95
      82
      74
      86
      95
      99
      77
      69
      78
      96
     102
      75
      83
      81
      81
      93
      79
      77
      79
      77
      66
      82
      81
      81
      84
      75
      93
      79
      85
      85
      67
      83
      79
      71
      71
      86
      88
      67
      77
      67
      83
      90
      80
      89
      88
      84
      84
      81
      73
      72
      99
      72
      87
      65
      93
      68
      73
      68
      61
      62
      74
      70
      99
      90
      86
      64
      63
      70
      73
      71
      74
      77
      88
      75
      92
      85
      87
      80
      82
      77
      79
      80
      86
      72
      75
      77
      77
      82
      82
      74
      70
      84
      69
      64
      83
      63
      80
      69
      69
      64
      77
      77
      80
      79
      53
      69
      84
      76
      71
      79
      63
      51
      67
      66
      67
      60
      65
      75
      53
      76
      69
      76
      62
      73
      75
      78
      71
      64
      67
      68
      61
      70
      71
      71
      67
      72
      72
      66
      70
      65
      61
      81
      58
      81
      88
      75
      82
      79
      56
      59
      63
      63
      72
      75
      59
      67
      60
      71
      64
      64
      72
      61
      62
      68
      64
      67
      59
      55
      62
      54
      53
      67
      61
      56
      56
      78
      51
      69
      67
      70
      60
      60
      71
      58
      64
      67
      50
      54
      63
      56
      62
      60
      54
      62
      60
      46
      73
      64
      50
      54
      58
      49
      56
      67
      58
      61
      55
      64
      67
      62
      53
      70
      67
      58
      59
      76
      72
      80
      59
      63
      66
      63
      51
      60
      61
      63
      56
      63
      67
      54
      62
      51
      60
      68
      46
      51
      44
      56
      57
      65
      60
      57
      72
      54
      53
      59
      50
      66
      59
      46
      40
      49
      58
      49
      64
      57
      64
      61
      64
      59
      52
      59
      59
      54
      55
      52
      63
      49
      49
      43
      52
      49
      63
      71
      59
      53
      60
      53
      58
      48
      62
      60
      53
      46
      51
      50
      49
      74
      38
      58
      53
      84
      75
      62
      55
      50
      53
      45
      40
      55
      51
      48
      35
      57
      56
      57
      50
      46
      47
      56
      38
      44
      58
      52
      52
      52
      54
      63
      60
      51
      51
      36
      62
      45
      44
      48
      44
      58
      39
      55
      41
      47
      47
      60
      43
      56
      53
      43
      55
      42
      56
      60
      60
      58
      57
      57
      50
      69
      49
      67
      68
      56
      58
      45
      48
      45
      51
      50
      40
      45
      51
      51
      47
      45
      43
      46
      41
      48
      41
      47
      55
      45
      39
      50
      39
      35
      38
      42
      49
      48
      56
      73
      50
      40
      54
      41
      28
      61
      38
      43
      42
      43
      50
      39
      45
      48
      44
      37
      50
      52
      45
      38
      41
      33
      43
      37
      47
      37
      50
      47
      53
      51
      44
      45
      36
      52
      35
      46
      36
      44
      31
      58
      47
      38
      42
      41
      37
      43
      53
      42
      45
      36
      50
      49
      36
      43
      32
      42
      39
      50
      41
      46
      44
      48
      47
      61
      57
      36
      48
      36
      45
      45
      52
      29
      42
      30
      39
      34
      41
      41
      35
      45
      32
      44
      47
      36
      41
      40
      32
      36
      33
      38
      41
      49
      34
      32
      31
      55
      35
      30
      28
      31
      46
      35
      43
      40
      44
      29
      40
      45
      39
      37
      38
      36
      43
      53
      52
      41
      38
      31
      50
      58
      48
      47
      34
      29
      43
      41
      43
      38
      36
      30
      37
      55
      34
      42
      27
      38
      34
      30
      39
      48
      42
      26
      41
      40
      33
      33
      31
      30
      46
      41
      44
      44
      35
      47
      45
      35
      32
      33
      45
      36
      38
      37
      32
      28
      45
      31
      39
      47
      33
      35
      50
      43
      43
      52
      37
      35
      35
      45
      34
      29
      42
      35
      43
      36
      27
      38
      19
      35
      36
      33
      31
      35
      37
      26
      32
      44
      27
      39
      33
      39
      32
      39
      41
      42
      35
      47
      35
      31
      29
      36
      32
      32
      26
      29
      31
      35
      33
      36
      32
      41
      35
      32
      56
      34
      26
      42
      42
      34
      42
      34
      32
      37
      36
      36
      42
      34
      37
      45
      36
      40
      31
      25
      33
      26
      32
      46
      43
      26
      33
      30
      42
      40
      38
      30
      25
      42
      32
      35
      29
      29
      32
      41
      28
      39
      33
      38
      25
      19
      26
      26
      21
      32
      29
      27
      22
      30
      31
      31
      24
      28
      31
      29
      29
      29
      22
      40
      28
      31
      52
      30
      20
      27
      31
      33
      21
      28
      22
      33
      34
      32
      25
      27
      34
      29
      26
      29
      21
      17
      28
      24
      31
      23
      19
      26
      24
      26
      29
      25
      33
      25
      24
      22
      24
      24
      22
      39
      32
      30
      27
      27
      35
      26
      29
      23
      28
      18
      25
      25
      22
      18
      23
      27
      18
      26
      33
      23
      33
      39
      23
      20
      28
      21
      20
      29
      26
      35
      29
      21
      30
      27
      30
      22
      35
      24
      23
      23
      29
      20
      25
      24
      25
      20
      25
      24
      26
      24
      31
      23
      20
      21
      26
      27
      29
      36
      29
      33
      27
      25
      30
      23
      29
      14
      24
      18
      15
      20
      22
      26
      23
      18
      32
      23
      22
      26
      29
      18
      28
      22
      23
      18
      29
      22
      32
      32
      34
      16
      26
      19
      33
      22
      24
      19
      25
      16
      24
      19
      27
      28
      21
      19
      19
      15
      30
      28
      24
      19
      15
      16
      18
      28
      29
      27
      19
      19
      20
      23
      24
      27
      22
      23
      24
      20
      26
      19
      14
      26
      29
      45
      48
     103
     144
     108
      68
      45
      28
      17
      20
      22
      16
      20
      16
      20
      13
      20
      15
      24
      17
      21
      20
      16
      19
      27
      22
      23
      21
      18
      27
      16
      19
      16
      16
      18
      23
      20
      25
      17
      19
      14
      25
       9
      14
      22
      16
      23
      17
      13
      19
      23
      18
      22
      19
      24
      18
      20
      15
      19
      16
      14
      13
      19
      23
      11
      18
      15
      17
      15
      28
      17
      19
      21
      19
      15
      16
      14
      16
      16
      13
      19
      21
      13
      27
      21
      17
      26
      21
      19
      15
      28
      19
      22
      11
      21
      25
      17
      10
      14
      21
      12
      17
      19
      15
       9
      19
      14
      15
      17
      14
      20
      17
      15
      17
      15
      14
      11
      19
      12
      20
      20
      18
      18
      13
      15
      13
      14
      25
      19
      12
      27
      25
      28
      14
       6
      23
      25
      17
      15
      15
      12
      15
      16
      17
      14
      15
      20
      14
      19
      14
       8
      16
      16
      11
      13
      20
      18
      20
      13
      13
      10
      14
      10
      12
      16
      15
      13
      15
      18
      13
      20
      14
      16
      17
      12
       9
      14
      12
      19
      10
      13
      16
      10
      12
      11
      11
      17
      14
      13
      20
      11
      21
      12
      18
      12
      18
      13
      11
      16
      13
      12
      12
      10
      16
       9
      14
      16
      16
      16
       7
      16
      16
       8
      17
       9
      13
      15
      20
      14
      18
      16
       9
      13
      13
      14
      11
      11
      10
       5
      10
       9
      13
      11
      14
      10
      11
      13
      16
      10
      12
      22
      13
       6
       5
       7
      12
       9
      14
      16
      16
      10
      12
      16
      18
       5
       8
      11
       7
      14
       9
       9
      16
      13
      12
      11
      16
       6
      11
      13
       9
      12
      13
      12
      12
      15
      13
      10
      13
      10
      12
      16
       5
      17
      13
      13
       9
      15
      11
      15
      16
      12
      11
      10
      16
      15
       8
      10
      12
      13
      15
      19
      17
      12
      11
      16
      18
      21
      23
      20
      22
      16
      14
      24
       7
      17
      10
       9
      11
      11
      12
       5
      10
      15
      11
       8
      13
      16
      15
       8
      14
      13
      10
      13
      11
      12
       9
      14
      10
       8
       9
      10
      12
      13
      10
      11
       9
       5
      13
      10
      11
      11
       7
       9
       6
      11
       9
       9
       5
       8
      16
      16
      10
      13
      15
      12
       6
      13
      11
      14
      15
      10
      14
       5
      10
      12
      10
      12
      14
       8
      11
      11
      12
      14
      21
      10
       6
       7
      21
      12
      13
       6
      15
      14
      12
      11
       5
      10
       8
      12
      12
      12
      12
      11
      10
      13
      13
      12
      13
       8
       9
       9
      12
       8
       5
      17
       8
      11
      12
      12
      11
       9
      12
      10
      13
       8
       8
       8
      13
      10
      12
       6
       9
      12
      10
       8
       6
      11
      11
      10
      11
      11
      10
       8
      14
      12
      12
       6
       8
       9
       8
       8
       4
      12
      15
       4
      14
       5
      10
       9
      14
       9
       9
      12
      12
       5
       5
      12
       6
       7
      11
       8
      13
      10
       6
       7
      17
      10
       6
       7
      15
      16
      13
       6
       8
      11
      10
       8
       9
       8
      10
       9
       6
      15
       9
       8
      10
      12
       3
       8
       5
      13
      11
       5
      13
      11
       8
       7
      15
       9
      11
      14
      15
       6
       4
      11
       8
      15
      12
       9
       7
       9
       8
      10
      13
       7
       6
      14
       6
      13
       6
      11
       4
      10
       8
       6
       7
       6
      14
      12
      11
       6
      12
       9
       9
       5
       4
       5
       7
       8
      11
       9
       6
       4
       6
       9
      12
       9
      10
      10
       9
      10
       3
       6
       8
       5
       8
      11
       9
       7
       7
      11
       7
       9
       5
       9
      14
       8
       7
       3
       5
       2
       8
      11
       2
      12
       3
      11
       4
      10
      13
      13
      13
       8
      12
       8
      10
       6
       8
       6
      10
       8
      10
       8
       4
       9
      10
       6
       8
      11
      10
       9
       6
      14
       9
       5
      14
       8
      10
       8
      11
       7
       6
       3
       7
       8
      13
       9
      10
       5
      11
       8
       9
       5
      14
      11
      11
      10
       7
       4
       8
       7
       6
       4
      15
       9
       9
      15
      19
      14
      10
       5
      11
       9
       9
       8
       6
       9
      12
       3
       8
      12
      12
      15
      10
       7
       7
      11
       7
       7
       8
       9
       5
      10
       7
       4
      10
      14
       6
      15
       6
       4
       9
       8
       7
       5
       7
       9
       5
       5
       5
       6
       6
       9
       7
       7
       8
       5
       5
       8
       9
       7
       9
       4
       9
       7
       6
       8
       7
       7
       5
       8
       8
       8
      12
       7
       7
      12
      11
       5
       7
       6
       8
       5
       4
      15
       4
       5
       9
       9
       9
       7
      11
       6
       5
      13
       5
       4
       5
       5
       6
       4
       5
      16
       3
       6
       9
       8
       7
      10
       8
       8
      11
      12
       9
       6
       6
      13
       2
       6
       8
       9
       3
       8
      16
       9
       6
       4
       9
       8
       9
       5
      11
       5
       7
       6
       7
       6
       8
      11
       5
       9
       7
       4
       7
       5
      11
       6
       4
       5
       5
      10
       9
       2
       5
       6
       3
       9
       6
      11
      10
       5
       9
       5
       7
       8
       4
       4
       4
       4
       8
       9
       9
      10
      11
       9
       5
       4
       7
       9
       5
       9
      10
       9
      11
       9
       8
       9
       7
       7
       5
      10
       2
       7
       3
      10
      12
       4
       6
       8
       9
      10
       5
       7
       7
       8
       5
       8
       4
       7
       5
       6
       5
      10
      10
       4
       6
       6
       7
      10
       5
       7
       7
       5
       9
      10
       3
       8
       4
       9
       4
       8
      11
       8
       2
      10
       9
       5
       7
       4
       7
       4
       5
      10
      12
       4
      11
       7
       6
       8
       8
       9
       6
       7
       7
       7
       9
       5
       7
       4
      10
       8
       9
       6
       5
      14
      11
       6
      10
       7
       6
       6
       6
       3
       7
       6
       8
       7
      10
       7
       9
       9
       6
       9
       5
       7
       8
      10
       3
       7
      10
       8
       4
       9
       5
       2
       6
       6
      10
       4
       3
       3
       7
       6
       6
       4
       7
       6
       4
       6
       4
       9
       8
       7
       6
       7
       8
       3
       6
       6
       2
       8
      11
       6
       6
       4
       7
       3
       4
       9
       4
       2
       5
       6
       4
       3
       5
       7
       4
       5
       4
       7
       6
       2
       7
       3
      11
       9
       7
       8
       5
       8
       5
       8
       4
       9
       6
       5
       7
       3
       5
       6
       5
       6
       4
       3
       5
       9
       5
       3
       7
       5
       8
       3
       5
       4
       9
      10
       8
       7
       6
       5
       3
       5
       9
       5
       7
       4
       6
       9
       3
       7
      11
       5
       2
       3
       4
       8
       6
       6
       5
       1
       4
       7
       3
       4
       5
       7
       4
      10
       7
       5
       2
       4
       5
       6
       1
       6
       3
       8
       6
       9
       1
       7
       5
       5
      10
       2
       4
       3
       2
       5
       4
       3
       5
       7
       5
       7
       7
       6
       3
       4
       9
       4
       3
       5
       3
       4
       5
       7
       4
       3
       3
       6
       2
       4
       3
       5
       2
       8
       5
       3
      12
       5
       8
       4
       3
       2
       4
       3
       4
       6
       4
       4
       5
       4
       3
       5
       2
       3
       8
       4
       5
       1
       3
       3
       6
       5
       5
       7
       2
       5
       5
       3
       1
       3
       5
       5
       1
       2
       4
       5
       2
       1
       1
       4
       5
       1
       1
       4
       3
       6
       5
       6
      10
       6
       6
      25
      22
      31
      44
      43
      37
      14
       9
       9
       3
       4
       0
       3
       4
       5
       5
       3
       4
       5
       4
       5
       2
      11
       3
       8
       3
       5
       1
       4
       5
       7
       2
       7
       2
       5
       3
       6
       5
       3
       1
       9
       6
       3
       2
       3
       4
       5
       3
       4
       1
       3
       4
       4
       3
       6
       4
       5
      11
       2
       5
       5
       4
       4
       2
       4
       5
       5
       7
       6
       3
       6
       6
       3
       1
       4
       4
       4
       2
       4
       0
       3
       4
       1
       5
       5
       4
       6
       5
       2
       6
       3
       4
       6
       1
       7
       3
       6
       5
       5
       3
       3
       5
      10
       4
       4
       3
       3
       4
       8
       7
       6
       4
       5
       3
       3
       4
       3
       6
       4
       7
       5
       2
       3
       4
       4
       5
       6
       4
       4
       3
       2
       3
       2
       4
       2
       5
       3
       1
       4
       3
       4
       3
       5
       1
       3
       1
       3
       4
       6
       2
       6
       5
       2
       1
       2
       7
       5
       1
       5
       4
       2
       7
       6
       7
       6
       4
       5
       5
       0
       5
       3
       2
       3
       4
       4
       6
       8
       6
       3
       2
       7
       4
       0
       4
       6
       4
       2
       4
       4
       4
       4
       6
       2
       4
       4
       6
       2
       2
       3
       3
       8
       2
       4
       6
       6
       7
       3
       3
       7
       3
       3
       2
       3
       8
       4
       3
       2
       4
       5
       6
       3
       2
       2
       1
       3
       4
       2
       6
       4
       1
       2
       4
       1
       6
       3
       3
       4
       4
       3
       4
       5
       3
       3
       9
       2
       3
       2
       4
       4
       1
       4
       1
       1
       6
       5
       8
       6
       1
       9
       2
       3
       1
       4
       4
       9
       0
       2
       1
       0
       2
       1
       4
       8
       4
       4
       1
       4
       6
       5
       2
       2
       1
       3
       2
       3
       5
       2
       4
       3
       3
       1
       4
       4
       4
       1
       2
       4
       5
       3
       4
       2
       1
       3
       4
       7
       3
       2
       1
       4
       6
       2
       2
       7
       1
       0
       9
       2
       5
       1
       5
       3
       3
       5
       0
       1
       3
       3
       7
       3
       4
       3
       0
       2
       5
       4
       1
       4
       4
       0
       6
       2
       2
       2
       8
       2
       2
       4
       4
       2
       2
       3
       4
       2
       1
       4
       2
       2
       2
       2
       3
       3
       4
       6
       5
       6
       4
       2
       3
       2
       1
       4
       4
       2
       2
       2
       1
       4
       6
       2
       4
       4
       1
       7
       6
       4
       1
       1
       6
       3
       3
       3
       2
       0
       7
       5
       3
       3
       1
       2
       3
       4
       3
       2
       2
       4
       2
       4
       2
       5
       5
       1
       1
       1
       2
       6
       2
       2
       4
       2
       3
       1
       4
       1
       4
       5
       3
       8
       2
       4
       4
       7
       1
       3
       1
       3
       7
       7
       3
       1
       4
       1
       0
       4
       2
       4
       1
       7
       3
       1
       4
       3
       4
       4
       3
       7
       1
       3
       5
       4
       4
       1
       5
       2
       2
       6
       3
       7
       1
       5
       5
       3
       2
       0
       3
       2
       0
       1
       2
       2
       3
       7
       4
       3
       0
       2
       5
       4
       1
       6
       3
       2
       4
       5
       2
       4
       3
       1
       2
       2
       3
       1
       1
       3
       5
       7
       0
       4
       6
       2
       2
       4
       5
       5
       1
       5
       1
       7
       5
       4
       5
       4
       8
       4
       3
       5
       0
       7
       1
       3
       4
       7
       3
       4
       7
       1
       2
       0
       2
       4
       2
       3
       1
       7
       0
       2
       3
       6
       2
       3
       5
       1
       2
       1
       3
       2
       3
       6
       4
       3
       3
       2
       2
       2
       1
       2
       2
       4
       7
       3
       2
       3
       3
       6
       3
       1
       1
       4
       1
       6
       2
       4
       2
       4
       3
       4
       1
       3
       1
       2
       4
       2
       3
       7
       4
       1
       2
       2
       0
       1
       3
       2
       3
       1
       6
       4
       2
       2
       3
       1
       3
       2
       4
       3
       4
       3
       4
       4
       1
       3
       5
       3
       0
       5
       3
       3
       2
       4
       4
       3
       6
       1
       1
       4
       3
       1
       4
       2
       4
       2
       5
       1
       2
       3
       2
       1
       6
       8
       5
       1
       3
       5
       5
       0
       3
       0
       3
       1
       1
       4
       4
       5
       7
       6
       3
       0
       2
       3
       3
       2
       3
       2
       1
       1
       4
       2
       5
       2
       4
       5
       1
       0
       6
       1
       1
       2
       2
       2
       5
       2
       2
       6
       6
       5
       2
       4
       4
       1
       2
       6
       1
       3
       2
       4
       2
       1
       2
       3
       5
       3
       4
       3
       3
       3
       3
       3
       6
       5
       2
       0
       5
       1
       6
       2
       3
       6
       4
       5
       5
       3
       1
       1
       1
       2
       3
       5
       3
       1
       1
       5
       3
       5
       3
       3
       3
       1
       0
       3
       3
       4
       3
       5
       2
       3
       5
       2
       3
       1
       1
       0
       4
       7
       3
       2
       0
       4
       3
       2
       4
       3
       2
       8
       2
       1
       4
       4
       5
       1
       4
       3
       3
       5
       5
       3
       5
       3
       4
       2
       5
       1
       3
       0
       3
       1
       3
       3
       4
       3
       4
       2
       1
       1
       5
       2
       2
       3
       4
       5
       1
       2
       1
       5
       2
       4
       1
       1
       3
       2
       0
       1
       3
       1
       4
       6
       3
       3
       5
       3
       4
       3
       2
       2
       1
       2
       2
       5
       0
       4
       1
       2
       4
       0
       3
       2
       1
       5
       1
       2
       2
       2
       1
       0
       0
       0
       4
       3
       6
       1
       3
       2
       4
       3
       3
       3
       4
       2
       8
       3
       3
       2
       3
       4
       4
       2
       6
       5
       3
       1
       1
       6
       2
       1
       3
       4
       1
       4
       4
       2
       3
       3
       5
       3
       4
       4
       5
       4
       3
       2
       4
       4
       2
       1
       5
       2
       3
       4
       3
       0
       5
       5
       3
       4
       4
       3
       2
       2
       3
       4
       4
       1
       3
       3
       4
       1
       4
       4
       2
       4
       1
       6
       6
       4
       1
       3
       2
       6
       4
       0
       2
       3
       3
       4
       5
       1
       0
       2
       3
       3
       1
       2
       0
       4
       2
       4
       1
       5
       3
       0
       2
       5
       3
       4
       2
       3
       3
       4
       3
       0
       0
       2
       1
       2
       1
       4
       0
       3
       1
       1
       6
       2
       2
       3
       4
       3
       1
       0
       0
       3
       2
       2
       6
       2
       4
       1
       5
       5
       2
       4
       2
       0
       4
       4
       3
       4
       4
       0
       3
       3
       3
       2
       5
       1
       4
       4
       0
       3
       1
       2
       4
       2
       4
       1
       2
       0
       2
       1
       2
       3
       4
       2
       3
       2
       3
       4
       3
       3
       5
       3
       0
       2
       4
       3
       3
       4
       2
       6
       3
       2
       2
       1
       2
       1
       3
       2
       6
       4
       2
       3
       5
       5
       1
       3
       1
       1
       2
       3
       1
       3
       2
       2
       5
       5
       2
       2
       4
       2
       1
       0
       1
       0
       3
       3
       7
       1
       4
       1
       2
       1
       1
       4
       1
       3
       0
       2
       2
       2
       3
       5
       0
       6
       2
       3
       1
       6
       3
       3
       4
       7
       4
       2
       2
       2
       2
       1
       3
       2
       1
       2
       2
       2
       3
       2
       1
       0
       5
       2
       2
       1
       5
       6
       4
       1
       1
       1
       2
       3
       4
       1
       2
       3
       2
       2
       0
       4
       0
       2
       2
       3
       0
       2
       2
       2
       3
       1
       2
       2
       3
       1
       0
       3
       5
       3
       4
       0
       3
       1
       2
       2
       5
       6
       2
       1
       1
       2
       4
       7
       2
       0
       2
       5
       4
       1
       2
       1
       1
       0
       1
       3
       2
       1
       1
       5
       3
       2
       3
       4
       1
       3
       3
       2
       0
       6
       4
       1
       5
       4
       0
       1
       1
       4
       1
       5
       4
       1
       2
       2
       2
       2
       3
       3
       5
       4
       2
       5
       1
       4
       3
       2
       1
       2
       2
       2
       2
       5
       3
       2
       2
       2
       1
       0
       0
       3
       0
       5
       0
       1
       2
       3
       4
       4
       1
       1
       1
       1
       3
       3
       3
       0
       5
       7
       4
       4
       3
       1
       3
       3
       2
       4
       5
       2
       5
       3
       3
       3
       1
       4
       3
       2
       3
       0
       0
       1
       0
       1
       0
       3
       0
       1
       5
       2
       3
       2
       4
       2
       3
       3
       4
       3
       6
       2
       2
       2
       4
       3
       0
       0
       2
       2
       2
       0
       4
       5
       2
       5
       2
       2
       3
       1
       1
       1
       2
       2
       5
       2
       4
       2
       0
       0
       0
       0
       0
       0
       0
       0
       0
       0
       0
       0
       0
       0
       0
       0
       0
       0
       0
       0
       0
       0
       0
       0
       0
       0
       0
       0
       0
       0
       0
       0
       0
       0
       0
       0
       0
       0
       0
       0
       0
       0
       0
       0
       0
       0
       0
       0
       0
       0
       0
       0
       0
       0
       0
       0
       0
       0
       0
       0
       0
       0
       0
       0
       0
       0
       0
       0
       0
       0
       0
       0
       0
       0
       0
       0
       0
       0
       0
       0
       0
       0
       0
       0
       0
       0
       0
       0
       0
       0
       0
       0
       0
       0
       0
       0
       0
       0
       0
       0
       0
       0
       0
       0
       0
       0
       0
       0
       0
       0
       0
       0
       0
       0
       0
       0
       0
       0
       0
       0
       0
       0
       0
       0
       0
       0
       0
       0
       0
       0
       0
       0
       0
       0
       0
       0
       0
       0
       0
       0
       0
       0
       0
       0
       0
       0
       0
       0
       0
       0
       0
       0
       0
       0
$ROI:
0
$PRESETS:
None
0
0
$ENER_FIT:
0.000000 0.000000
$MCA_CAL:
3
0.000000E+000 0.000000E+000 0.000000E+000 
$SHAPE_CAL:
3
0.000000E+000 0.000000E+000 0.000000E+000
