$SPEC_ID:
No sample description was entered.
$SPEC_REM:
DET# 1
DETDESC# SCE-SOPA-00035 MCB 133
AP# Maestro Version 7.01
$DATE_MEA:
11/14/2019 16:17:08
$MEAS_TIM:
79312 79314
$DATA:
0 4095
       0
       0
       0
       0
       1
       0
       0
       0
       0
       0
       0
       0
       0
       0
       0
       0
       0
       1
       1
       1
       0
       0
       0
       2
       3
       7
      40
     156
      58
      74
     334
     374
     371
     416
     387
     367
     361
     372
     363
     382
     345
     356
     388
     362
     376
     428
     592
     620
     514
     385
     322
     341
     359
     406
     396
     384
     346
     347
     319
     344
     354
     367
     432
     619
     700
     540
     353
     346
     336
     368
     362
     373
     348
     350
     327
     366
     373
     361
     406
     377
     346
     356
     330
     379
     375
     394
     376
     378
     346
     337
     357
     432
     657
     927
     857
     526
     371
     310
     329
     364
     375
     331
     340
     375
     347
     329
     331
     384
     339
     382
     370
     393
     352
     387
     396
     417
     365
     372
     386
     369
     374
     390
     395
     373
     354
     407
     364
     353
     360
     375
     393
     378
     363
     397
     376
     360
     378
     404
     401
     391
     317
     381
     386
     401
     414
     396
     381
     375
     388
     360
     362
     379
     353
     363
     353
     374
     353
     367
     358
     355
     401
     386
     358
     345
     375
     372
     333
     339
     348
     351
     335
     366
     350
     351
     316
     307
     329
     359
     314
     356
     311
     336
     357
     305
     351
     362
     447
     518
     490
     368
     343
     363
     294
     291
     321
     321
     339
     303
     309
     313
     349
     296
     291
     295
     316
     300
     293
     323
     297
     276
     305
     317
     300
     295
     240
     243
     285
     305
     283
     299
     278
     282
     291
     233
     281
     275
     275
     263
     296
     271
     284
     267
     251
     256
     254
     229
     240
     249
     248
     300
     315
     328
     245
     268
     241
     236
     265
     225
     232
     247
     220
     219
     244
     214
     222
     226
     206
     219
     214
     243
     247
     207
     232
     214
     211
     194
     208
     206
     185
     192
     180
     218
     207
     219
     208
     187
     221
     214
     203
     187
     229
     187
     195
     173
     202
     175
     188
     190
     194
     173
     183
     172
     178
     191
     200
     199
     188
     180
     180
     167
     206
     159
     182
     167
     186
     185
     158
     165
     162
     183
     176
     167
     173
     183
     191
     160
     167
     172
     146
     168
     155
     183
     162
     187
     154
     170
     136
     135
     156
     156
     137
     170
     140
     161
     165
     144
     167
     171
     159
     181
     170
     184
     144
     155
     154
     154
     137
     144
     170
     151
     133
     119
     137
     139
     158
     173
     119
     147
     110
     131
     130
     151
     139
     137
     128
     135
     143
     122
     123
     131
     128
     118
     117
     138
     131
     140
     120
     138
     125
     117
     133
     154
     135
     131
     123
     123
     108
     113
     117
     108
     134
     135
     115
     128
     124
     136
     118
     114
     120
      93
     120
     120
     153
     111
     132
      95
     110
     113
     119
      95
     111
     140
     107
     111
     124
     134
      96
     112
     134
     107
     113
     110
     111
     116
     118
     107
     109
     107
     106
      89
     112
     108
     102
      90
     110
     100
     101
     118
     111
     113
     114
     113
     106
      98
      83
     106
     106
     115
      90
     106
      97
      87
     113
      91
      94
     101
     125
     110
     108
     109
      84
     113
      86
     103
      72
     105
     100
      92
      99
      98
      94
      79
      91
      86
      78
      92
     102
      86
      90
      84
      90
     117
      98
      94
      97
      89
      86
      80
      91
      89
      94
      89
     106
      93
      83
      74
      95
      83
     100
      79
      82
      78
      73
      91
      98
      87
      89
      78
     102
     100
     105
     162
     261
     378
     347
     291
     183
     116
      99
      90
      85
      75
      74
      82
      86
      92
      84
      77
      82
      80
      76
      80
      69
      73
      86
      84
      72
      76
      93
      96
      93
      77
      76
      67
      86
      74
      59
      75
      91
      83
      97
      76
      72
      86
      73
      64
      89
      89
      70
      79
      84
      82
      68
      77
      75
      90
      85
      66
      84
      67
      83
      88
      86
      82
      83
      71
      76
      84
      65
      74
      68
      57
      84
      79
      71
      83
      80
      73
      75
      67
      81
      72
      80
      67
      71
      74
      70
      77
      79
      82
      80
      68
      56
      80
      99
      75
      75
      86
      82
      68
      87
      59
      78
      90
      72
      68
      80
      87
      79
      75
      45
      71
      71
      62
      69
      77
      64
      65
      58
      59
      56
      68
      48
      77
      67
      76
      75
      69
      65
      59
      56
      66
      61
      54
      77
      66
      63
      61
      58
      49
      53
      61
      62
      64
      75
      81
      61
      55
      64
      72
      61
      68
      63
      71
      73
      87
      70
      70
      46
      65
      61
      67
      68
      79
      68
      55
      62
      73
      76
      60
      72
      55
      62
      66
      65
      65
      52
      73
      68
      66
      45
      59
      60
      70
      75
      64
      60
      85
      75
      57
      70
      62
      65
      72
      70
      67
      61
      73
      70
      65
      69
      54
      56
      61
      67
      55
      77
      51
      52
      55
      60
      53
      50
      69
      62
      57
      61
      59
      59
      65
      67
      68
      65
      41
      47
      49
      51
      56
      53
      58
      57
      68
      53
      58
      61
      50
      51
      60
      64
      54
      53
      62
      54
      52
      48
      56
      57
      57
      62
      55
      37
      56
      51
      50
      61
      53
      46
      44
      65
      65
      60
      70
      66
      64
      54
      58
      55
      53
      55
      48
      47
      55
      47
      41
      53
      63
      53
      54
      54
      42
      40
      43
      36
      47
      56
      46
      48
      38
      67
      43
      46
      46
      43
      52
      58
      51
      35
      62
      55
      34
      48
      43
      60
      43
      46
      53
      55
      56
      45
      50
      48
      46
      49
      48
      47
      50
      62
      49
      40
      40
      53
      50
      53
      55
      51
      35
      49
      47
      54
      48
      50
      44
      45
      53
      69
      62
      43
      44
      42
      60
      62
      52
      50
      57
      34
      58
      59
      44
      47
      51
      51
      48
      50
      53
      39
      43
      49
      50
      46
      49
      44
      53
      46
      53
      50
      53
      43
      47
      46
      54
      55
      46
      44
      43
      50
      52
      54
      48
      36
      43
      40
      50
      50
      39
      37
      45
      39
      40
      44
      52
      39
      39
      41
      40
      49
      45
      52
      43
      50
      37
      35
      36
      41
      50
      43
      62
      51
      50
      53
      36
      43
      40
      34
      50
      43
      49
      42
      43
      42
      38
      39
      42
      44
      48
      42
      35
      49
      42
      43
      37
      50
      40
      41
      36
      53
      41
      44
      44
      40
      40
      43
      41
      36
      50
      43
      37
      41
      43
      43
      44
      50
      37
      36
      29
      43
      37
      50
      44
      46
      44
      51
      48
      51
      65
      32
      49
      47
      40
      30
      34
      41
      48
      35
      41
      38
      42
      43
      34
      44
      30
      44
      35
      43
      42
      38
      33
      39
      34
      41
      33
      34
      47
      48
      48
      49
      50
      40
      41
      39
      34
      33
      52
      41
      38
      38
      40
      44
      48
      40
      34
      57
      37
      30
      30
      42
      29
      31
      38
      41
      38
      34
      43
      33
      46
      32
      33
      35
      45
      24
      33
      30
      33
      31
      34
      42
      30
      36
      36
      35
      44
      37
      34
      45
      28
      46
      35
      30
      36
      39
      43
      33
      38
      28
      26
      33
      35
      32
      28
      36
      40
      33
      27
      31
      37
      25
      40
      28
      38
      32
      32
      38
      41
      36
      31
      36
      24
      25
      37
      32
      33
      31
      52
      31
      22
      35
      38
      36
      26
      33
      34
      36
      30
      33
      37
      33
      38
      39
      35
      40
      34
      45
      37
      44
      27
      32
      23
      30
      33
      28
      31
      38
      33
      35
      40
      37
      39
      44
      28
      42
      46
      28
      36
      23
      37
      24
      32
      29
      21
      22
      30
      33
      30
      26
      24
      32
      28
      29
      22
      31
      39
      36
      26
      32
      24
      25
      29
      32
      28
      31
      28
      33
      32
      35
      33
      26
      39
      30
      34
      29
      25
      39
      33
      34
      26
      32
      29
      27
      24
      32
      30
      20
      33
      34
      24
      32
      39
      32
      32
      36
      29
      22
      20
      27
      43
      27
      24
      27
      28
      28
      30
      30
      37
      34
      27
      26
      16
      31
      26
      26
      19
      22
      27
      28
      28
      43
      26
      29
      28
      23
      30
      25
      24
      34
      35
      25
      28
      30
      23
      28
      20
      28
      34
      34
      28
      29
      16
      30
      28
      27
      30
      29
      17
      35
      20
      31
      36
      17
      35
      29
      31
      34
      25
      19
      16
      27
      24
      23
      31
      19
      19
      24
      22
      30
      25
      24
      20
      28
      28
      25
      18
      17
      26
      20
      25
      19
      25
      19
      16
      32
      23
      30
      20
      24
      26
      28
      23
      20
      20
      24
      18
      18
      27
      18
      25
      23
      26
      28
      24
      16
      16
      24
      31
      19
      23
      18
      25
      21
      24
      26
      24
      21
      26
      26
      21
      28
      31
      13
      19
      22
      22
      26
      21
       9
      24
      26
      25
      16
      17
      16
      21
      24
      30
      28
      22
      14
      12
      17
      31
      19
      25
      16
      11
      26
      22
      16
      16
      14
      18
      22
      26
      21
      19
      17
      24
      20
      19
      21
      18
      23
      23
      19
      24
      16
      24
      18
      21
      23
      22
      20
      19
      16
      20
      14
      26
      22
      26
      26
      18
      16
      15
      19
      24
      21
      20
      22
      19
      21
      16
      24
      24
      21
      29
      21
      26
      12
      26
      20
      24
      20
      33
      15
      13
      17
      22
      10
      15
      18
      18
      12
      16
      23
      19
      22
      20
      20
      26
      25
      17
      20
      14
      27
      24
      16
      19
      27
      13
      20
      22
      21
      29
      19
       9
      20
      15
      13
      20
      18
      16
      17
      23
      15
      18
      17
      23
      22
      20
      23
      18
      19
      13
      13
      12
      14
      20
      11
      17
      20
      13
      27
      14
      20
      18
      14
      29
      20
      60
      97
     121
     116
      52
      33
      19
      21
      15
      18
      22
      17
      15
      15
      17
      19
      16
      10
      21
      10
      15
      22
      16
      15
      16
      15
      19
      11
      13
      17
      13
      14
      16
      16
       5
      15
      16
      17
      13
      14
      15
      15
       8
      16
      13
      19
      26
      13
      20
      13
      13
      15
      19
      19
      15
      15
      13
      14
      15
      18
       9
      17
       9
      12
      16
      15
      20
      11
      11
      17
      15
      14
       9
      13
      15
      13
      13
      12
       9
      16
      12
       9
      13
      11
      14
      10
      11
      16
      10
      13
      14
       8
      18
      19
      12
      16
      21
      15
      16
      17
      10
      19
      13
      16
      19
      16
      12
      15
      14
      16
      13
      13
      18
      13
      18
      19
      11
       3
      15
      13
      11
      19
      11
      12
      10
      16
      18
      11
      17
      14
      16
      11
       9
       9
      18
      17
      20
      13
      10
      10
      14
      14
      16
       9
      13
      14
      12
       6
      14
      16
      15
      12
      15
      15
      15
      11
      11
      11
      15
      12
      12
      15
      12
      12
      16
      13
      10
      16
       9
       7
      22
      14
      21
       9
      11
      10
      15
       6
       9
      12
      12
       9
      16
      15
      10
      11
       9
      16
      17
       8
      14
      12
      10
      14
       7
      12
      14
      19
       5
      11
      14
      17
      11
       7
      12
      19
      11
       6
      16
       8
      17
      17
      13
      15
       9
      16
      15
       7
       9
      13
      13
       9
      12
       9
      11
      14
      10
      14
       9
      11
       7
      12
      16
       6
       9
      10
       8
      11
      12
      14
       6
       6
       9
      11
      15
      11
       7
      19
      13
      10
      11
       8
      11
      10
      10
       4
      14
      12
       6
      15
      10
       7
      11
       7
      11
      11
       8
       5
      12
      11
      15
      13
       9
      11
      15
      10
      12
       8
      12
      15
       7
      13
      12
       9
       6
      10
      15
       7
       8
       7
       9
       9
      14
       6
      16
      13
       4
      16
       9
      10
       8
      12
      11
      17
      12
      18
      24
      14
       9
      16
      11
       8
      12
      11
      10
       4
      13
       3
      10
       3
      10
       7
      10
      10
       9
      18
       9
       8
       9
      11
       7
      17
      18
       3
      10
      13
      11
      10
      12
       7
      12
       5
      10
      11
      10
       4
       7
       7
      12
      13
       9
       9
       2
       5
      10
       8
       9
       8
      11
       9
      10
      11
       9
       2
       7
       8
      11
      13
       4
       7
      10
      13
       8
      13
       9
      14
      12
       6
      13
      10
       5
       7
       7
       3
       5
       4
       7
       7
      10
       7
       4
      16
       7
       9
       3
       7
       7
       4
       7
       8
      10
       9
      10
       8
       8
      14
      10
       9
       6
       9
       3
      10
       7
       9
      12
      11
       5
      12
       8
       7
       8
      10
       9
       6
       7
       7
       7
       6
       7
       7
       8
       9
       2
       7
       6
       5
      10
       6
      11
       9
      11
       9
       9
      11
       6
       8
      12
       6
       3
       5
      10
       7
       6
       8
       7
       4
       9
      15
      11
       7
       8
       8
      12
       5
       9
       6
      11
      12
       8
      13
       6
      14
       8
       4
       4
       5
       8
       5
       9
      13
       9
       9
       2
       6
       8
       8
       5
       4
       8
       8
       4
       5
       7
       9
       6
      10
       5
      13
       6
      10
       6
       6
       7
       4
       4
      11
       9
       8
       7
       9
       5
      14
       8
       9
       5
       8
       7
       4
       7
       7
       8
       8
      10
       7
      13
       5
       9
       3
       6
       4
       6
      13
       4
      10
       7
       4
       9
       2
       6
       5
       9
       4
       7
       6
       7
       7
       7
       9
       6
       8
       9
       5
       5
       8
       3
       8
       8
       9
      11
      12
       9
       9
       6
       6
       5
       2
       6
       5
       7
       7
       4
       8
       7
       6
       8
       5
       9
       6
       9
       4
       5
       8
       4
       7
       8
       7
       6
       5
       9
       4
       7
       7
       4
       6
       6
       2
       8
       9
       7
       5
      10
       3
       6
       9
       5
       8
       7
       6
       6
       4
       7
       8
       4
       7
       7
       8
       6
       3
      11
       8
       7
       7
       4
       6
       8
       3
       7
       6
       5
       6
       7
      10
      11
       5
       9
       8
       8
       5
       8
       9
       7
       4
       8
      10
      10
      11
       7
       6
      10
      10
       4
       4
       5
      10
       7
       7
       6
       9
       8
       5
       4
       8
       7
       8
       3
       7
       6
       5
      10
       6
       6
       4
       7
       7
       9
       6
       9
       7
       5
       5
       2
       4
       3
       9
       5
       6
       8
       5
       7
       4
       8
       3
       2
      14
       4
       7
       1
       7
       6
       3
       6
       7
       4
      10
       8
      11
      13
       7
       9
       2
      14
       5
       8
       2
      12
       4
       5
       2
       5
       6
       6
       6
       7
       4
       4
       9
       6
       8
       2
       5
       0
       4
      10
       7
       4
       6
       6
       4
      10
       7
       6
       1
       6
       7
       7
       6
       6
       5
       9
      13
       7
       3
       8
       3
       4
       2
       7
      11
       8
       4
       8
       8
       6
       6
       4
       7
       0
      10
       7
       4
      12
       6
       6
       3
       8
       5
       4
       8
       6
       6
       5
       3
       6
       6
      10
       8
       9
       6
       7
       9
       7
       8
       8
       7
       4
       8
       8
       5
       6
       9
       5
      11
       5
       5
       6
       5
       5
       5
       6
       8
       9
       7
       8
       6
       4
       4
       6
       9
       5
       6
       8
       6
       8
       5
       4
       8
       3
       6
       2
       2
       9
       6
       7
       5
       5
       5
       2
       6
       7
       4
      11
       3
       7
       5
       8
       4
       6
       6
       7
       4
       6
       9
       7
       7
       7
       6
       3
       3
       5
       5
       6
       5
       5
       8
       4
       9
       3
       4
      10
       4
       4
       7
       5
       6
       6
      10
       5
      11
       2
       3
       5
       4
       3
       5
       1
       5
       9
       7
       3
       5
       3
       4
       6
       1
       4
       5
       3
       6
       5
       1
       4
       5
       7
       4
       4
       2
       5
       5
       3
      10
       2
       6
       5
       3
       6
       2
       4
      12
       4
       7
       4
       3
       4
       6
       6
       4
       6
       3
       3
       3
       4
       6
       4
       6
       4
       7
       8
       4
       4
       7
       3
       5
       3
       5
       3
       3
       3
       4
       2
       4
       3
       7
       3
       3
       6
       6
       4
       6
       7
       2
       6
       2
      10
       1
       0
       5
       9
       3
       9
       6
       6
       2
       5
       4
       3
       5
       4
       4
       6
       3
       7
       2
       2
       3
       1
       5
       3
       3
       3
       3
       4
       8
       4
       7
       2
       3
       7
       6
       5
       1
       4
       7
       5
       3
       5
       1
       6
       2
       4
       6
       7
       8
       1
       4
       5
       2
       6
       2
       0
       3
       3
       5
       6
       3
       6
       4
       4
       8
       4
       6
       2
      11
       6
       6
       9
       6
       3
       6
       3
       3
       3
       0
       2
       7
       6
       6
       6
       4
       6
       3
       5
       4
       3
       4
       5
       2
       3
       5
       8
       8
       5
       2
       3
       4
       4
       0
       1
       7
       7
       5
       6
       7
       3
       3
       4
       4
       6
       2
       6
       4
       3
       4
       1
       5
       2
       0
       1
       3
       4
       4
       3
       4
       2
       3
       6
       5
       2
       3
       4
       3
       5
       3
       1
       2
       6
       6
       2
       3
       8
       2
       3
       3
       3
       6
       3
       8
       7
       3
       3
       2
       3
       4
       3
       0
       4
       5
       5
       4
       4
       3
       2
       4
       4
       5
       3
       0
       3
       3
       3
       4
       4
       5
      10
       3
       6
       8
       5
       4
       3
       2
       2
       4
       1
       2
       3
      11
      14
       7
      20
      22
      36
      33
      30
      14
       1
       2
       2
       4
       2
       2
       2
       3
       2
       3
       4
       4
       1
       2
       1
       2
       7
       3
       1
       4
       3
       1
       2
       2
       3
       5
       4
       4
       3
       3
       4
       0
       7
       4
       8
       4
       5
       5
       2
       4
       2
       3
       4
       1
       4
       5
       2
       1
       2
       2
       2
       1
       2
       6
       6
       1
       2
       4
       5
       3
       4
       3
       1
       5
       5
       4
       2
       8
       3
       4
       6
       1
       4
       1
       5
       3
       2
       6
       3
       6
       2
       5
       2
       2
       5
       1
       3
       1
       2
       4
       3
       5
       2
       1
       2
       4
       4
       0
       5
       8
       5
       1
       7
       3
       4
       5
       3
       1
       2
       2
       2
       3
       4
       2
       0
       7
       4
       4
       5
       5
       6
       2
       4
       6
       6
       3
       8
       3
       3
       3
       7
       2
       4
       3
       2
       0
       6
       3
       2
       1
       5
       1
       3
       2
       1
       5
       2
       6
       6
       1
       2
       5
       2
       4
       2
       3
       2
       3
       2
       4
       2
       2
       3
       4
       3
       4
       1
       4
       7
       1
       5
       1
       5
       0
       1
       5
       5
       3
       3
       0
       2
       7
       3
       5
       4
       3
      10
       1
       2
       4
       3
       5
       2
       5
       2
       0
       6
       3
       3
       1
       2
       3
       2
       5
       2
       3
       3
       2
       2
       3
       5
       0
       2
       5
       3
       4
       2
       1
       2
       2
       3
       3
       2
       5
       2
       5
       6
       2
       1
       2
       2
       2
       4
       2
       1
       0
       5
       1
       2
       3
       2
       0
       4
       2
       3
       2
       2
       1
       1
       3
       4
       3
       2
       3
       4
       3
       3
       0
       3
       3
       3
       4
       0
       2
       5
       1
       6
       1
       3
       4
       2
       2
       0
       2
       5
       1
       1
       5
       3
       3
       1
       3
       2
       5
       6
       5
       1
       3
       2
       7
       4
       1
       4
       3
       2
       3
       2
       4
       6
       3
       4
       1
       1
       2
       1
       6
       5
       0
       3
       2
       2
       3
       1
       1
       1
       1
       4
       2
       4
       3
       4
       4
       3
       4
       3
       2
       5
       4
       4
       2
       3
       3
       6
       2
       5
       1
       1
       3
       1
       4
       1
       3
       4
       4
       5
       3
       2
       1
       2
       4
       7
       2
       4
       3
       3
       8
       2
       1
       4
       6
       1
       4
       3
       5
       3
       2
       5
       3
       5
       0
       3
       3
       2
       2
       5
       3
       2
       2
       3
       1
       2
       1
       3
       7
       3
       2
       4
       2
       4
       3
       1
       2
       0
       4
       0
       2
       5
       1
       1
       1
       3
       1
       3
       4
       3
       2
       1
       1
       3
       0
       3
       2
       0
       4
       3
       1
       1
       3
       4
       1
       4
       3
       5
       1
       2
       0
       3
       0
       2
       1
       5
       1
       1
       3
       0
       2
       1
       1
       2
       4
       2
       3
       3
       4
       2
       3
       4
       3
       1
       2
       4
       1
       2
       2
       4
       4
       0
       5
       3
       5
       1
       3
       2
       3
       2
       2
       2
       1
       1
       3
       2
       2
       2
       4
       2
       4
       1
       2
       3
       1
       4
       0
       1
       1
       3
       0
       0
       3
       4
       1
       3
       4
       2
       2
       2
       2
       4
       3
       3
       6
       2
       2
       3
       1
       2
       5
       4
       5
       4
       1
       1
       2
       3
       4
       1
       6
       2
       1
       3
       0
       1
       0
       2
       4
       2
       1
       5
       4
       2
       5
       6
       4
       3
       2
       3
       4
       3
       3
       2
       1
       2
       2
       2
       3
       3
       3
       0
       3
       1
       1
       1
       0
       0
       1
       4
       2
       2
       4
       0
       9
       2
       2
       1
       3
       2
       2
       1
       1
       4
       1
       3
       4
       4
       4
       0
       4
       2
       3
       1
       2
       5
       4
       5
       0
       2
       5
       1
       3
       3
       4
       1
       4
       0
       4
       0
       0
       2
       3
       2
       2
       3
       0
       2
       5
       2
       4
       1
       0
       2
       2
       3
       1
       1
       2
       2
       6
       1
       2
       3
       2
       1
       4
       0
       6
       2
       1
       2
       4
       2
       2
       1
       1
       2
       1
       3
       2
       2
       3
       5
       1
       5
       1
       5
       2
       4
       1
       3
       2
       0
       2
       3
       0
       2
       1
       2
       1
       1
       2
       2
       5
       6
       3
       5
       4
       3
       1
       1
       1
       5
       3
       1
       1
       0
       4
       2
       3
       4
       1
       1
       3
       2
       1
       3
       0
       3
       2
       3
       4
       2
       2
       1
       0
       5
       4
       5
       4
       4
       6
       2
       4
       2
       3
       2
       3
       2
       1
       0
       1
       1
       3
       4
       3
       2
       2
       2
       1
       0
       0
       2
       3
       2
       1
       2
       1
       4
       6
       4
       1
       1
       4
       2
       3
       2
       0
       2
       1
       3
       1
       1
       1
       3
       3
       1
       2
       6
       3
       2
       2
       2
       4
       1
       2
       1
       1
       2
       5
       4
       4
       1
       6
       5
       3
       3
       3
       1
       0
       3
       3
       2
       3
       3
       2
       2
       1
       3
       4
       2
       3
       1
       2
       3
       1
       2
       1
       1
       1
       2
       2
       5
       1
       2
       2
       5
       4
       1
       2
       3
       3
       2
       2
       2
       0
       5
       3
       2
       4
       5
       2
       2
       2
       0
       5
       0
       2
       3
       1
       2
       0
       1
       0
       4
       1
       1
       0
       2
       2
       3
       3
       2
       5
       3
       4
       1
       0
       2
       2
       4
       2
       4
       5
       1
       1
       3
       3
       0
       2
       3
       4
       1
       0
       5
       3
       1
       1
       0
       0
       7
       2
       4
       1
       4
       0
       1
       2
       2
       4
       2
       1
       2
       1
       0
       5
       1
       2
       1
       1
       4
       3
       2
       3
       0
       0
       1
       1
       0
       2
       3
       0
       2
       3
       1
       2
       2
       3
       3
       2
       4
       1
       1
       5
       2
       2
       4
       1
       1
       3
       2
       0
       3
       2
       2
       4
       1
       2
       3
       2
       2
       3
       2
       3
       2
       5
       0
       3
       2
       1
       2
       3
       5
       1
       2
       2
       5
       2
       2
       1
       0
       3
       1
       1
       2
       1
       4
       1
       1
       5
       4
       1
       0
       2
       3
       2
       1
       2
       1
       0
       3
       4
       0
       2
       4
       3
       3
       2
       4
       0
       1
       1
       3
       2
       1
       2
       3
       3
       0
       4
       5
       3
       4
       3
       2
       4
       0
       3
       4
       0
       1
       2
       1
       0
       1
       0
       3
       2
       1
       2
       1
       0
       0
       0
       2
       3
       1
       1
       1
       3
       0
       2
       1
       1
       3
       1
       1
       4
       1
       2
       3
       4
       2
       2
       2
       1
       4
       2
       0
       2
       0
       1
       3
       2
       1
       0
       2
       6
       2
       2
       2
       5
       2
       4
       3
       3
       2
       3
       4
       4
       2
       2
       1
       2
       2
       1
       4
       1
       1
       0
       0
       0
       5
       2
       4
       0
       4
       1
       3
       2
       2
       1
       3
       2
       2
       2
       2
       1
       1
       2
       3
       0
       4
       3
       3
       3
       1
       3
       3
       3
       1
       2
       2
       2
       1
       2
       4
       2
       0
       3
       0
       1
       3
       0
       2
       4
       2
       1
       1
       4
       2
       2
       1
       2
       1
       1
       0
       1
       3
       0
       4
       3
       3
       3
       1
       1
       1
       2
       3
       1
       2
       2
       2
       2
       1
       2
       2
       0
       5
       4
       2
       3
       3
       3
       4
       1
       3
       3
       4
       1
       2
       0
       3
       2
       1
       0
       3
       1
       4
       2
       2
       4
       1
       3
       3
       6
       2
       3
       1
       2
       1
       1
       3
       4
       1
       2
       6
       3
       2
       1
       3
       4
       2
       2
       0
       2
       2
       4
       1
       0
       0
       1
       1
       3
       2
       1
       2
       1
       1
       0
       0
       2
       0
       1
       1
       0
       2
       0
       2
       2
       1
       1
       4
       3
       1
       1
       3
       3
       0
       3
       2
       2
       1
       1
       1
       2
       1
       2
       3
       1
       3
       1
       2
       3
       5
       5
       4
       3
       1
       4
       2
       2
       2
       4
       0
       1
       1
       0
       4
       3
       1
       3
       5
       1
       3
       1
       1
       4
       1
       0
       5
       3
       4
       3
       3
       2
       1
       2
       2
       4
       2
       4
       3
       4
       5
       2
       3
       5
       3
       1
       3
       1
       5
       2
       3
       0
       3
       4
       2
       2
       3
       1
       2
       0
       2
       5
       4
       2
       3
       1
       6
       2
       4
       1
       2
       2
       1
       0
       0
       0
       1
       1
       0
       3
       0
       2
       0
       0
       0
       0
       0
       0
       0
       0
       0
       0
       0
       0
       0
       0
       0
       0
       0
       0
       0
       0
       0
       0
       0
       0
       0
       0
       0
       0
       0
       0
       0
       0
       0
       0
       0
       0
       0
       0
       0
       0
       0
       0
       0
       0
       0
       0
       0
       0
       0
       0
       0
       0
       0
       0
       0
       0
       0
       0
       0
       0
       0
       0
       0
       0
       0
       0
       0
       0
       0
       0
       0
       0
       0
       0
       0
       0
       0
       0
       0
       0
       0
       0
       0
       0
       0
       0
       0
       0
       0
       0
       0
       0
       0
       0
       0
       0
       0
       0
       0
       0
       0
       0
       0
       0
       0
       0
       0
       0
       0
       0
       0
       0
       0
       0
       0
       0
       0
       0
       0
       0
       0
       0
       0
       0
       0
       0
       0
       0
       0
       0
       0
       0
       0
       0
       0
       0
       0
       0
       0
       0
       0
       0
       0
       0
       0
       0
       0
       0
       0
       0
       0
       0
       0
       0
       0
$ROI:
0
$PRESETS:
None
0
0
$ENER_FIT:
0.000000 0.000000
$MCA_CAL:
3
0.000000E+000 0.000000E+000 0.000000E+000 
$SHAPE_CAL:
3
0.000000E+000 0.000000E+000 0.000000E+000
