$SPEC_ID:
No sample description was entered.
$SPEC_REM:
DET# 1
DETDESC# SCE-SOPA-00035 MCB 133
AP# Maestro Version 7.01
$DATE_MEA:
11/20/2019 16:19:20
$MEAS_TIM:
65090 65091
$DATA:
0 4095
       0
       0
       0
       0
       0
       1
       0
       0
       0
       0
       0
       0
       0
       0
       0
       0
       0
       0
       0
       2
       2
       2
       2
       4
       7
      10
      77
     189
      66
      89
     306
     315
     308
     339
     319
     280
     306
     312
     314
     302
     296
     300
     319
     271
     313
     335
     457
     512
     438
     345
     313
     280
     297
     302
     323
     318
     309
     303
     280
     274
     268
     329
     409
     494
     577
     447
     297
     267
     271
     284
     251
     310
     321
     317
     331
     332
     319
     321
     329
     301
     290
     297
     281
     285
     303
     341
     322
     312
     306
     281
     290
     341
     533
     701
     664
     476
     310
     304
     299
     280
     288
     275
     284
     324
     287
     272
     323
     291
     311
     337
     289
     350
     344
     326
     325
     304
     325
     320
     278
     309
     283
     301
     322
     334
     283
     319
     287
     293
     316
     300
     286
     288
     322
     307
     313
     315
     318
     284
     310
     303
     344
     307
     278
     328
     323
     328
     312
     295
     303
     293
     316
     322
     290
     307
     271
     312
     314
     314
     273
     281
     293
     290
     304
     276
     259
     305
     299
     307
     301
     267
     307
     266
     273
     259
     250
     271
     266
     250
     289
     301
     266
     256
     283
     266
     285
     293
     405
     476
     402
     286
     280
     263
     272
     257
     277
     257
     243
     261
     260
     264
     278
     271
     243
     261
     247
     243
     245
     252
     235
     282
     230
     223
     263
     235
     231
     237
     223
     228
     215
     206
     220
     247
     219
     205
     220
     224
     230
     232
     234
     228
     240
     182
     188
     219
     206
     196
     201
     232
     221
     216
     257
     266
     229
     212
     194
     208
     206
     192
     187
     187
     205
     154
     192
     170
     190
     168
     199
     187
     181
     182
     182
     163
     186
     180
     172
     156
     172
     150
     135
     174
     177
     185
     188
     172
     150
     171
     150
     175
     160
     175
     148
     173
     151
     165
     165
     155
     163
     160
     161
     187
     150
     178
     172
     166
     133
     129
     164
     189
     160
     159
     161
     157
     147
     146
     163
     157
     136
     139
     130
     153
     126
     134
     150
     138
     136
     136
     126
     132
     128
     114
     131
     126
     125
     140
     135
     124
     126
     133
     121
     125
     129
     143
     139
     115
     118
     141
     139
     133
     131
     109
     125
     138
     125
     108
     128
     127
     119
     133
     105
     106
     105
     119
      97
     149
     150
     139
     108
     124
     114
     106
     113
     121
      96
     124
     145
     103
     114
     101
     101
     107
      99
      98
      93
     110
      92
     106
     117
     115
      90
     105
      95
     115
      96
     107
      90
     108
     100
      81
     101
     106
     109
     100
      82
     110
     107
      89
      88
      90
      98
      87
      84
      97
     107
     112
      98
      99
      95
      93
     100
      96
      85
      93
      91
      92
      89
      90
      93
      88
      96
      96
      89
     102
      88
      82
      85
      81
      94
      87
      85
      78
      89
      83
      69
      87
      85
      92
      89
      88
      99
      83
      89
      96
      93
      87
     110
      64
      84
      65
      70
      80
      68
      90
      82
      95
      90
      74
      80
      76
      70
      71
      70
      83
      81
      59
      90
      72
      97
      72
      80
      83
      94
      75
     106
      83
      93
      68
      81
      75
      90
      77
      71
      64
      91
      89
      71
      65
      91
      74
      79
      85
      63
      65
      66
      78
      68
      86
      74
      72
      82
      71
      65
      75
      74
      80
      92
      81
      68
      58
      80
      67
      89
     126
     174
     242
     286
     263
     169
     113
      79
      74
      67
      62
      60
      69
      69
      51
      69
      79
      72
      72
      75
      64
      51
      76
      57
      61
      68
      66
      51
      62
      58
      66
      65
      63
      71
      73
      61
      60
      74
      77
      86
      52
      70
      60
      67
      69
      57
      63
      65
      61
      44
      66
      60
      59
      71
      55
      62
      73
      52
      56
      46
      50
      68
      67
      58
      57
      58
      57
      67
      54
      59
      65
      44
      64
      68
      81
      66
      74
      65
      55
      77
      75
      62
      62
      72
      56
      56
      64
      65
      66
      76
      61
      64
      55
      69
      70
      73
      67
      61
      58
      71
      71
      74
      63
      64
      60
      58
      72
      60
      63
      63
      64
      65
      63
      51
      47
      62
      49
      48
      64
      53
      48
      59
      44
      75
      58
      59
      49
      56
      53
      39
      63
      62
      50
      53
      62
      50
      46
      46
      48
      49
      56
      46
      49
      51
      58
      58
      34
      56
      57
      68
      61
      53
      65
      69
      42
      76
      51
      47
      48
      52
      54
      63
      38
      56
      59
      44
      54
      56
      69
      58
      53
      49
      51
      50
      48
      60
      59
      43
      40
      61
      65
      46
      45
      43
      54
      63
      56
      57
      70
      60
      58
      52
      54
      40
      57
      58
      59
      50
      54
      63
      57
      61
      35
      67
      61
      39
      53
      39
      35
      49
      58
      54
      50
      60
      47
      38
      51
      38
      43
      52
      38
      59
      59
      51
      43
      41
      46
      44
      56
      47
      55
      61
      47
      30
      41
      53
      45
      33
      48
      53
      50
      33
      40
      50
      41
      42
      53
      44
      42
      43
      47
      37
      39
      35
      47
      42
      56
      49
      48
      57
      47
      47
      57
      42
      45
      52
      50
      51
      35
      42
      38
      45
      36
      29
      52
      46
      40
      43
      43
      41
      47
      35
      52
      53
      33
      43
      43
      46
      35
      45
      50
      39
      43
      42
      54
      41
      39
      34
      35
      40
      36
      37
      34
      42
      40
      39
      41
      45
      45
      51
      46
      40
      33
      41
      43
      37
      33
      31
      36
      34
      50
      31
      38
      43
      46
      46
      41
      44
      38
      41
      39
      30
      32
      37
      30
      53
      39
      43
      39
      42
      40
      42
      38
      46
      48
      36
      26
      30
      37
      49
      33
      28
      31
      43
      47
      37
      46
      37
      35
      33
      31
      40
      36
      44
      39
      50
      44
      45
      34
      41
      30
      29
      41
      35
      49
      29
      43
      29
      40
      42
      27
      44
      23
      41
      36
      31
      30
      45
      41
      34
      31
      44
      30
      40
      30
      32
      29
      36
      33
      36
      31
      43
      25
      42
      42
      43
      51
      44
      34
      35
      33
      42
      34
      31
      37
      42
      28
      34
      32
      38
      35
      42
      27
      32
      26
      41
      37
      36
      49
      32
      37
      30
      41
      28
      27
      46
      35
      32
      40
      36
      32
      31
      33
      36
      30
      28
      31
      25
      30
      32
      31
      35
      25
      26
      31
      37
      33
      40
      30
      36
      25
      38
      47
      40
      54
      30
      28
      37
      38
      30
      37
      30
      30
      24
      36
      29
      26
      31
      31
      36
      34
      32
      34
      36
      35
      32
      31
      29
      27
      27
      33
      33
      34
      32
      37
      38
      34
      26
      29
      31
      29
      28
      31
      31
      42
      24
      41
      37
      24
      47
      31
      21
      33
      31
      32
      45
      31
      24
      24
      30
      27
      31
      33
      33
      35
      26
      21
      31
      32
      33
      33
      25
      24
      40
      34
      31
      28
      20
      29
      31
      35
      17
      35
      35
      29
      24
      25
      35
      30
      31
      27
      16
      28
      27
      23
      30
      18
      40
      24
      36
      23
      27
      32
      26
      19
      21
      27
      24
      27
      25
      23
      27
      22
      21
      19
      28
      21
      24
      31
      27
      20
      19
      25
      21
      17
      25
      32
      22
      34
      30
      23
      25
      34
      23
      30
      23
      33
      17
      26
      25
      22
      23
      24
      22
      22
      23
      28
      36
      30
      21
      42
      29
      29
      28
      34
      39
      26
      22
      26
      32
      14
      29
      14
      23
      28
      16
      25
      22
      30
      22
      39
      25
      29
      23
      22
      28
      25
      26
      26
      26
      17
      24
      29
      26
      17
      21
      20
      25
      19
      22
      31
      20
      31
      32
      25
      24
      22
      22
      29
      21
      26
      25
      31
      25
      31
      23
      22
      25
      27
      23
      21
      14
      25
      19
      25
      15
      15
      14
      22
      22
      24
      21
      31
      20
      30
      29
      21
      17
      26
      17
      11
      29
      13
      23
      22
      30
      18
      26
      25
      26
      24
      23
      27
      24
      19
      20
      28
      15
      25
      25
      20
      13
      24
      27
      17
      16
      22
      23
      28
      20
      21
      29
      21
      18
      29
      29
      16
      16
      17
      20
      26
      32
      23
      24
      20
      22
      27
      27
      22
      16
      25
      18
      22
      25
      23
      18
      18
      19
      19
      15
      18
      16
      16
      28
      13
      23
      29
      25
      15
      21
      18
      27
      25
      24
      26
      14
      24
      26
      17
      25
      13
      31
      12
      27
      20
      21
      22
      15
      16
      21
      21
      22
      24
      24
      16
      20
      21
      22
      22
      14
      25
      17
      24
      16
      23
      19
      19
      17
      19
      23
      22
      21
      12
      21
      21
      21
      25
      16
      22
      25
      11
      18
      20
      20
      22
      17
      12
      20
      18
      25
      18
      17
      24
      25
      24
      14
      20
      20
      23
      26
      14
      18
      19
      13
      14
      13
      26
      16
      24
      22
      17
      23
      16
      11
      17
      26
      16
      13
      25
      13
      13
      21
      16
      26
      20
      17
       9
      15
      11
      11
      13
      18
      14
      17
      18
      15
      12
      16
      14
      21
      20
      28
      15
      21
      19
      14
      13
      17
      20
      18
      20
      14
      18
      18
      17
      13
      16
      14
      12
       6
      17
      14
      17
      21
      14
      16
      16
      12
      15
      17
      18
      14
      19
      11
      16
      16
       9
      14
      12
      23
      11
      12
      20
      15
      13
      15
      19
      15
      14
      15
      18
      22
      15
      18
      17
      12
      11
      17
      17
      22
      11
      14
       9
      13
      15
      14
      17
      27
      24
      16
      23
      14
       5
       8
      16
      17
      17
      14
      16
      10
      11
      13
      13
      23
      28
      49
      73
      93
      69
      49
      21
      15
      12
      15
      21
      13
      13
      14
       9
      16
      16
      12
      14
      11
      15
       9
      13
      16
      14
      13
       7
      12
      12
      10
      17
      13
      11
      13
      21
      10
      11
      12
      13
      12
      10
      16
      14
      15
      10
      10
      15
      16
      12
      12
      19
      11
      17
      20
       7
       7
      16
       8
      16
      17
       9
      12
      10
      17
      14
      16
       7
      11
      14
      12
      12
       8
      16
      12
      10
       9
       7
      12
      20
       8
      11
      11
      14
      14
       8
       9
       9
      11
      15
      15
       8
      13
       9
      12
      19
      15
       9
      10
       9
      13
      12
       7
      10
      13
       7
      15
       8
      10
      18
       6
      14
      11
      21
      13
       6
      12
      15
       7
      12
      11
      15
      15
       9
       8
      16
       8
      11
      22
      12
      16
      16
      19
      10
      13
       9
      16
      14
      11
       6
       7
       9
      15
       9
       8
       8
       9
      13
      13
      12
      12
       6
      11
      13
       6
      16
      10
      11
       9
       9
      10
       8
       8
       9
      10
      11
      12
      17
       9
       7
      16
      10
       9
      12
      12
       9
      12
      18
      14
       9
      15
      11
       8
       8
       8
      11
      14
       3
       9
      14
       6
      13
      10
       8
      13
       6
      10
       9
      12
      10
      11
      10
       9
      17
      13
      15
       7
      11
      10
       9
      13
      10
       7
      11
      10
       8
      10
       7
      15
      11
       7
      12
       9
       9
       6
       7
      11
       3
       6
       2
       9
       9
       8
       9
       9
      11
      14
      10
       5
       8
      11
      11
      11
       7
       7
      11
       6
      11
       6
      10
       8
       9
      12
       8
       5
       8
       6
       9
       7
      10
      12
      12
       6
       7
       8
       6
       7
      11
       9
       5
      11
       9
      11
       9
       8
      10
      12
       5
       7
       7
       8
      19
       7
      14
       9
       5
       5
      10
       9
       7
      15
       8
      10
       2
      11
      11
       3
       7
       7
       8
      14
       8
       7
       9
       7
       8
       9
      12
      15
      18
      16
       4
      12
       5
       7
       8
      11
       9
       3
      12
       8
       5
       9
       8
       6
       4
       7
       4
       9
      10
       7
       5
       9
       6
       4
       5
       8
      10
       7
      11
       9
       8
      16
       6
       7
       9
       7
      14
       9
       9
       5
       8
       3
       8
      10
      11
       6
       6
       7
       6
       5
       7
       5
       7
      15
       5
      10
       9
       5
       8
       9
       8
       9
       7
       9
       5
       8
       5
       3
       5
      10
       5
       7
       6
       4
       9
       5
       9
       4
       8
       8
       6
       5
       9
       9
       5
       6
       4
       2
       9
      10
       9
      10
       5
       5
       6
       8
       3
       7
       6
       8
       8
       6
       7
       7
       3
       3
      15
      11
       8
       9
       6
       4
       4
       8
       7
       3
       6
       5
       6
       6
       3
       4
       4
       6
       5
       6
       4
       8
       7
      12
       5
       6
      11
       3
       5
       2
       4
       7
       4
      10
      10
       6
       2
       9
       6
       5
       6
       6
       8
       7
       7
       3
       2
       7
      11
       8
       8
       5
       5
       3
       2
       7
       5
       7
       6
       5
       5
       6
       4
      11
       5
      14
       8
       8
       2
       3
       4
       9
       7
       6
       8
       7
       4
       5
       5
       6
       5
       4
       8
       7
       3
       3
      13
       7
      11
       7
       7
       7
       8
       5
       8
      11
       5
       4
      13
       8
       3
       1
       3
       3
       8
       3
       4
       7
       9
       8
       6
       5
       5
       4
       6
       6
       5
       5
       5
       7
       4
      12
       8
       7
       5
       9
       2
       7
       5
       7
       5
       7
       5
       6
       0
       4
       8
       5
       3
       5
       3
       4
       8
       3
       8
       9
       3
      10
       9
       9
       8
       4
       7
       0
       4
       5
       3
       5
       3
      11
       6
       5
       3
       6
       4
       6
      12
       2
       8
       2
       5
       3
       5
       7
       4
       0
       7
       7
       4
       7
      10
       3
       7
       3
       5
       7
       5
       5
       6
       9
       8
       5
       3
       2
       4
       7
       7
       9
       4
       4
       6
       4
       4
       6
       9
       4
       8
       3
       8
       6
       9
       5
       6
       2
       5
       7
       7
       6
       7
       6
       7
       3
       6
       4
       8
       6
       8
       6
       4
       5
       7
      11
      15
       6
       6
       9
       4
       5
      10
       6
       5
       2
       8
       3
       0
       2
       5
       4
       2
       5
       5
       9
       2
       5
       6
       6
       6
       6
       7
       6
       3
       5
       4
       8
       3
       7
       5
       4
       7
       7
       8
       6
       3
       6
       2
       6
       6
       5
       7
       0
       5
       5
       4
       4
       5
       7
       8
       4
       3
       4
       6
       3
       5
       4
       3
       3
       1
       5
       2
       8
       2
       3
       2
       5
       7
       5
       4
       8
       1
       2
       2
       6
       4
       3
       3
       5
       5
       1
       4
       2
       7
       7
       7
       5
       4
       4
      10
       3
       4
       3
       4
      10
       8
      10
      11
       6
       7
       1
       4
       2
       4
       9
       6
       1
       2
       7
       4
      11
       5
       5
       3
       4
       2
       3
       4
       4
       4
       2
       4
       6
       5
       3
       5
       5
       2
       3
       7
       7
       7
       3
       4
       8
       4
       5
       3
       7
       6
       3
       4
       5
       4
       2
       2
       9
       2
       2
       3
       6
       3
       5
       3
       7
       4
       5
       5
       3
       5
       2
       5
       3
       4
       4
       9
       2
       7
       5
       7
       5
       5
       4
       5
       2
       3
       6
       7
       4
       7
       4
       2
       6
       5
       7
       5
       3
       5
       4
       1
       8
       8
       5
       6
       3
       5
       4
       4
       4
       6
       5
       3
       2
       3
       3
       3
       2
       6
       8
       3
       8
       3
       6
       5
       5
       1
       3
       5
       3
       4
       6
       6
       4
       4
       6
       6
       8
       2
       6
       4
       3
       7
       3
       4
       2
       4
       4
       3
       2
       4
       4
       6
       5
       6
       3
       6
       4
       5
       6
       6
       8
       2
       5
       5
       7
       3
       3
       3
       2
       2
       5
       8
       5
       2
       4
       1
       2
       3
       1
       3
       7
      11
       8
       7
       5
       2
       3
       4
       6
       5
       6
       3
       5
       4
       5
       2
       1
       2
       5
       0
       6
       7
      10
       1
       4
      10
       1
       3
       3
       3
       1
       8
       5
       6
       9
       5
       4
       3
       6
       2
       6
       2
       5
       2
       4
       4
       4
       4
       4
       2
       3
       3
       4
       4
       4
       4
       4
       6
       5
       4
       2
       5
       4
       2
       4
       1
       6
       1
       8
       5
       3
       6
       5
       5
       3
       8
       5
       4
       1
       7
       4
       3
       4
       4
       5
       2
       4
       2
       2
       3
       4
       1
       3
       4
       3
       4
       3
       3
       4
       4
       4
       4
       4
       8
       5
       2
       6
       5
       2
       2
       3
       4
       2
       4
       3
       2
       1
       5
       3
       3
       4
       5
       4
       1
       5
       3
       5
       2
       9
       2
       1
       2
       9
       2
       2
       3
       4
       2
       5
       6
       4
       1
       2
       5
       4
       5
       5
       2
       3
       1
       2
       5
       2
       3
       4
       3
       5
       3
       3
       1
       3
       5
       3
       2
       6
       2
       1
       1
       3
       3
       1
       2
       6
       3
       6
       7
       2
       3
       4
       3
       4
       4
       2
       0
       3
       5
       3
       0
       1
       5
       1
       1
       2
       3
       2
       5
       5
       1
       4
       2
       5
       3
       4
       2
       4
       4
       2
       5
       2
       2
       3
       3
       4
       6
       5
       1
       2
       5
       4
       2
       5
       2
       4
       2
       5
       2
       2
       2
       7
       4
       3
       7
       1
       4
       3
       5
      16
      29
      33
      26
      17
      15
      10
       3
       5
       0
       1
       2
       3
       0
       3
       7
       2
       3
       5
       2
       2
       4
       2
       1
       1
       0
       2
       3
       3
       4
       3
       4
       2
       0
       1
       1
       2
       2
       1
       4
       2
       1
       3
       4
       2
       2
       3
       3
       4
       4
       0
       2
       3
       3
       1
       3
       5
       3
       3
       1
       4
       0
       2
       2
       3
       1
       3
       2
       3
       3
       0
       4
       4
       2
       0
       1
       3
       5
       4
       3
       5
       0
       0
       1
       1
       1
       1
       0
       3
       3
       3
       1
       2
       1
       3
       1
       0
       3
       3
       4
       5
       1
       0
       2
       4
       5
       2
       2
       5
       3
       3
       4
       2
       2
       4
       3
       2
       4
       4
       3
       2
       4
       4
       1
       2
       2
       1
       1
       6
       2
       3
       3
       2
       4
       2
       3
       1
       2
       2
       1
       7
       3
       0
       1
       2
       3
       3
       4
       2
       2
       0
       0
       7
       3
       6
       0
       2
       1
       3
       5
       4
       3
       2
       0
       3
       6
       3
       0
       4
       2
       0
       3
       5
       2
       1
       1
       4
       1
       3
       1
       3
       4
       2
       2
       1
       1
       2
       1
       3
       2
       1
       2
       1
       3
       3
       2
       2
       3
       3
       1
       5
       2
       3
       2
       5
       2
       2
       2
       3
       5
       5
       1
       2
       2
       1
       4
       2
       3
       3
       3
       0
       4
       5
       3
       2
       0
       5
       2
       2
       2
       1
       1
       3
       2
       2
       2
       3
       4
       2
       2
       1
       2
       4
       4
       5
       3
       0
       4
       1
       1
       1
       1
       3
       2
       1
       2
       3
       2
       2
       2
       1
       3
       2
       6
       1
       1
       0
       2
       3
       3
       4
       4
       1
       3
       2
       3
       3
       0
       1
       1
       6
       6
       3
       0
       2
       2
       1
       2
       2
       2
       5
       1
       4
       0
       3
       2
       3
       1
       5
       0
       2
       4
       1
       0
       3
       5
       2
       3
       0
       1
       2
       0
       2
       0
       1
       6
       2
       1
       2
       1
       0
       1
       2
       1
       4
       2
       1
       1
       3
       3
       4
       4
       4
       2
       1
       2
       0
       0
       2
       1
       3
       2
       3
       2
       2
       2
       5
       0
       0
       0
       1
       3
       1
       1
       1
       0
       2
       2
       3
       1
       3
       3
       1
       1
       2
       2
       1
       1
       1
       3
       0
       0
       3
       0
       2
       3
       2
       0
       1
       4
       3
       0
       1
       3
       2
       2
       2
       4
       3
       1
       1
       1
       2
       1
       2
       2
       2
       2
       7
       3
       1
       3
       3
       3
       2
       2
       6
       3
       4
       2
       1
       1
       7
       0
       0
       2
       7
       2
       1
       0
       2
       3
       4
       3
       1
       4
       4
       3
       1
       3
       2
       1
       5
       3
       1
       2
       2
       2
       2
       1
       3
       3
       6
       2
       2
       2
       1
       4
       3
       0
       1
       0
       0
       0
       1
       1
       4
       2
       4
       2
       1
       4
       1
       7
       4
       1
       5
       0
       4
       4
       5
       1
       1
       3
       0
       4
       3
       3
       4
       1
       1
       3
       1
       6
       2
       3
       2
       2
       1
       1
       2
       2
       0
       1
       2
       6
       3
       2
       3
       1
       2
       4
       3
       2
       4
       2
       0
       3
       2
       2
       1
       3
       2
       4
       3
       1
       0
       2
       3
       2
       0
       1
       2
       2
       1
       3
       0
       2
       3
       1
       4
       2
       4
       0
       0
       3
       1
       2
       3
       4
       2
       3
       2
       2
       2
       1
       3
       3
       0
       2
       1
       1
       0
       0
       2
       1
       2
       3
       1
       4
       4
       2
       1
       3
       3
       1
       0
       2
       2
       1
       1
       4
       1
       0
       4
       1
       1
       2
       0
       1
       1
       1
       2
       1
       5
       2
       0
       3
       1
       1
       0
       1
       0
       0
       0
       0
       4
       3
       3
       2
       2
       0
       1
       1
       4
       3
       0
       1
       0
       1
       4
       1
       1
       2
       4
       2
       1
       2
       5
       2
       3
       2
       4
       1
       1
       1
       0
       1
       0
       2
       3
       4
       3
       1
       3
       3
       2
       4
       3
       1
       0
       3
       0
       0
       2
       3
       0
       3
       3
       1
       4
       2
       1
       2
       4
       3
       1
       2
       3
       5
       0
       3
       2
       2
       2
       2
       1
       1
       0
       2
       0
       2
       2
       3
       0
       0
       2
       5
       5
       3
       3
       2
       4
       0
       0
       3
       2
       1
       3
       4
       0
       3
       1
       1
       0
       0
       5
       0
       1
       1
       4
       0
       2
       1
       2
       2
       2
       3
       1
       1
       3
       2
       3
       3
       4
       3
       5
       2
       0
       1
       2
       2
       0
       2
       1
       3
       3
       5
       1
       2
       0
       2
       1
       0
       2
       0
       4
       1
       1
       1
       0
       3
       1
       3
       2
       1
       1
       1
       4
       1
       1
       1
       1
       4
       2
       2
       1
       1
       3
       5
       1
       3
       1
       1
       2
       2
       1
       1
       2
       3
       1
       2
       1
       1
       1
       3
       3
       3
       0
       1
       2
       1
       1
       3
       1
       1
       5
       1
       1
       3
       1
       2
       1
       1
       2
       2
       1
       0
       0
       1
       1
       3
       2
       1
       0
       1
       0
       2
       1
       3
       1
       3
       3
       1
       3
       1
       3
       1
       1
       1
       3
       1
       0
       5
       2
       1
       1
       0
       0
       2
       2
       1
       1
       3
       4
       2
       2
       1
       2
       4
       2
       1
       0
       1
       0
       1
       3
       1
       3
       2
       0
       7
       1
       2
       2
       2
       3
       3
       1
       3
       3
       1
       2
       2
       3
       2
       3
       1
       4
       1
       1
       4
       0
       1
       4
       0
       1
       5
       1
       3
       0
       0
       0
       2
       1
       0
       2
       2
       3
       5
       0
       1
       1
       0
       1
       3
       1
       1
       2
       2
       4
       1
       2
       0
       2
       2
       0
       2
       2
       0
       1
       0
       2
       4
       2
       1
       2
       5
       3
       1
       3
       2
       2
       2
       1
       1
       1
       3
       2
       2
       2
       1
       2
       0
       1
       2
       2
       1
       1
       2
       4
       1
       2
       3
       0
       2
       4
       0
       2
       2
       1
       0
       2
       1
       3
       5
       3
       3
       1
       4
       0
       2
       0
       1
       1
       0
       4
       3
       2
       2
       2
       3
       2
       3
       0
       4
       1
       4
       1
       2
       1
       0
       2
       1
       1
       2
       3
       3
       1
       4
       5
       2
       2
       1
       0
       3
       2
       2
       1
       4
       3
       1
       5
       5
       1
       0
       2
       1
       1
       2
       4
       1
       3
       1
       4
       0
       1
       0
       1
       2
       0
       2
       2
       1
       1
       2
       1
       0
       2
       4
       1
       2
       2
       1
       1
       0
       0
       0
       2
       3
       4
       0
       4
       1
       1
       2
       1
       2
       2
       2
       0
       1
       1
       2
       2
       4
       2
       3
       0
       1
       2
       2
       1
       0
       1
       1
       2
       3
       2
       0
       1
       4
       2
       1
       1
       0
       1
       1
       0
       2
       1
       3
       3
       1
       3
       1
       1
       2
       1
       0
       2
       3
       4
       0
       2
       4
       4
       2
       2
       2
       5
       3
       2
       3
       1
       1
       5
       1
       2
       2
       1
       0
       2
       1
       1
       2
       1
       2
       0
       2
       1
       1
       2
       0
       1
       0
       0
       4
       3
       2
       0
       0
       2
       2
       2
       1
       1
       4
       1
       4
       3
       1
       3
       1
       3
       2
       1
       2
       1
       0
       2
       0
       1
       0
       2
       2
       2
       2
       3
       0
       1
       0
       1
       0
       1
       3
       0
       1
       4
       2
       3
       1
       0
       1
       2
       1
       1
       2
       2
       1
       1
       0
       2
       1
       3
       2
       1
       4
       0
       1
       0
       1
       0
       1
       2
       0
       1
       3
       2
       2
       1
       1
       1
       1
       4
       3
       3
       1
       2
       3
       1
       2
       4
       0
       1
       1
       5
       1
       1
       0
       1
       2
       2
       2
       0
       3
       1
       0
       4
       0
       1
       2
       2
       1
       1
       0
       2
       3
       0
       1
       2
       4
       1
       2
       1
       2
       1
       2
       1
       1
       2
       2
       3
       2
       2
       4
       3
       1
       2
       3
       2
       2
       2
       1
       2
       0
       2
       2
       1
       4
       4
       1
       0
       4
       3
       3
       3
       0
       4
       1
       3
       0
       3
       1
       0
       6
       2
       1
       3
       4
       1
       3
       0
       1
       1
       1
       3
       0
       2
       1
       5
       2
       1
       2
       1
       1
       1
       1
       1
       2
       1
       4
       1
       0
       3
       1
       1
       0
       0
       0
       0
       0
       0
       0
       0
       0
       0
       0
       0
       0
       0
       0
       0
       0
       0
       0
       0
       0
       0
       0
       0
       0
       0
       0
       0
       0
       0
       0
       0
       0
       0
       0
       0
       0
       0
       0
       0
       0
       0
       0
       0
       0
       0
       0
       0
       0
       0
       0
       0
       0
       0
       0
       0
       0
       0
       0
       0
       0
       0
       0
       0
       0
       0
       0
       0
       0
       0
       0
       0
       0
       0
       0
       0
       0
       0
       0
       0
       0
       0
       0
       0
       0
       0
       0
       0
       0
       0
       0
       0
       0
       0
       0
       0
       0
       0
       0
       0
       0
       0
       0
       0
       0
       0
       0
       0
       0
       0
       0
       0
       0
       0
       0
       0
       0
       0
       0
       0
       0
       0
       0
       0
       0
       0
       0
       0
       0
       0
       0
       0
       0
       0
       0
       0
       0
       0
       0
       0
       0
       0
       0
       0
       0
       0
       0
       0
       0
       0
       0
       0
       0
       0
       0
$ROI:
0
$PRESETS:
None
0
0
$ENER_FIT:
0.000000 0.000000
$MCA_CAL:
3
0.000000E+000 0.000000E+000 0.000000E+000 
$SHAPE_CAL:
3
0.000000E+000 0.000000E+000 0.000000E+000
