$SPEC_ID:
No sample description was entered.
$SPEC_REM:
DET# 1
DETDESC# SCE-SOPA-00035 MCB 133
AP# Maestro Version 7.01
$DATE_MEA:
10/24/2019 16:09:27
$MEAS_TIM:
79727 79729
$DATA:
0 4095
       0
       0
       0
       0
       0
       1
       2
       3
       3
       3
       5
       3
       7
       7
       6
       5
       9
       4
       5
      10
       7
       4
       6
       8
       5
       4
      34
     141
      69
      95
     350
     387
     366
     385
     372
     349
     348
     368
     419
     331
     370
     352
     383
     368
     384
     406
     553
     623
     505
     434
     357
     329
     345
     395
     367
     369
     339
     346
     353
     325
     338
     344
     475
     634
     687
     504
     373
     313
     306
     327
     347
     371
     355
     367
     379
     350
     390
     428
     373
     357
     369
     351
     364
     339
     376
     359
     383
     398
     355
     362
     372
     441
     707
     930
     768
     490
     361
     337
     354
     403
     351
     363
     349
     378
     352
     392
     365
     355
     343
     356
     381
     380
     366
     422
     387
     396
     372
     355
     378
     395
     376
     376
     399
     396
     352
     398
     380
     384
     375
     382
     337
     387
     362
     422
     360
     353
     325
     357
     386
     376
     377
     422
     390
     402
     407
     399
     365
     385
     369
     386
     352
     363
     345
     361
     364
     421
     338
     314
     365
     333
     410
     367
     341
     356
     317
     391
     361
     315
     352
     351
     350
     342
     348
     374
     372
     329
     344
     372
     326
     330
     348
     331
     331
     324
     330
     407
     528
     510
     447
     321
     337
     330
     342
     307
     316
     314
     320
     290
     298
     322
     307
     302
     320
     308
     314
     334
     293
     307
     292
     304
     283
     292
     304
     295
     308
     288
     286
     283
     285
     293
     279
     262
     296
     305
     271
     256
     286
     287
     275
     277
     273
     265
     263
     262
     241
     236
     281
     245
     284
     327
     320
     307
     252
     266
     267
     256
     234
     230
     218
     218
     218
     216
     237
     230
     218
     226
     236
     230
     216
     245
     248
     208
     198
     207
     211
     198
     219
     192
     206
     233
     204
     223
     194
     187
     191
     203
     206
     179
     186
     220
     205
     219
     174
     192
     194
     193
     190
     190
     188
     162
     169
     190
     163
     200
     205
     182
     171
     188
     179
     198
     184
     188
     170
     181
     184
     198
     180
     171
     180
     184
     183
     162
     170
     157
     166
     168
     167
     183
     164
     164
     148
     156
     146
     154
     160
     164
     169
     153
     151
     170
     183
     139
     142
     163
     156
     135
     162
     159
     154
     176
     180
     161
     170
     153
     150
     151
     162
     135
     145
     157
     143
     152
     157
     169
     155
     134
     119
     135
     156
     136
     160
     128
     139
     126
     147
     120
     148
     142
     121
     149
     128
     118
     118
     135
     155
     110
     127
     111
     129
     132
     121
     138
     132
     125
     112
     152
     105
     138
     138
     119
     139
     111
     126
     112
     123
     117
     140
     131
     124
     103
     119
     105
     119
     120
     118
     118
     145
     124
      97
     101
      83
     107
     119
     134
     118
      97
     110
     110
     110
     119
     132
     124
     101
     115
     111
     113
     125
     110
     107
     111
     106
      90
     112
     101
      99
     118
     115
     103
     113
     109
     109
      99
      99
      92
      97
     104
     111
      98
      97
      97
     109
     109
      89
     111
     114
      98
     102
     109
      89
     101
      99
      74
     104
      99
     112
     116
      97
      91
      86
      91
      84
      94
      90
     105
      88
      88
      66
     115
     114
      81
      84
      93
      87
      89
      95
      85
      92
      89
      96
      99
      92
     113
      84
      96
      88
      80
      86
      90
      94
      86
      89
      93
      94
     107
      87
      93
      80
      84
      95
     115
     160
     228
     336
     371
     294
     187
     129
      89
     107
      72
      78
      92
      71
      84
      82
      69
      76
      83
      78
      89
      72
      74
      64
      79
      75
      94
      84
      77
      80
      77
      72
      67
      82
      69
      82
      76
      77
      90
      75
      78
      90
      64
      66
      67
      82
      77
      80
      87
      68
      64
      65
      61
      81
      88
      78
      67
      72
      76
      72
      66
      77
      93
      63
      68
      75
      60
      82
      60
      79
      77
      72
      77
      88
      66
      92
      86
      94
      76
      76
      68
      65
      62
      71
      68
      72
      78
      61
      64
      70
      81
      90
      69
     107
      78
      76
      81
      80
      72
      84
      88
      73
      90
      92
      72
      76
      77
      85
      79
      77
      75
      87
      65
      69
      54
      66
      59
      62
      69
      54
      80
      72
      84
      78
      65
      75
      53
      54
      67
      65
      61
      62
      67
      65
      55
      75
      72
      80
      75
      60
      66
      68
      70
      62
      59
      78
      73
      54
      82
      61
      58
      48
      61
      57
      62
      74
      68
      70
      67
      75
      66
      72
      60
      80
      70
      65
      68
      61
      72
      56
      65
      54
      55
      63
      64
      61
      56
      50
      67
      52
      67
      49
      57
      59
      66
      73
      68
      70
      77
      73
      68
      81
      63
      63
      66
      70
      66
      62
      60
      70
      52
      66
      52
      60
      66
      72
      57
      71
      56
      60
      67
      49
      57
      51
      63
      62
      56
      61
      67
      77
      71
      71
      70
      62
      55
      62
      63
      47
      59
      54
      55
      45
      60
      62
      54
      60
      64
      69
      55
      60
      56
      56
      65
      50
      54
      66
      48
      50
      67
      49
      54
      62
      50
      53
      52
      52
      55
      45
      63
      62
      72
      70
      47
      53
      56
      56
      49
      59
      57
      41
      48
      47
      54
      60
      49
      39
      53
      52
      47
      47
      37
      53
      61
      54
      40
      65
      45
      41
      56
      65
      52
      44
      45
      52
      47
      66
      48
      53
      53
      45
      47
      44
      44
      45
      39
      51
      36
      54
      57
      48
      55
      48
      55
      45
      45
      60
      51
      50
      48
      43
      54
      45
      45
      52
      35
      55
      56
      48
      46
      59
      57
      47
      39
      50
      60
      41
      51
      47
      65
      57
      59
      47
      55
      45
      46
      57
      35
      47
      53
      51
      52
      40
      50
      61
      46
      46
      42
      43
      43
      33
      42
      55
      40
      43
      56
      40
      42
      44
      49
      36
      39
      48
      46
      57
      52
      35
      28
      31
      59
      40
      66
      57
      45
      38
      61
      53
      36
      40
      47
      48
      42
      39
      36
      41
      46
      52
      41
      41
      39
      35
      46
      40
      49
      33
      47
      52
      66
      51
      41
      44
      44
      52
      33
      30
      33
      47
      40
      52
      37
      42
      42
      47
      50
      47
      49
      47
      44
      34
      40
      37
      43
      33
      45
      53
      36
      49
      33
      40
      38
      36
      34
      32
      45
      41
      45
      32
      38
      37
      39
      34
      30
      42
      40
      41
      39
      45
      54
      48
      50
      49
      43
      37
      44
      48
      59
      38
      40
      45
      40
      39
      40
      31
      32
      39
      38
      48
      34
      45
      33
      34
      40
      40
      38
      35
      35
      42
      42
      32
      24
      34
      43
      32
      47
      40
      63
      53
      43
      48
      29
      40
      53
      42
      32
      36
      27
      48
      47
      34
      33
      44
      33
      33
      39
      38
      22
      34
      33
      28
      35
      39
      32
      27
      40
      32
      26
      42
      36
      40
      40
      21
      55
      53
      20
      31
      33
      39
      39
      36
      26
      40
      36
      31
      28
      44
      32
      44
      34
      39
      25
      25
      28
      39
      38
      32
      37
      43
      37
      39
      33
      27
      36
      35
      25
      30
      26
      34
      33
      36
      28
      29
      32
      29
      36
      52
      31
      34
      30
      28
      28
      43
      35
      41
      38
      36
      28
      36
      34
      30
      25
      30
      39
      35
      33
      28
      29
      38
      34
      34
      21
      29
      30
      27
      28
      34
      41
      30
      31
      39
      34
      37
      41
      39
      37
      42
      36
      41
      37
      32
      26
      35
      37
      31
      39
      23
      32
      28
      32
      25
      35
      32
      32
      32
      31
      19
      31
      27
      24
      34
      30
      27
      33
      39
      35
      35
      34
      33
      30
      30
      28
      35
      22
      33
      30
      43
      27
      39
      43
      39
      32
      40
      29
      29
      33
      30
      28
      25
      29
      34
      38
      22
      24
      35
      23
      26
      28
      17
      27
      37
      30
      25
      33
      22
      33
      36
      29
      25
      20
      30
      31
      24
      26
      34
      28
      23
      18
      41
      28
      27
      27
      28
      25
      30
      36
      32
      41
      28
      36
      30
      26
      19
      33
      28
      20
      21
      28
      27
      24
      29
      31
      20
      30
      37
      27
      30
      34
      22
      33
      34
      35
      20
      36
      32
      35
      27
      38
      24
      26
      19
      25
      33
      21
      27
      29
      19
      23
      28
      35
      26
      22
      28
      36
      23
      27
      24
      25
      20
      30
      28
      17
      22
      21
      24
      34
      22
      21
      21
      21
      31
      19
      14
      27
      14
      19
      32
      36
      26
      25
      27
      24
      26
      23
      20
      26
      27
      29
      15
      21
      22
      15
      17
      19
      26
      21
      31
      17
      16
      16
      32
      20
      25
      32
      27
      18
      27
      23
      19
      19
      25
      15
      14
      24
      25
      16
      18
      14
      17
      22
      23
      23
      25
      22
      32
      25
      14
      17
      17
      25
      22
      26
      20
      28
      19
      27
      25
      17
      15
      25
      23
      23
      14
      23
      20
      20
      30
      15
      24
      20
      13
      19
      19
      23
      33
      17
      23
      21
      18
      17
      16
      24
      15
      22
      19
      16
      17
      24
      15
      18
      24
      21
      18
      22
      14
      31
      21
      15
      15
      20
      18
      14
      17
      18
      18
      17
      17
      15
       9
      16
      21
      16
      15
      16
      20
      20
      26
      18
      19
      19
      13
      16
      17
      23
      22
      20
      26
      24
      17
      21
      29
      17
      21
      20
      20
      19
      13
      17
      13
      18
       9
      16
      17
      10
      16
      13
      19
      22
      15
      13
      26
      17
      12
      22
      13
      21
      16
      21
      16
      22
      16
      25
      26
      13
      20
      12
      18
      19
      12
      22
      14
      18
      13
      16
      16
      32
      31
      68
      96
     109
      89
      46
      17
      19
      16
      19
      17
       9
      12
      12
       4
      16
      15
      18
      14
      24
      18
      16
      10
      12
      18
      15
      17
      17
      19
      13
      18
      14
      16
      15
      14
      16
       9
      15
      15
      20
      17
      10
      15
      10
      16
      25
      11
      18
      10
      17
      17
      21
      24
      15
      13
      15
      14
      15
      12
      15
      20
      16
      17
      19
      18
      11
      13
      19
      18
      16
      12
       7
      23
      13
      17
      15
      13
      14
      18
      11
      17
      21
       9
       7
       8
      18
      17
      18
      18
      22
      20
      19
      11
      12
      15
      16
      12
      11
       8
       9
      21
      11
      14
      17
      14
      10
      13
      13
      13
      18
      11
      12
      14
      19
      17
       6
      11
      15
      15
       9
      20
      14
      22
      12
       6
      16
      11
      19
      16
      18
      17
      14
      14
      11
      25
      10
      16
      17
      20
       9
       7
      16
      14
      15
      12
       8
      17
      11
      10
      10
       9
      21
       9
      10
      15
      14
       9
      17
       7
      19
      10
      11
      10
      12
      15
      12
      15
      16
      19
      11
      18
      11
       9
      10
      10
       9
       8
       8
       9
      12
      14
       8
       5
      10
       8
       8
      15
      12
      11
      15
      13
      13
       8
       9
      14
      12
      12
      12
      13
      13
       9
       9
      13
      15
      11
      12
       9
      15
      10
      15
      10
      10
      15
      12
      10
      13
      12
       6
       9
       9
      13
      10
      11
       9
      12
      11
      13
      13
       8
       8
      13
      12
      10
       9
      12
      16
      10
      12
      17
      12
      11
       8
       6
      12
       8
      11
      14
      13
      11
       8
      16
      14
       8
      21
       7
      11
      10
       6
       7
      10
      13
      11
      12
       5
       9
      14
       9
      11
      12
      11
      10
      12
      15
       8
      15
      13
       7
       9
      11
      12
      10
      13
       8
      10
       4
       9
      10
       8
      12
      12
      16
       7
      11
       9
      10
      13
      11
       7
      11
      12
      12
      10
      12
       9
      11
      12
      20
      20
      20
      18
      13
      17
      15
       7
       5
       7
       8
       8
       9
      12
      15
       9
       9
       9
       8
       4
       7
       7
      11
      10
      12
      10
      12
      11
      13
      11
       8
      15
       8
       8
      11
      13
      17
       7
       8
       8
       4
      12
      11
      12
       7
       5
       9
      11
       8
       9
      11
       5
      10
       1
      13
       8
       7
      13
       9
      12
       6
       6
       7
       8
      11
      10
       7
      15
      10
       9
      10
      10
       6
      10
      12
      10
       8
       8
       8
      14
      10
      12
       4
       5
       9
       9
       7
       8
       4
       9
      10
       9
       9
       8
       9
      13
       9
       6
      10
       9
       5
      13
       7
      11
       7
       8
       7
       8
      10
      10
       9
       7
       5
       6
      11
      11
       7
      12
       7
       3
       7
       2
       3
      10
      12
       7
       9
      12
       7
       9
       8
       4
       7
       8
       6
       7
       7
       1
       6
       7
       9
       3
       8
       5
      10
       5
       5
       7
      10
       6
      11
       6
      13
      11
       7
      10
       8
       8
       6
       5
       9
       7
       7
       7
       6
       9
       7
       6
      11
       4
       2
       7
       7
       8
       8
       7
       7
      12
       7
       9
       8
       6
       6
       8
       5
       8
       8
      15
      10
       3
       6
       4
       7
       6
       8
      11
      10
       3
      12
       9
      11
       7
       7
       5
       4
       4
      11
      14
       6
       7
      12
       1
       6
       5
       4
       5
      12
       7
       4
       8
       6
      10
       7
       9
       7
      11
      12
       7
       5
       8
       5
      11
      10
       6
       3
       4
       5
      11
       7
       9
       7
       8
       4
       2
       5
       4
       8
       5
       5
       5
       8
       4
      10
       8
       6
       5
      10
      11
       5
       5
       8
       6
       7
      10
       4
       4
       5
       6
       8
       8
       5
       8
       6
       5
       6
       4
       3
       8
       6
       5
       7
       4
       7
       7
      10
       3
      11
       5
       7
       9
      10
       7
       8
       7
       3
       5
       5
       4
       8
       5
       9
      13
       4
       7
       4
       6
       4
       6
       8
       7
       9
       5
       7
       6
       5
       5
       5
       2
       4
       7
       3
      13
       5
       6
       6
       7
       9
       7
       1
       8
       5
       6
       6
      13
      10
       6
       5
      10
       7
       8
      18
      12
      10
      16
       9
       6
      11
       2
      10
       9
       5
       9
       8
       6
       8
       2
       6
      10
       7
      14
       8
       9
       6
       6
       7
       0
       7
       7
       5
       5
      10
       5
       5
       5
      11
       8
      10
       4
       6
       5
       8
       5
       3
       5
       9
       4
       3
       5
       7
       6
       7
       7
       5
       9
       6
       9
      10
      10
       5
       9
       4
       4
       4
       4
       8
       4
       8
       8
       7
       5
       5
       8
       6
       8
       6
       9
       3
       2
       5
       2
       5
       8
      10
       3
       9
      10
       5
       6
       7
       5
       6
       2
       3
       9
       7
       9
       5
       5
       5
       2
       6
      11
       8
      10
       5
       7
       6
       2
       5
      13
       3
       6
       5
       3
       8
       5
       5
       5
       8
      11
       2
       3
       5
       5
       5
       4
       7
       2
       5
       8
       4
       6
      10
       4
       9
       3
      10
       7
       1
       6
       3
       4
       2
       6
       3
       5
       4
       3
       5
       9
       8
       4
       7
       5
       6
      10
       5
       7
       7
       3
      11
       4
      11
       3
       5
       5
       8
       8
       6
       7
       6
       5
      11
       7
       8
       7
       8
       3
       4
      10
       4
       6
       6
       4
       6
       7
       6
       6
       7
       4
       9
       6
       5
       3
       4
       4
       9
       5
       3
       5
       8
       4
       5
       6
       3
       4
       4
       5
       4
       3
       8
       3
       8
       7
       8
       3
       6
       5
      10
       4
       7
       7
       2
       6
       8
       7
       5
      16
       7
       6
       4
       5
       7
       6
       6
       7
      11
       7
       1
       7
       8
       9
       6
       2
       1
       8
       6
       7
       7
       6
       7
       6
      11
       5
       3
      14
       3
       4
       6
      11
       4
      13
       1
       5
       1
       5
       3
       8
       7
      11
       9
       6
       6
       4
       5
       6
       6
       6
       4
       9
       5
       7
       3
       5
       3
      10
       8
       8
       4
       5
       6
       3
       9
      10
       3
       3
      10
       5
       5
       3
       4
       3
       2
       2
       2
       1
       3
       6
       5
       6
       3
       4
       5
       9
       3
       5
       5
       8
       3
       4
       8
       6
       4
       3
       4
       8
       4
       5
       3
       4
       4
       5
       8
       8
       9
       4
       2
       6
       9
       4
       5
      11
       7
       7
       5
       2
       2
       5
       7
       5
       3
       5
       6
       4
       5
       4
       4
       2
       2
       4
       5
       4
       1
       3
       3
       4
       3
       5
      10
       7
       6
       4
       3
       3
       6
       4
       4
       2
       3
       4
       2
       3
       4
       5
       2
       3
       2
       4
       2
       2
       2
       8
       1
       3
       9
       4
       3
       4
       3
       1
       5
       5
       4
       2
       3
       6
       5
       6
       2
       6
       1
       4
       4
       4
       2
       2
       4
       5
       4
       1
       3
       5
       5
       3
       3
       4
       5
       3
       2
       7
       4
       4
       5
       4
       2
       1
       5
       4
       1
       2
       2
       2
       2
       6
       4
       7
       5
       8
       3
       2
       2
       5
       3
       2
       6
       3
       4
       7
       5
       2
       6
       4
       3
       2
       3
       0
       6
       2
       1
       9
       2
       5
       3
       9
       5
       4
       3
       4
       4
       5
       2
       3
       3
       5
       1
       7
       0
       2
       1
       6
       4
       5
       8
       3
       6
       0
       3
       1
       3
      11
       0
       4
       7
       5
       2
       8
       1
       4
       4
       6
      19
      21
      34
      31
      40
      18
      19
       5
       3
       7
       2
       2
       5
       3
       4
       5
       3
       3
       6
       2
       5
       5
       5
       5
       4
       4
       2
       3
       0
       4
       3
       6
       3
       3
       1
       6
       1
       9
       1
       7
       6
       5
       5
       5
       4
       7
       4
       8
       0
       3
       0
       2
       1
       5
       3
       4
       5
       6
       1
       6
       1
       5
       2
       4
       4
       0
       2
       4
       2
       3
       4
       1
       3
       5
       5
       6
       4
       6
       5
       4
       0
       2
       3
       2
       1
       2
       3
       5
       6
       4
       2
       4
       5
       5
       2
       2
       4
       5
       6
       4
       3
       3
       1
       1
       3
       2
       3
       2
       3
       1
       3
       3
       2
       3
       4
       4
       2
       1
       7
       1
       2
       6
       1
       2
       3
       5
       4
       3
       4
       4
       1
       5
       1
       3
       6
       4
       2
       4
       8
       1
       4
       1
       4
       1
       5
       5
       1
       4
       2
       0
       3
       9
       4
       3
       4
       2
       3
       5
       7
       2
       4
       1
       3
       2
       4
       3
       2
       5
       6
       4
       2
       4
       4
       3
       1
       6
       3
       5
       4
       5
       4
       2
       3
       2
       3
       5
       5
       4
       2
       2
       5
       1
       2
       4
       4
       3
       1
       5
       4
       2
       3
       3
       1
       2
       2
       3
       6
       6
       3
       3
       1
       2
       2
       5
       3
       4
       1
       4
       4
       0
       1
       1
       3
       1
       3
       2
       4
       3
       1
       4
       0
       2
       2
       6
       4
       2
       2
       2
       5
       5
       0
       1
       4
       5
       1
       3
       8
       2
       2
       7
       3
       2
       0
       4
       2
       1
       2
       1
       2
       3
       3
       2
       3
       1
       2
       2
       0
       2
       1
       2
       5
       2
       0
       2
       2
       5
       7
       4
       0
       0
       1
       3
       7
       0
       1
       3
       4
       4
       3
       3
       0
       3
       3
       7
       8
       1
       0
       4
       2
       0
       5
       3
       5
       2
       3
       2
       0
       9
       1
       2
       1
       2
       3
       1
       2
       1
       4
       5
       0
       4
       3
       2
       2
       3
       4
       1
       3
       4
       2
       4
       2
       1
       4
       6
       2
       2
       2
       3
       7
       5
       4
       1
       6
       3
       1
       3
       3
       1
       3
       3
       4
       3
       7
       2
       3
       5
       2
       3
       1
       3
       0
       3
       5
       4
       6
       5
       6
       3
       3
       3
       4
       3
       0
       4
       0
       1
       3
       3
       5
       2
       2
       2
       2
       3
       2
       3
       3
       4
       2
       3
       2
       3
       8
       2
       2
       2
       0
       4
       2
       4
       2
       3
       1
       5
       2
       1
       5
       5
       2
       2
       3
       3
       4
       3
       5
       2
       3
       3
       0
       4
       3
       0
       6
       5
       4
       3
       3
       5
       3
       6
       0
       5
       1
       2
       3
       3
       4
       2
       4
       3
       3
       0
       5
       3
       1
       1
       3
       4
       2
       4
       0
       2
       2
       3
       3
       1
       4
       5
       3
       1
       2
       2
       2
       2
       5
       2
       3
       4
       4
       1
       2
       5
       2
       2
       1
       2
       2
       2
       5
       2
       2
       2
       4
       1
       1
       3
       3
       4
       2
       2
       3
       2
       1
       1
       3
       4
       8
       3
       2
       7
       3
       1
       0
       2
       3
       1
       4
       2
       2
       0
       5
       5
       4
       2
       1
       2
       2
       2
       1
       1
       2
       1
       1
       2
       2
       6
       1
       5
       2
       2
       1
       2
       1
       4
       6
       2
       2
       3
       5
       4
       5
       2
       0
       1
       3
       6
       4
       3
       4
       4
       1
       4
       0
       4
       4
       4
       0
       3
       2
       3
       2
       0
       2
       4
       1
       2
       2
       4
       2
       4
       1
       1
       4
       1
       0
       4
       4
       1
       1
       4
       2
       2
       1
       4
       1
       2
       4
       2
       3
       0
       3
       1
       0
       2
       5
       2
       2
       2
       3
       3
       2
       2
       3
       1
       1
       1
       3
       2
       2
       0
       2
       2
       1
       1
       1
       6
       0
       3
       3
       5
       2
       1
       2
       5
       6
       5
       2
       1
       4
       3
       3
       3
       4
       1
       5
       0
       2
       1
       2
       2
       1
       1
       4
       3
       4
       3
       2
       2
       2
       4
       1
       4
       2
       3
       2
       3
       1
       2
       3
       3
       3
       4
       4
       2
       5
       1
       3
       2
       1
       2
       4
       1
       1
       3
       3
       2
       1
       4
       4
       4
       0
       3
       3
       1
       4
       4
       0
       1
       1
       0
       2
       2
       4
       4
       3
       4
       2
       2
       3
       1
       1
       1
       1
       1
       1
       2
       5
       6
       4
       1
       2
       4
       0
       1
       3
       2
       0
       1
       1
       4
       0
       2
       3
       2
       1
       0
       3
       3
       2
       1
       4
       3
       3
       2
       3
       0
       1
       1
       3
       4
       2
       1
       5
       1
       4
       1
       2
       2
       2
       1
       3
       1
       1
       1
       1
       1
       3
       1
       2
       1
       3
       4
       0
       1
       3
       4
       1
       2
       2
       0
       3
       3
       5
       4
       4
       4
       1
       4
       2
       3
       4
       3
       2
       1
       0
       6
       3
       1
       1
       4
       4
       4
       1
       3
       1
       6
       4
       4
       0
       4
       1
       1
       4
       2
       5
       1
       1
       2
       3
       1
       2
       0
       3
       2
       2
       0
       1
       4
       1
       0
       0
       1
       4
       1
       1
       2
       5
       4
       0
       3
       4
       1
       1
       3
       1
       2
       1
       7
       3
       3
       6
       4
       4
       3
       4
       3
       2
       5
       4
       4
       2
       1
       2
       1
       2
       5
       0
       1
       2
       2
       3
       1
       1
       7
       0
       3
       1
       3
       1
       1
       2
       3
       3
       3
       2
       2
       1
       2
       2
       1
       2
       1
       2
       3
       3
       2
       4
       3
       2
       0
       1
       3
       4
       2
       3
       2
       1
       0
       1
       3
       2
       2
       2
       4
       4
       2
       1
       1
       1
       1
       5
       2
       3
       4
       1
       5
       2
       5
       4
       1
       3
       0
       1
       1
       3
       1
       6
       6
       2
       3
       0
       4
       3
       2
       4
       2
       2
       1
       2
       6
       4
       4
       0
       1
       3
       4
       1
       1
       4
       3
       2
       0
       5
       1
       0
       2
       1
       3
       0
       2
       2
       2
       2
       1
       1
       3
       2
       2
       7
       2
       3
       4
       0
       3
       5
       3
       2
       2
       3
       0
       1
       2
       4
       1
       2
       4
       1
       3
       4
       0
       0
       5
       1
       1
       5
       1
       1
       3
       2
       2
       3
       2
       3
       3
       3
       6
       4
       2
       2
       2
       1
       5
       1
       2
       1
       0
       1
       2
       2
       3
       3
       1
       2
       0
       4
       0
       2
       4
       1
       1
       5
       2
       4
       2
       1
       4
       0
       1
       4
       6
       1
       3
       2
       2
       2
       3
       2
       0
       2
       4
       2
       3
       0
       4
       4
       1
       1
       4
       2
       1
       2
       1
       4
       1
       2
       4
       2
       3
       3
       5
       3
       4
       3
       2
       4
       0
       1
       1
       0
       0
       3
       1
       1
       2
       3
       3
       5
       0
       4
       1
       2
       1
       2
       4
       3
       3
       4
       2
       1
       1
       1
       2
       2
       1
       2
       2
       1
       2
       2
       0
       3
       1
       4
       0
       3
       1
       5
       5
       1
       3
       1
       2
       0
       3
       2
       2
       2
       1
       3
       1
       0
       4
       2
       1
       2
       2
       2
       1
       1
       1
       2
       6
       2
       1
       0
       1
       1
       3
       4
       7
       3
       3
       2
       4
       2
       0
       2
       2
       1
       2
       3
       0
       2
       1
       2
       0
       1
       3
       3
       4
       2
       1
       0
       3
       1
       2
       5
       1
       2
       3
       0
       1
       0
       3
       1
       1
       2
       4
       1
       2
       2
       1
       2
       1
       1
       0
       2
       2
       1
       1
       2
       1
       0
       2
       1
       4
       3
       5
       1
       0
       1
       2
       3
       1
       0
       1
       0
       2
       1
       0
       0
       1
       2
       1
       2
       3
       0
       3
       2
       2
       4
       0
       0
       1
       0
       1
       1
       1
       0
       4
       1
       2
       2
       0
       0
       1
       2
       1
       1
       2
       4
       4
       3
       4
       3
       3
       1
       2
       1
       1
       2
       3
       1
       1
       2
       1
       3
       4
       2
       2
       5
       3
       1
       0
       4
       3
       2
       1
       3
       1
       0
       2
       3
       1
       1
       1
       2
       3
       4
       2
       2
       2
       2
       3
       3
       0
       1
       2
       4
       4
       1
       3
       3
       3
       1
       0
       1
       0
       2
       2
       2
       1
       1
       2
       1
       1
       1
       4
       5
       4
       0
       2
       3
       0
       0
       1
       0
       0
       0
       0
       0
       0
       0
       0
       0
       0
       0
       0
       0
       0
       0
       0
       0
       0
       0
       0
       0
       0
       0
       0
       0
       0
       0
       0
       0
       0
       0
       0
       0
       0
       0
       0
       0
       0
       0
       0
       0
       0
       0
       0
       0
       0
       0
       0
       0
       0
       0
       0
       0
       0
       0
       0
       0
       0
       0
       0
       0
       0
       0
       0
       0
       0
       0
       0
       0
       0
       0
       0
       0
       0
       0
       0
       0
       0
       0
       0
       0
       0
       0
       0
       0
       0
       0
       0
       0
       0
       0
       0
       0
       0
       0
       0
       0
       0
       0
       0
       0
       0
       0
       0
       0
       0
       0
       0
       0
       0
       0
       0
       0
       0
       0
       0
       0
       0
       0
       0
       0
       0
       0
       0
       0
       0
       0
       0
       0
       0
       0
       0
       0
       0
       0
       0
       0
       0
       0
       0
       0
       0
       0
       0
       0
       0
       0
       0
       0
       0
       0
       0
$ROI:
0
$PRESETS:
None
0
0
$ENER_FIT:
0.000000 0.000000
$MCA_CAL:
3
0.000000E+000 0.000000E+000 0.000000E+000 
$SHAPE_CAL:
3
0.000000E+000 0.000000E+000 0.000000E+000
