$SPEC_ID:
No sample description was entered.
$SPEC_REM:
DET# 1
DETDESC# SCE-SOPA-00035 MCB 133
AP# Maestro Version 7.01
$DATE_MEA:
10/04/2019 16:13:07
$MEAS_TIM:
240693 240698
$DATA:
0 4095
       0
       0
       0
       0
      30
      14
       9
      12
       9
       5
       8
      14
      16
      14
      10
      14
      17
      17
      18
      17
      18
      21
      14
      12
      23
      20
      20
       9
      14
      14
      21
      21
      16
      15
      15
      32
      23
      28
     107
     970
    1122
    1072
    1191
    1083
    1137
    1298
    1726
    1821
    1462
    1124
    1067
    1012
    1096
    1217
    1196
    1060
    1105
    1094
    1047
    1074
    1029
    1083
    1406
    2010
    2096
    1526
    1118
     983
    1003
    1023
    1098
    1060
    1106
    1047
    1141
    1197
    1220
    1277
    1251
    1096
    1088
    1088
     983
    1029
    1138
    1171
    1085
    1001
    1057
    1085
    1144
    1406
    2145
    2675
    2293
    1423
    1087
    1075
    1102
    1093
    1060
    1051
    1070
    1020
    1111
    1076
    1110
    1102
    1080
    1156
    1139
    1187
    1165
    1201
    1204
    1122
    1108
    1131
    1189
    1082
    1131
    1138
    1099
    1111
    1148
    1161
    1066
    1140
    1128
    1097
    1119
    1132
    1176
    1089
    1212
    1189
    1089
    1058
    1127
    1127
    1152
    1152
    1128
    1231
    1269
    1223
    1109
    1081
    1075
    1107
    1081
    1097
    1097
    1102
    1103
    1094
    1063
    1116
    1050
    1068
    1093
    1106
    1098
    1088
    1064
    1078
     994
    1026
    1091
    1005
    1070
     996
    1050
    1006
    1057
    1020
     991
     994
     939
    1012
     950
     970
    1016
    1057
    1008
    1280
    1642
    1584
    1235
    1050
     936
     929
     921
     891
     944
     940
     905
     961
     951
    1028
     928
     936
     944
     912
     913
     910
     946
     892
     867
     878
     910
     911
     833
     849
     819
     858
     850
     828
     839
     889
     788
     817
     874
     819
     838
     832
     864
     804
     827
     752
     775
     799
     768
     771
     772
     808
     750
     792
     863
     903
     966
     841
     809
     798
     759
     710
     687
     668
     727
     753
     705
     685
     668
     668
     669
     619
     658
     705
     659
     654
     676
     672
     612
     650
     608
     645
     594
     626
     604
     620
     618
     622
     612
     621
     563
     593
     586
     573
     566
     615
     592
     652
     611
     580
     595
     601
     582
     566
     547
     561
     554
     570
     535
     550
     541
     601
     590
     622
     531
     571
     555
     572
     540
     510
     528
     521
     484
     522
     511
     488
     485
     473
     491
     503
     463
     516
     513
     474
     500
     474
     458
     481
     456
     510
     511
     508
     502
     449
     483
     494
     486
     474
     456
     484
     500
     467
     469
     481
     492
     491
     505
     445
     417
     412
     477
     456
     409
     457
     424
     403
     417
     439
     480
     535
     489
     445
     417
     412
     401
     426
     396
     410
     381
     389
     400
     417
     435
     410
     413
     359
     375
     375
     406
     381
     426
     397
     403
     391
     380
     378
     368
     331
     372
     379
     383
     431
     392
     360
     389
     380
     419
     315
     343
     375
     351
     335
     330
     359
     369
     367
     372
     358
     323
     350
     322
     328
     350
     319
     369
     376
     336
     355
     311
     321
     336
     371
     375
     296
     348
     308
     314
     295
     328
     342
     332
     344
     335
     310
     315
     351
     324
     318
     322
     302
     308
     335
     372
     302
     324
     320
     298
     307
     291
     335
     304
     277
     288
     297
     321
     358
     319
     276
     344
     273
     298
     318
     283
     304
     287
     299
     323
     305
     282
     311
     319
     306
     297
     305
     266
     268
     278
     265
     281
     286
     230
     249
     277
     287
     276
     285
     300
     263
     268
     279
     291
     260
     264
     253
     284
     276
     252
     241
     310
     281
     302
     278
     293
     266
     250
     297
     284
     276
     269
     260
     281
     274
     290
     294
     294
     422
     602
     856
    1058
    1004
     656
     412
     324
     282
     220
     264
     271
     258
     232
     244
     237
     263
     215
     246
     230
     225
     243
     245
     256
     229
     262
     256
     212
     232
     257
     223
     212
     248
     217
     245
     221
     222
     223
     212
     228
     250
     241
     202
     209
     241
     227
     235
     217
     229
     250
     221
     247
     225
     238
     235
     262
     231
     236
     225
     224
     204
     228
     240
     222
     236
     222
     231
     217
     213
     201
     226
     222
     197
     218
     259
     287
     295
     237
     224
     189
     211
     217
     225
     221
     196
     205
     205
     236
     202
     264
     246
     249
     244
     242
     259
     219
     235
     238
     218
     214
     267
     278
     305
     248
     237
     224
     208
     236
     216
     215
     221
     229
     221
     211
     205
     182
     202
     199
     192
     210
     193
     204
     199
     192
     192
     191
     190
     195
     229
     192
     181
     215
     203
     191
     184
     200
     216
     196
     177
     194
     191
     190
     201
     174
     214
     213
     200
     190
     199
     212
     197
     209
     202
     215
     243
     210
     228
     179
     211
     205
     199
     194
     222
     224
     180
     205
     219
     192
     180
     199
     191
     178
     182
     165
     174
     178
     155
     199
     184
     194
     156
     175
     167
     200
     215
     200
     241
     231
     209
     184
     191
     205
     201
     195
     215
     184
     172
     205
     181
     201
     190
     180
     205
     182
     180
     173
     180
     170
     161
     176
     173
     189
     175
     175
     175
     172
     175
     171
     209
     165
     189
     178
     174
     155
     188
     170
     164
     185
     157
     169
     170
     162
     175
     165
     178
     171
     169
     156
     164
     174
     160
     178
     174
     156
     180
     170
     146
     155
     151
     182
     186
     156
     148
     139
     157
     151
     166
     172
     174
     204
     145
     172
     161
     164
     149
     191
     176
     186
     150
     180
     166
     171
     133
     151
     150
     166
     156
     168
     185
     177
     136
     157
     148
     162
     179
     140
     175
     164
     155
     173
     157
     138
     116
     139
     166
     163
     146
     158
     172
     159
     158
     143
     156
     156
     127
     167
     156
     133
     138
     140
     140
     127
     169
     154
     150
     154
     140
     146
     132
     122
     145
     126
     154
     156
     146
     132
     151
     178
     173
     147
     157
     168
     180
     138
     143
     155
     139
     127
     127
     137
     143
     120
     130
     146
     138
     116
     133
     137
     128
     136
     132
     144
     150
     142
     139
     170
     141
     139
     117
     132
     129
     134
     126
     114
     129
     142
     143
     141
     139
     146
     142
     128
     134
     131
     118
     128
     153
     136
     115
     122
     136
     131
     146
     132
     113
     132
     112
     149
     126
     106
     124
     148
     129
     107
     113
     128
     132
     160
     130
     132
     124
     132
     148
     164
     156
     157
     150
     125
     117
     132
     132
     117
     130
     120
     111
     114
     133
     119
     158
     111
     115
     115
     137
     126
     122
     116
     126
     103
     117
     106
     102
     126
     121
      95
     130
     108
     130
     100
     119
     132
     136
     128
     133
     122
     113
     130
     127
     106
     106
     107
      91
     126
     131
     128
     143
     139
     156
     127
     128
     126
     111
     160
     165
     155
     143
     110
     130
     109
     115
      92
     108
      94
     118
     106
     120
     114
     112
     112
     106
     132
      97
     111
     114
     122
      97
     117
      97
     123
     129
     102
     117
     115
     146
     121
     148
     138
     105
      78
     113
     109
     115
     107
     101
     106
     124
     101
     109
     105
     110
      96
     101
     115
     111
     104
      99
     118
      97
     101
      99
     116
     107
     117
      96
      93
     129
     114
     106
      95
      96
      87
     104
     104
     105
      92
     103
     103
     116
     101
     101
     101
     105
      95
     102
     112
      90
     105
      96
     105
      92
     100
      99
     101
     113
      99
     101
     101
      97
     137
      94
      97
     105
      93
     106
      99
     103
     118
     112
     118
      84
     106
      99
     101
      85
     104
      75
     105
     109
      95
      86
     120
      99
      99
     101
      81
      83
      91
     107
      90
     103
      96
     125
     100
     100
      99
     100
     110
      82
      96
     112
      89
      97
      98
      96
     102
      86
      74
      97
     121
     112
     117
      91
      90
     125
     111
     122
     109
      90
     102
      94
     101
      92
      86
     103
      91
      88
      81
     101
      84
     102
      82
      90
      91
     114
      79
      90
      95
     104
      92
     108
      98
      88
      91
      86
      78
     104
      79
      89
      89
      93
      95
      90
      72
      88
      82
      88
     105
      98
      84
      96
      89
      73
      90
      98
     105
      98
      93
      90
      89
      92
      95
      87
      88
      79
      82
      86
     100
      76
      82
      90
     106
      73
      78
      99
      96
      85
      89
      81
      95
      98
     102
      92
      85
      98
      92
      77
      82
      94
      98
      84
      90
      76
      85
      85
      87
      86
      90
      79
      92
      93
      77
      77
      82
      86
      86
      76
      82
      99
      71
      82
      70
      66
      90
      81
      94
      83
      84
      95
      87
      85
      78
      85
      98
      97
     102
      68
      84
      82
      87
      71
      71
      70
      71
      76
      83
      74
      70
      92
      71
      78
      83
      62
      84
      75
      77
      69
      84
      72
      69
      74
      69
      80
      58
      81
      64
      85
      71
      66
      77
      66
      72
      77
      75
      60
      79
      70
      61
      75
      63
      72
      65
      73
      76
      76
      80
      64
      74
      66
      79
      67
      82
      68
      60
      69
      64
      78
      63
      70
      64
      49
      71
      58
      59
      67
      71
      69
      63
      55
      83
      71
      63
      70
      60
      58
      63
      55
      56
      63
      64
      68
      77
      67
      61
      61
      67
      59
      71
      72
      56
      62
      65
      53
      55
      56
      58
      61
      68
      73
      84
      47
      62
      62
      60
      71
      57
      66
      68
      65
      58
      60
      67
      58
      68
      69
      72
      70
      67
      54
      50
      64
      62
      66
      62
      57
      68
      64
      62
      59
      64
      52
      62
      67
      52
      66
      66
      52
      53
      67
      62
      75
      64
      59
      49
      59
      61
      63
      61
      51
      63
      48
      46
      57
      55
      54
      48
      58
      59
      57
      58
      49
      71
      56
      69
      55
      55
      57
      60
      51
      71
      45
      41
      60
      54
      66
      39
      57
      58
      54
      46
      58
      57
      53
      68
      49
      66
      40
      55
      56
      46
      54
      68
      50
      52
      44
      40
      59
      67
      45
      47
      52
      56
      41
      46
      56
      54
      44
      48
      69
      48
      76
      46
      62
      94
     142
     303
     361
     316
     178
     103
      66
      45
      42
      51
      45
      52
      40
      44
      51
      41
      48
      49
      52
      41
      55
      46
      56
      50
      47
      47
      55
      59
      46
      39
      46
      47
      59
      55
      45
      50
      36
      48
      46
      57
      39
      44
      44
      45
      50
      48
      45
      55
      43
      46
      37
      45
      59
      43
      45
      53
      42
      48
      37
      40
      41
      45
      49
      40
      53
      33
      36
      49
      31
      42
      41
      45
      55
      51
      49
      38
      44
      42
      43
      43
      37
      46
      40
      40
      27
      54
      53
      43
      41
      46
      42
      45
      48
      35
      28
      36
      47
      35
      36
      41
      33
      41
      44
      46
      38
      30
      38
      30
      40
      47
      48
      42
      36
      37
      36
      29
      42
      28
      41
      49
      38
      37
      41
      41
      38
      43
      38
      42
      39
      50
      48
      41
      48
      63
      49
      43
      49
      40
      45
      32
      36
      37
      49
      36
      41
      34
      30
      44
      33
      47
      34
      23
      41
      33
      36
      32
      34
      30
      33
      35
      26
      52
      49
      39
      35
      30
      33
      41
      39
      43
      43
      35
      39
      38
      41
      41
      31
      42
      49
      34
      25
      39
      40
      29
      37
      30
      34
      36
      37
      34
      36
      40
      45
      36
      34
      37
      39
      36
      40
      39
      45
      36
      40
      43
      38
      38
      43
      36
      41
      31
      39
      42
      28
      25
      33
      20
      29
      33
      32
      39
      23
      40
      35
      33
      29
      41
      30
      22
      29
      40
      36
      32
      26
      37
      37
      39
      35
      34
      47
      28
      32
      34
      39
      32
      33
      34
      22
      29
      33
      21
      30
      29
      33
      34
      36
      30
      36
      27
      34
      28
      30
      29
      41
      25
      47
      31
      37
      40
      49
      39
      41
      46
      39
      32
      26
      37
      33
      30
      26
      27
      30
      29
      26
      25
      40
      27
      28
      30
      34
      20
      36
      36
      24
      15
      34
      30
      30
      30
      35
      35
      31
      30
      29
      33
      38
      61
      72
      63
      43
      50
      34
      23
      33
      28
      27
      25
      33
      33
      27
      33
      23
      27
      36
      34
      34
      27
      28
      22
      27
      23
      24
      29
      42
      28
      22
      24
      40
      28
      31
      26
      18
      25
      21
      29
      27
      24
      26
      29
      34
      24
      31
      33
      28
      33
      27
      35
      23
      33
      28
      32
      25
      25
      36
      29
      19
      21
      31
      31
      23
      25
      39
      18
      36
      22
      24
      27
      35
      17
      27
      23
      32
      26
      24
      33
      25
      29
      27
      28
      23
      35
      29
      30
      37
      21
      17
      25
      22
      28
      30
      32
      23
      26
      35
      32
      31
      30
      18
      25
      26
      22
      29
      28
      32
      20
      30
      25
      31
      26
      28
      27
      16
      24
      21
      25
      26
      27
      31
      24
      28
      26
      18
      32
      22
      28
      17
      28
      31
      22
      30
      23
      27
      29
      24
      23
      33
      24
      22
      18
      20
      24
      18
      15
      28
      21
      24
      29
      23
      34
      34
      19
      26
      22
      20
      24
      27
      29
      20
      27
      20
      25
      25
      34
      19
      15
      27
      17
      32
      29
      22
      24
      14
      20
      23
      25
      19
      25
      19
      23
      20
      24
      20
      20
      22
      24
      16
      20
      16
      14
      24
      31
      28
      19
      18
      30
      14
      16
      23
      24
      26
      26
      18
      13
      22
      19
      24
      16
      19
      15
      17
      25
      17
      22
      21
      23
      14
      20
      24
      24
      22
      20
      24
      27
      20
      24
      19
      18
      26
      15
      27
      25
      24
      25
      24
      19
      18
      22
      15
      24
      18
      16
      19
      24
      21
      26
      20
      20
      22
      25
      18
      17
      20
      19
      13
      17
      18
      17
      23
      17
      16
      16
      25
      17
      21
      26
      18
      17
      15
      18
      11
      18
       9
      15
      20
      15
      25
      15
      15
      19
      22
      17
      21
      22
      16
      20
      15
      15
      17
      22
      27
      18
      19
      15
      24
      11
      18
      20
      15
      25
      25
      14
      18
      14
      14
      16
      16
      15
      19
      21
      19
      21
      26
      23
      21
      30
      28
      20
      16
      17
      18
      24
      15
      21
      18
      21
      16
      15
      32
      23
      17
      17
      20
      16
      25
      31
      28
      38
      33
      30
      17
      23
      18
      22
      26
      24
      20
      17
      25
      21
      20
      20
      19
      24
      22
      25
      17
      17
      14
      20
      21
      31
      11
      22
      17
      20
      21
      16
      19
      17
      15
      15
      23
      16
      21
      14
      21
      19
      13
      11
      21
      11
      23
      15
      21
      18
      19
      21
      21
      16
      18
      24
      12
      24
      18
      13
       9
      13
      14
      18
      17
      12
      14
      26
      19
      20
      16
      20
      25
      22
      23
      21
      23
      20
      17
      12
      17
      23
      15
      20
      22
      13
      19
      29
      13
      16
      21
      10
      25
      23
      20
      14
      22
      19
      20
      29
      19
      31
      22
      31
      23
      26
      20
      17
      23
      23
      23
      15
      19
      20
      12
      16
      17
      19
      16
      17
      14
      14
      23
      14
      19
      22
      19
      23
      15
      23
      16
      15
      14
      15
       8
      17
      20
      13
      13
      16
      20
      22
      13
      23
      18
      16
      19
      11
      17
      18
      14
      17
      19
      11
      18
      24
      21
      16
      14
      18
      23
      12
      12
      18
      21
      14
      19
      21
      14
      15
      20
      21
      20
      11
      20
      23
      21
      20
      17
      14
      14
      19
      17
      13
      20
      20
      23
      18
      15
      23
      17
      17
      17
      13
      21
      21
      15
      17
      17
      20
      20
      10
      21
      15
      21
      19
      17
      22
      18
      21
      17
      11
      24
      13
      12
      18
      23
      14
      21
      14
      22
      14
      17
      20
      17
       9
      17
      15
      19
      17
      15
      25
      10
      17
      14
      17
      19
      14
      13
      12
      15
      16
      25
      15
      11
      21
      20
      12
      14
      18
      22
      23
      20
      19
      22
      19
      20
      16
      20
      13
      18
      17
      12
      17
      16
      13
      15
      14
      18
      12
      21
      18
      22
      23
      11
      13
      17
       7
      20
      18
      19
      10
      24
      15
      19
      15
      17
      10
      11
      18
       9
      15
      18
      13
      23
      19
      14
      17
      15
      12
      18
      19
      19
       7
       9
      13
      11
      19
       7
      16
      13
      13
      22
      22
      17
      14
      12
      12
      16
      16
      19
      12
      19
       8
      12
      10
      14
      15
      14
      15
      11
      16
      17
      13
       6
      23
      15
      14
      12
      17
      18
      15
      15
      15
      15
      26
      20
      15
      21
      22
       4
      10
      19
      18
      11
      13
      18
      19
      20
      13
      15
       8
      13
      16
      19
      11
       8
      12
      12
       9
      11
       9
      16
      17
      10
      16
      13
      15
      20
      14
      19
      14
      12
      21
      17
      18
      16
      10
       5
      10
       7
      11
      20
      13
      15
      10
      12
      22
      13
      12
      15
      13
       7
      15
       8
      12
       9
      12
       7
      10
      13
      15
      14
      15
      16
      12
      13
      16
      13
      14
      13
      15
      15
      12
       8
      14
       8
       9
      15
      18
      12
      14
      10
      14
       5
      15
      12
      15
       6
      11
      15
      12
       8
       5
      14
      11
      11
      11
       9
      10
      14
      16
      17
      13
       9
       8
      14
       9
       6
       8
      14
      12
      14
       5
      12
      13
      17
      11
      12
      13
      14
       4
      14
      12
      13
      22
      10
      14
       4
       7
       8
       9
      15
      10
      14
       9
      13
      15
       9
      18
      13
      22
      13
      14
      14
       8
      13
      15
      11
      16
       6
       9
       6
      12
      11
       9
      15
      14
      18
      25
      35
      58
      81
      83
     120
      95
      57
      27
      15
      15
       9
       7
      18
       8
       9
       9
      16
      13
      13
      10
      14
       5
      10
      14
       7
      10
      14
      11
      10
       5
      10
       7
       7
      10
       7
       7
       6
      13
      11
       9
      10
       6
      17
       9
      12
       7
      11
       9
       7
       6
       8
       9
       8
      10
       8
      10
      10
      16
      11
      10
       7
       9
      18
      15
      10
      10
       9
      16
       7
      11
       8
       7
      11
       8
       8
       7
      11
      13
       9
       7
       9
       8
      11
       5
       6
      13
       8
      10
      12
       6
       9
       7
       9
      14
      13
       9
      14
       8
       6
      15
       8
       8
       4
      14
      18
       5
      12
      13
       5
       6
       6
      10
      16
       6
      13
      17
       7
       7
       8
      13
      10
      10
      13
       8
       8
       8
       7
      14
       8
      13
       8
      15
       9
      11
      10
      11
      11
      11
       6
       8
       9
       6
      10
      12
      10
      12
       7
       8
       6
       8
      12
       4
       9
       8
      13
       4
       7
       5
       8
      14
      15
       8
      12
      10
      10
      11
      13
      10
      14
      12
       7
      14
       5
      12
       7
       5
      18
       9
       8
      12
       7
       9
       8
       7
      12
      13
       8
      14
       5
      10
      15
       9
       8
       1
      11
       6
      13
      15
      14
       7
      14
      12
       7
       5
       4
       6
       7
       9
       4
      12
      10
       9
      10
       8
      10
       9
       6
       5
       8
      10
      13
      10
       7
       2
       8
      14
       6
      11
       8
       9
      10
       5
       3
      16
       6
       9
       6
       6
      13
       9
      11
       5
      11
      10
       3
       9
      11
       7
      14
       7
       8
       9
      11
       5
       6
      11
      11
       9
       6
       8
       7
      11
       6
       4
      10
      15
       4
       6
      11
       9
      10
       9
       7
       7
      10
       4
      15
       3
       7
       9
       7
      11
      10
       4
       8
      10
       6
       9
       9
      12
       6
      10
      12
       7
       8
       9
       9
       7
      13
       4
      10
       9
       8
       4
      11
       8
       9
      10
       9
       5
       7
      11
       8
      10
      10
       9
       5
       8
       7
      10
       6
       6
      13
      13
       8
       8
       6
       9
      12
       5
       7
       9
       8
       5
       9
      10
       8
      12
       6
       9
       9
       5
       8
       5
      15
       6
      15
       6
      11
       8
       6
      10
       7
       7
       9
      10
       7
      10
      11
       8
      13
       7
      10
       5
       9
       9
       7
       7
      11
      18
      13
       6
      13
       4
       9
       7
      15
       5
       7
      10
       7
       5
       5
       8
       9
       9
      11
      11
      14
      16
       6
      12
       4
      13
       7
      16
       8
       5
       6
       7
       9
       7
       3
      13
       8
       3
       6
       4
      12
      10
      11
       6
       8
      12
       6
       7
      12
      10
       7
       4
       6
      10
       5
      13
       9
       5
       7
       7
       7
       9
       7
      16
      13
      10
      12
       6
       5
       6
       4
       6
       6
       6
       4
      11
       6
       7
       6
      16
      10
      12
       9
       6
       6
       5
       8
       9
       3
       5
       2
       7
       7
       3
       7
       8
      11
       6
       5
       7
       9
       9
      10
      15
       5
       3
       3
       4
       9
       9
       7
       7
       7
       6
       9
      11
       6
       3
       8
       5
       6
       8
       9
       9
       9
       8
       8
       6
       4
       5
      10
      10
       4
       8
       5
      10
      10
       8
       8
       7
       9
       6
       8
       5
       4
       5
       3
       8
      12
       4
       3
       1
       9
       7
      15
       5
       7
       7
       5
       5
       7
       5
       5
       5
       5
       4
       6
       7
       6
       6
       5
       7
       5
      10
       7
       8
       9
       7
       7
       8
       8
      12
       6
      16
       8
      10
       5
      12
       6
       4
      12
      10
       7
       6
      10
       5
       9
       4
       8
       6
      10
      10
      11
      11
       4
       9
       6
       6
       9
       8
       8
       8
       5
       7
       7
       6
      11
      10
       6
       5
       4
       9
       5
      11
       5
       7
       5
       5
       6
       5
       8
       9
       6
       5
       7
      16
       7
       8
       6
      12
      11
       9
      10
       5
       8
       8
       6
       7
       3
       4
       3
       6
      12
       7
      13
       7
       3
       5
       8
       6
      11
       7
      10
       5
       8
       7
      11
       9
       7
       7
       4
      12
      12
       7
       9
       4
       9
       8
       5
       9
      10
       8
       4
       3
       6
       3
       5
       6
       9
       6
      13
       5
       9
       5
       5
       6
       6
       8
       6
       5
       4
       6
       7
       6
       7
       1
       6
       2
       7
       8
       3
       9
       6
       5
       7
       6
       8
       6
      10
       4
       4
      11
      11
       3
       6
       6
       9
       7
       7
       7
      10
       8
       8
       4
       9
       5
       8
       8
       5
      11
      10
       4
      11
       8
       5
       8
       8
       2
      10
      12
       5
       4
       8
       7
       7
       5
       5
       3
       5
       6
      10
       4
       4
       4
       2
       5
      13
       7
       4
       9
       4
       8
      10
      15
       4
       6
       5
       7
       8
       9
       6
       8
       5
       4
       8
       5
       6
       8
       9
       5
      16
       8
       6
       1
       8
       5
       9
       8
       6
       7
       5
      10
      12
       8
       8
       4
       7
       3
       5
       4
      11
       9
       7
       8
       5
       7
      10
       8
      13
       8
       2
       7
       7
       7
      10
      11
       2
       4
       4
       7
       6
       8
      11
       7
       8
       7
       7
       7
       5
       3
       8
       9
       9
       8
      11
       3
       7
       4
       4
       7
       7
       8
      10
       2
       3
       3
       3
      10
       3
       6
       5
       6
       9
      11
       6
       2
       4
      10
      12
       9
       9
       3
       7
       4
       6
       4
       7
       6
       4
       9
      10
       7
       2
       7
       6
       6
       7
       4
      10
       6
       2
       4
       8
       9
      10
       5
      10
       5
       7
       7
       6
       5
       6
       9
       5
       4
      10
       7
       3
       2
       3
       6
       2
       9
       3
       4
       7
       9
       8
       3
       8
       6
       4
       7
       4
       6
       9
       5
       7
       2
       6
       4
       5
       7
       7
       6
       4
       8
      10
       7
      10
       9
       7
       5
       6
       5
       5
       7
       8
       6
       5
       6
       6
       9
       8
       9
       2
       4
       4
      10
      10
       3
       2
       7
       9
      11
       9
       2
       1
       8
       6
       5
       6
       7
      11
      12
       7
       8
       9
       7
       6
       4
       2
       9
       5
       6
       6
       9
       9
       6
       4
      11
       7
      12
       6
       5
       7
       7
       5
       8
       3
      11
       4
       7
      10
       4
       5
       5
       7
       7
       1
      12
      11
       5
       9
       3
       7
       7
       3
      11
       5
       7
       4
       9
       6
      10
       7
       7
       6
       8
       7
       6
       3
      15
       6
       7
      10
       6
       3
       8
       5
       2
       5
       6
       7
       7
       5
       6
       9
       9
       4
       9
       8
       4
       5
       6
       6
       2
       4
       6
       6
      10
       5
       6
       5
       6
       4
       6
      12
       2
       1
       9
       9
       8
       5
       5
       8
       4
       8
       3
      11
      10
       5
       5
       6
       6
       4
       8
      15
       7
       8
       8
       6
       3
       9
       7
       5
       7
      12
      15
       6
       4
       3
      13
       7
       5
       7
      10
       6
       5
       2
       6
       6
       8
       4
       6
       4
       0
       6
       9
       5
       6
       5
       3
      10
       6
       3
       6
       8
       9
       6
       7
       6
       9
       5
       7
       7
       4
       3
       3
       5
       7
       5
       7
       8
       7
       3
       8
       4
       8
       3
       7
       8
       7
      10
       6
       7
       7
       4
       5
       6
       4
       9
       7
       3
       5
       5
       6
      11
       4
       6
       7
       4
       5
       7
       2
       2
       8
       4
       5
       7
       7
       7
       4
       6
       6
       5
       4
       8
       7
       5
       3
       2
       8
      11
      12
       5
       2
      10
       8
       3
      10
       7
       4
       3
       7
       8
      10
       5
       7
       6
       5
       7
       6
       5
       4
       8
       5
       7
       6
       8
       6
       4
       6
       6
       6
       8
       9
       4
       8
      11
       6
       4
       6
       7
       5
       4
       7
       7
       6
       2
       5
       4
       4
       3
       6
       4
       8
       3
       3
       5
       8
       3
       7
       9
       9
       5
       3
      10
       9
       2
       8
       3
       6
       2
      13
      10
       9
       7
      10
       5
       6
      10
       4
       6
       5
       2
       3
       5
       7
       5
       9
       2
       4
       3
       8
       7
       2
       6
      10
       4
       2
      10
       5
       4
       8
      13
       9
       7
       6
       3
       6
       4
       4
       9
       5
       0
       6
       5
       5
       6
       5
       8
       4
       7
       5
       5
       9
       8
       2
       7
       6
       2
       5
       4
       7
       8
       5
       6
       6
       6
       8
       1
       9
       3
      10
       6
       6
       7
       7
       8
       4
       7
       5
       6
       7
       5
       7
       6
       8
       3
       8
       4
       5
      10
       3
       7
       7
       3
       0
       0
       0
       0
       0
       0
       0
       0
       0
       0
       0
       0
       0
       0
       0
       0
       0
       0
       0
       0
       0
       0
       0
       0
       0
       0
       0
       0
       0
       0
       0
       0
       0
       0
       0
       0
       0
       0
       0
       0
       0
       0
       0
       0
       0
       0
       0
       0
       0
       0
       0
       0
       0
       0
       0
       0
       0
       0
       0
       0
       0
       0
       0
       0
       0
       0
       0
       0
       0
       0
       0
       0
       0
       0
       0
       0
       0
       0
       0
       0
       0
       0
       0
       0
       0
       0
       0
       0
       0
       0
       0
       0
       0
       0
       0
       0
       0
       0
       0
       0
       0
       0
       0
       0
       0
       0
       0
       0
       0
       0
       0
       0
       0
       0
       0
       0
       0
       0
       0
       0
       0
       0
       0
       0
       0
       0
       0
       0
       0
       0
       0
       0
       0
       0
       0
       0
       0
       0
       0
       0
       0
       0
       0
       0
       0
       0
       0
       0
       0
       0
       0
       0
       0
       0
$ROI:
0
$PRESETS:
None
0
0
$ENER_FIT:
0.000000 1.000000
$MCA_CAL:
3
0.000000E+000 1.000000E+000 0.000000E+000 keV
$SHAPE_CAL:
3
1.000000E+000 0.000000E+000 0.000000E+000
