$SPEC_ID:
No sample description was entered.
$SPEC_REM:
DET# 1
DETDESC# SCE-SOPA-00035 MCB 133
AP# Maestro Version 7.01
$DATE_MEA:
10/29/2019 15:14:35
$MEAS_TIM:
84884 84885
$DATA:
0 4095
       0
       0
       0
       0
       0
       0
       0
       1
       1
       0
       1
       0
       0
       1
       0
       0
       0
       1
       0
       1
       0
       2
       2
       2
       3
       7
      32
     152
      58
      85
     356
     375
     392
     390
     383
     389
     392
     388
     395
     371
     402
     339
     380
     388
     425
     443
     615
     640
     561
     392
     364
     357
     362
     398
     390
     396
     359
     324
     403
     310
     356
     358
     480
     676
     720
     567
     351
     354
     383
     356
     363
     381
     346
     372
     365
     383
     425
     424
     430
     377
     392
     387
     349
     405
     404
     424
     378
     399
     353
     414
     382
     489
     739
     953
     840
     534
     403
     382
     376
     402
     372
     356
     382
     395
     355
     374
     360
     426
     393
     373
     388
     358
     429
     378
     398
     422
     403
     402
     398
     343
     384
     392
     385
     379
     370
     417
     376
     365
     378
     412
     395
     412
     386
     397
     431
     412
     347
     407
     395
     401
     361
     406
     388
     408
     411
     462
     434
     374
     385
     401
     364
     376
     367
     386
     405
     400
     354
     368
     393
     370
     397
     379
     396
     394
     386
     414
     317
     379
     364
     381
     363
     327
     346
     358
     357
     400
     378
     355
     385
     347
     340
     326
     327
     354
     360
     459
     572
     525
     452
     358
     338
     351
     342
     312
     323
     340
     322
     312
     305
     348
     282
     356
     321
     337
     292
     282
     325
     320
     289
     308
     290
     318
     302
     287
     272
     291
     282
     307
     297
     279
     314
     323
     288
     267
     272
     259
     267
     315
     273
     296
     254
     271
     251
     254
     280
     279
     267
     243
     267
     295
     310
     298
     265
     240
     229
     227
     264
     253
     243
     228
     243
     257
     263
     217
     236
     236
     224
     216
     270
     266
     219
     243
     215
     222
     235
     232
     226
     205
     203
     227
     226
     209
     217
     227
     215
     202
     211
     204
     195
     218
     223
     190
     212
     208
     193
     205
     189
     194
     193
     183
     189
     179
     193
     199
     188
     206
     188
     191
     186
     182
     169
     202
     180
     155
     199
     179
     193
     168
     164
     188
     181
     203
     155
     174
     157
     177
     167
     172
     164
     162
     157
     176
     164
     151
     158
     185
     179
     152
     146
     186
     182
     158
     162
     184
     173
     140
     177
     166
     159
     172
     174
     147
     160
     154
     132
     144
     140
     130
     161
     160
     156
     156
     159
     185
     149
     166
     131
     162
     146
     156
     137
     132
     173
     157
     144
     139
     160
     162
     140
     129
     113
     156
     120
     107
     134
     146
     121
     149
     137
     143
     137
     128
     138
     134
     129
     131
     133
     122
     123
     117
     125
     136
     111
     115
     122
     113
     124
     134
     127
     134
     137
     111
     105
     126
     117
     127
     124
     118
     131
     112
     129
     111
     104
     123
     121
     106
     125
     132
     131
     108
     110
     116
     114
     131
     113
     115
     108
     130
     123
     119
     111
      97
     109
     104
     112
      99
     111
     121
     107
     117
     120
     111
      95
      92
     115
     113
     104
     108
     104
     120
     120
     103
     110
     112
      80
     101
     109
     110
     110
      97
     106
     109
      96
      93
     108
     104
     115
     108
      89
      94
     103
      98
      97
     101
      85
      90
      98
      92
      93
     103
      85
      88
     106
      87
     112
      93
     103
     101
      92
      89
      94
      79
      91
     103
      88
      92
      86
      78
      87
      95
     101
     106
     114
      99
     110
      95
      95
      94
      79
     105
     159
     203
     307
     343
     306
     215
     141
      96
     105
      80
      83
      83
      75
      88
      78
      75
      67
      68
      76
      65
      71
      89
      98
      98
      71
      86
      74
      75
      63
      96
      76
      90
      82
      90
      78
      90
      75
      70
      89
      77
      68
      87
      73
      77
      76
      75
      69
      80
      71
      83
      73
      85
      73
      82
      73
      98
      81
      79
      73
      81
      72
      90
      82
      83
      76
      78
      68
      83
      86
      68
      85
      85
      72
      81
      82
      90
      91
      89
      81
      90
      70
      79
      71
      74
      72
      72
      77
      75
      80
     101
      84
      73
      86
      72
      72
      81
      74
      75
      82
      85
      85
     103
      87
      87
      87
      74
      64
      92
      68
      75
      75
      81
      67
      55
      78
      60
      70
      80
      69
      68
      53
      82
      69
      80
      71
      69
      82
      84
      74
      65
      75
      64
      62
      80
      79
      65
      78
      65
      78
      69
      68
      76
      59
      58
      79
      65
      74
      60
      66
      78
      64
      66
      68
      67
      80
      77
      71
      56
      72
      52
      79
      74
      83
      73
      67
      76
      58
      53
      74
      76
      56
      62
      66
      58
      76
      59
      69
      61
      59
      55
      80
      61
      55
      63
      54
      76
      78
      74
      72
      78
      65
      67
      77
      65
      76
      62
      68
      70
      68
      69
      75
      68
      67
      61
      61
      62
      59
      61
      64
      57
      51
      61
      67
      62
      69
      56
      56
      53
      68
      63
      64
      66
      61
      65
      51
      55
      63
      62
      57
      51
      52
      63
      64
      58
      50
      55
      63
      56
      51
      61
      50
      61
      60
      59
      64
      60
      59
      51
      62
      47
      61
      65
      47
      67
      52
      53
      49
      51
      61
      73
      66
      67
      66
      55
      71
      52
      49
      58
      62
      48
      56
      40
      47
      60
      47
      50
      45
      48
      54
      54
      52
      71
      51
      59
      67
      62
      53
      56
      62
      59
      48
      41
      50
      55
      58
      51
      65
      43
      58
      52
      54
      60
      48
      45
      60
      57
      66
      61
      58
      48
      45
      50
      45
      45
      53
      46
      50
      50
      58
      69
      52
      46
      54
      41
      40
      54
      63
      53
      55
      45
      49
      38
      58
      39
      49
      53
      56
      51
      59
      48
      56
      46
      48
      42
      39
      43
      41
      40
      41
      51
      46
      44
      44
      54
      49
      51
      57
      53
      49
      44
      40
      38
      49
      49
      46
      43
      53
      44
      46
      52
      51
      39
      44
      42
      50
      45
      43
      46
      49
      52
      44
      58
      41
      45
      51
      51
      37
      37
      46
      43
      43
      48
      49
      36
      29
      50
      46
      44
      39
      49
      49
      38
      43
      54
      48
      69
      49
      40
      39
      50
      48
      37
      46
      42
      37
      41
      40
      47
      43
      39
      51
      45
      52
      32
      39
      41
      42
      44
      53
      38
      38
      32
      33
      30
      50
      44
      36
      42
      47
      36
      48
      36
      43
      38
      44
      34
      37
      47
      37
      39
      39
      32
      48
      48
      43
      58
      49
      55
      59
      47
      40
      40
      42
      44
      50
      53
      39
      36
      46
      39
      48
      43
      47
      43
      33
      41
      40
      41
      46
      43
      51
      41
      35
      30
      31
      27
      41
      38
      23
      37
      49
      35
      42
      42
      49
      53
      53
      39
      44
      39
      49
      35
      41
      33
      44
      38
      64
      52
      38
      43
      35
      46
      31
      26
      45
      24
      41
      39
      30
      43
      37
      42
      33
      26
      40
      44
      36
      39
      29
      40
      34
      27
      47
      39
      32
      32
      30
      37
      30
      44
      34
      36
      29
      40
      23
      33
      37
      45
      42
      41
      31
      36
      29
      38
      32
      40
      37
      28
      37
      38
      24
      43
      35
      29
      28
      32
      40
      32
      32
      42
      41
      31
      30
      33
      43
      25
      26
      36
      27
      37
      39
      29
      35
      50
      37
      32
      41
      35
      33
      34
      26
      30
      39
      32
      34
      30
      35
      33
      31
      24
      31
      35
      35
      39
      35
      41
      36
      27
      42
      42
      40
      31
      36
      33
      28
      56
      33
      20
      43
      26
      36
      32
      34
      24
      39
      30
      37
      23
      32
      29
      51
      32
      25
      34
      29
      36
      30
      26
      23
      22
      29
      21
      31
      40
      33
      27
      28
      36
      39
      35
      31
      38
      20
      33
      29
      27
      42
      32
      36
      23
      38
      33
      17
      25
      41
      30
      20
      39
      23
      33
      33
      29
      33
      28
      27
      33
      36
      41
      26
      33
      33
      26
      30
      30
      26
      37
      24
      30
      33
      39
      32
      27
      30
      25
      19
      36
      24
      26
      35
      23
      34
      28
      25
      26
      41
      35
      27
      32
      30
      25
      35
      36
      41
      35
      33
      22
      27
      29
      23
      29
      39
      27
      31
      17
      22
      20
      31
      30
      33
      32
      35
      32
      30
      34
      31
      24
      27
      22
      26
      24
      26
      27
      28
      30
      34
      28
      22
      26
      29
      17
      30
      27
      25
      30
      23
      22
      26
      31
      26
      31
      29
      21
      25
      24
      17
      21
      21
      25
      31
      30
      27
      22
      30
      22
      37
      20
      27
      33
      27
      22
      35
      24
      14
      21
      27
      25
      25
      23
      32
      21
      29
      24
      22
      26
      21
      20
      29
      24
      20
      31
      22
      21
      27
      33
      21
      24
      32
      24
      35
      26
      20
      30
      29
      29
      22
      27
      25
      24
      16
      26
      21
      23
      14
      18
      24
      23
      28
      21
      19
      28
      23
      18
      16
      18
      20
      23
      15
      30
      24
      18
      18
      24
      23
      28
      22
      14
      16
      27
      24
      21
      20
      20
      18
      17
      31
      27
      23
      17
      23
      24
      14
      17
      18
      25
      25
      19
      23
      28
      31
      19
      21
      28
      19
      15
      19
      32
      16
      27
      17
      32
      34
      17
      21
      16
      13
      22
      17
      16
      26
      20
      16
      18
      22
      20
      20
      25
      14
      22
      13
      26
      25
      25
      15
      16
      15
      23
      26
      17
      21
      16
      17
      18
      13
      15
      20
      20
      24
      15
      13
      16
      17
      15
      27
      13
      18
      21
      15
      19
      26
      16
      19
      17
      15
      21
      21
      21
      14
      16
      10
      23
      23
      18
      24
      17
      21
      21
      12
      21
      16
      14
      17
      29
      18
      42
      71
     129
     120
      77
      57
      18
      20
      22
      14
      16
      17
      13
      11
      14
      17
      14
      18
      16
      17
      16
      16
      16
      24
      17
      15
      15
      18
      24
      13
      10
      16
      13
      15
      17
      19
      14
      15
      17
      15
      19
      23
      11
      17
      22
      17
      24
      13
      25
      18
      15
      20
      21
      10
      15
      12
      17
      18
      12
      15
      16
      20
      14
      10
      18
      22
      17
      13
      12
      21
      10
      16
      17
       9
      17
       9
      18
      11
      16
      13
      22
       7
      12
      19
      10
       8
      17
      11
      18
      14
      17
      16
      10
      15
      12
      15
      12
      14
      11
      13
      12
       8
      12
      13
      10
      24
       9
      14
      18
      15
      10
      17
       8
      10
      14
      22
      16
      16
      15
      18
      12
      24
      15
      21
      10
      16
      12
      16
       7
      17
      14
      21
      14
      25
      15
      14
      23
      17
      18
      11
      16
      18
      16
      13
      12
      20
      12
      13
       9
      11
       9
      14
      19
      14
       8
      15
      12
      15
       9
      10
       9
      17
      28
      14
      13
      17
      14
      19
       8
       7
      14
      10
      18
      13
      13
      14
      12
      14
      17
      11
      15
      19
      14
      15
       7
       9
       7
       9
      11
       9
      17
      14
      11
      13
       8
       7
      12
      10
      15
       8
      10
      11
      14
       8
       8
      13
      21
      10
      13
       8
       7
      10
      12
      12
       7
      14
      12
      17
       7
      12
      18
      14
      14
      10
      14
      15
      11
       7
      12
       7
      10
       8
      12
       7
      15
       8
      14
      10
       7
      14
      10
      16
      17
       9
      16
       7
      14
       7
      12
       6
       6
      10
      14
      12
      13
       8
       6
      12
      13
       8
       8
      15
       9
       9
      10
       9
       7
       8
      12
       8
      12
       5
      19
      18
       7
      14
      16
       7
      10
       8
      11
       9
      10
      11
      13
       9
      11
      13
      13
      12
      10
      11
      10
       8
       7
      11
       9
      13
       8
      14
      14
       7
       9
       7
      10
      11
      12
      19
      24
      25
       7
       8
       5
       8
       8
       5
       9
       6
       7
      10
      13
      11
       6
       9
       8
       9
      11
       7
       3
       7
      19
      11
       9
       8
      10
       6
       9
      17
       8
      10
       7
      10
       8
      10
      10
      11
      11
       9
      12
       4
      10
       8
      11
      10
      13
       5
       6
       3
      11
       8
      12
      13
       9
      10
      12
      13
      15
       6
      12
       7
      10
      13
      14
      17
      10
       7
       7
       8
       2
       5
      11
       7
       8
       9
      11
       8
      10
      10
       7
      14
      10
      16
      11
       8
       5
      15
       8
       7
       7
       6
      10
      15
      10
       9
       7
       9
       6
      12
       7
       7
       9
      10
      13
       5
       8
      13
       6
       9
       8
       7
      10
      12
       9
       7
      14
      11
       3
       6
       9
       8
       3
       5
      11
       8
       8
       8
       4
       5
       6
      12
       9
      11
       4
       6
      10
      11
       7
       3
       5
       5
      12
       7
       5
       6
      12
       5
       6
       6
       9
      10
       8
       5
       8
       5
       8
       7
      11
       9
      10
      10
       9
       3
       6
       4
      14
       8
       6
      10
       5
       7
       7
       9
      10
      13
      11
       9
      13
       6
       6
      12
       8
       6
       7
       9
      13
      10
       9
       9
       2
       9
       4
      14
      13
      10
       8
      11
       9
      12
       7
      11
       8
       9
       9
      12
       8
       6
      11
      11
       8
       9
       7
       9
      14
       9
      10
      11
       7
       7
      12
      21
      13
       5
      10
       5
      12
       5
       5
      12
      11
       6
       8
      15
       6
       7
      11
       6
       8
      11
       2
       5
       5
       7
       5
       5
       9
       5
       8
       9
       7
       9
       6
       7
       7
       8
      12
      12
       5
       5
       7
       6
       6
       5
       3
       4
       4
       7
       7
      10
       5
      13
       5
       9
      11
       4
       8
       3
       8
       4
       8
       6
       7
       4
       3
      10
       3
       5
       5
       3
       5
       7
       4
       8
      10
       8
       7
       9
       7
       7
      11
       5
       9
       6
      10
       8
       7
       7
       4
       4
      11
       9
       3
       9
       4
       3
       3
       5
       6
      11
       5
       8
       7
       5
       6
       7
       9
       9
       9
      10
       5
       9
       7
      11
       9
       7
       5
      11
       8
      18
       6
      14
       8
      10
       8
       6
      11
       4
       4
      12
       5
       0
       8
       9
      10
       7
       8
       6
       7
       8
       6
       4
       7
      10
       5
       2
       6
       4
       2
      11
       3
       2
       8
      10
       5
       2
       7
      10
      10
       7
       7
       6
       9
       4
       5
      12
       6
       9
      10
       6
       4
       9
       8
       3
       6
       9
       4
       5
       7
       8
       4
       6
       8
       7
       3
      10
       6
       8
       7
       4
       5
       5
       5
       4
       5
       6
       4
       4
      10
       4
       3
       7
       5
       3
       7
       7
       7
       1
       7
       8
       2
       6
       3
       9
       7
       6
       9
       9
       8
       7
      16
       7
      11
       6
       5
       3
       5
       7
       4
       9
       4
       7
       7
       6
       5
       3
       6
       2
       8
       6
       7
       6
      10
       4
       9
       9
       8
       6
       5
       5
       7
       8
       8
       5
       5
       5
       3
       7
       7
       6
       9
       7
       4
       6
       4
       4
      10
       8
       8
       4
       4
       3
       6
      10
       6
       8
       7
       6
      13
       9
       6
       2
      12
       4
       9
       8
       6
       7
       4
       2
       3
       8
       5
       7
       5
       6
       9
       6
       3
       5
       7
       4
       9
       7
       6
      10
       3
       7
      10
       8
       5
       6
      11
       5
       4
       6
       6
       6
       3
       2
       4
       3
       4
       3
       5
       8
       6
       7
       6
       6
       4
       9
       4
       4
       5
       8
       9
       4
      10
       8
       6
       5
       8
       7
       7
       9
       3
       8
       7
       8
       3
       7
       7
       5
       7
       7
       7
       4
       7
      10
       9
       3
       7
       4
       6
       7
       9
      10
       5
       5
       6
      11
       5
       7
       5
       6
       9
       2
       7
      10
       5
       7
       8
       3
       5
       7
       7
       4
       4
      10
       4
       7
       6
       4
       5
       4
       7
       1
       7
       5
       6
       8
       2
       1
       5
       6
       6
       6
       1
       6
       3
       4
       8
       9
       4
       7
       1
       5
       5
       4
       5
       5
       5
       5
       3
       6
       7
       5
       4
       6
       3
       3
       7
       4
       4
       3
       6
       3
       4
       7
       5
       4
       6
      10
       4
       5
       3
       6
       5
       4
       8
       5
       5
       4
       2
       6
       6
       5
       5
       3
       2
       5
       5
       7
       5
       4
       7
       4
       8
       4
       6
       2
       1
       6
       2
       2
       7
       5
       4
       3
       5
       6
       2
       5
       6
       3
       8
       5
       8
       6
       6
       1
       9
       6
       9
       2
       4
       6
       1
       5
       5
       9
       2
       3
       1
       6
       3
       7
       5
       1
       2
       7
       8
       3
       6
       3
       6
       4
       2
       7
       3
       6
       6
       4
      12
       7
       1
       5
       6
       1
       4
       5
       4
       6
      11
       0
       6
       2
       4
       4
       2
       8
       1
       7
       5
       6
       3
       3
       6
       2
       2
       4
       0
       1
       4
       3
       7
       2
       4
       4
       2
       2
       2
       4
       1
       6
       4
       3
       3
       5
       4
       2
       6
       6
       2
       2
       8
       0
       3
       4
       5
       4
       4
       6
       4
       1
       6
       6
       4
       8
       5
       7
       3
       4
       2
       5
       3
       8
       2
       1
       3
       3
       5
       2
       2
       4
       4
       3
       9
       6
       6
       8
       6
       7
       3
       3
       3
       5
       3
       2
       4
       7
       1
       7
       4
       3
       3
       3
      13
      16
      16
      38
      34
      29
      25
       9
       6
       8
       2
       7
       5
       3
       5
       5
       3
       6
       2
       4
       6
       7
       4
       4
       7
       1
       7
       2
       4
       2
       3
       3
       3
       2
       2
       5
       6
       4
       5
       2
       2
       5
       4
       2
       2
       7
       3
       4
       6
       4
       3
       0
       5
       5
       2
       2
       3
       5
       4
       7
       4
       4
       5
       3
       4
       5
       5
       5
       5
       3
       2
       4
       2
       6
       0
       1
       4
       2
       2
       3
       4
       4
       3
       4
       4
       4
       3
       3
       2
       3
       4
       3
       5
       5
       2
       1
       6
       1
       1
       1
       5
       3
       3
       2
       2
       4
       2
       1
       4
       6
       0
       2
       4
       6
       4
       3
       6
       7
       5
       4
       2
       4
       6
       3
       3
       3
       5
       4
       6
       2
       5
       6
       2
       5
       3
       4
       1
       1
       6
       0
       4
       3
       5
       4
       4
       5
       4
       5
       2
       2
       2
       1
       4
       4
       2
       3
       3
       5
       3
       5
       2
       4
       6
       4
       6
       2
       1
       2
       3
       7
       2
       3
       2
       2
       5
       3
       0
       6
       3
       0
       4
       4
       3
       3
       1
       2
       1
       5
       7
       5
       4
       2
       2
       2
       3
       3
       3
       2
       0
       7
       2
       1
       4
       2
       2
       6
       3
       1
       4
       4
       7
       6
       1
       1
       0
       1
       1
       1
       3
       4
       2
       1
       2
       5
       2
       4
       1
       3
       3
       3
       3
       3
       3
       5
       5
       2
       6
       3
       3
       3
       3
       3
       1
       4
       3
       5
       5
       6
       5
       5
       2
       4
       3
       1
       2
       5
       4
       1
       8
       4
       1
       5
       3
       3
       4
       1
       3
       3
       3
       4
       1
       1
       5
       3
       1
       1
       5
       5
       2
       1
       1
       3
       3
       3
       1
       5
       1
       3
       4
       1
       5
       4
       3
       1
       4
       4
       1
       2
       4
       2
       3
       5
       2
       3
       2
       5
       2
       4
       5
       1
       4
       3
       1
       1
       1
       4
       4
       4
       4
       6
       1
       3
       4
       4
       6
       2
       1
       2
       2
       5
       3
       6
       2
       3
       3
       2
       0
       3
       1
       3
       2
       1
       2
       4
       9
       0
       5
       0
       1
       4
       3
       3
       3
       2
       4
       4
       1
       2
       2
       4
       4
       8
       4
       2
       2
       4
       6
       2
       2
       7
       1
       2
       2
       3
       3
       2
       3
       0
       4
       4
       3
       5
       3
       8
       2
       2
       4
       3
       3
       3
       1
       3
       3
       2
       3
       3
       4
       5
       4
       3
       0
       2
       2
       2
       1
       0
       5
       2
       3
       0
       2
       2
       6
       3
       4
       4
       3
       2
       7
       1
       2
       3
       5
       3
       2
       3
       3
       2
       2
       7
       3
       4
       2
       5
       2
       1
       1
       2
       1
       2
       4
       1
       2
       5
       1
       4
       4
       5
       2
       6
       3
       3
       2
       3
       5
       0
       4
       5
       2
       3
       2
       2
       3
       0
       0
       1
       2
       2
       5
       0
       3
       5
       2
       4
       3
       1
       6
       1
       2
       4
       1
       2
       2
       3
       4
       5
       0
       3
       0
       4
       2
       4
       2
       0
       4
       0
       0
       3
       2
       4
       2
       3
       4
       1
       1
       4
       5
       4
       3
       1
       3
       2
       1
       1
       3
       2
       1
       3
       1
       3
       2
       4
       2
       2
       2
       1
       4
       2
       5
       6
       4
       2
       3
       1
       3
       1
       3
       4
       2
       3
       5
       4
       0
       3
       4
       6
       5
       2
       3
       3
       4
       0
       3
       3
       3
       3
       3
       2
       2
       3
       3
       3
       2
      10
       1
       7
       5
       2
       2
       4
       6
       3
       4
       9
       1
       1
       1
       2
       2
       8
       2
       2
       2
       4
       2
       1
       0
       2
       2
       2
       4
       1
       3
       0
       3
       4
       3
       1
       0
       1
       1
       0
       1
       4
       1
       2
       4
       1
       3
       1
       6
       3
       2
       7
       0
       1
       1
       2
       3
       2
       3
       3
       3
       1
       1
       1
       6
       1
       2
       1
       2
       3
       0
       4
       2
       4
       4
       3
       4
       2
       1
       1
       3
       1
       1
       3
       5
       3
       6
       2
       2
       1
       0
       5
       3
       3
       4
       4
       5
       3
       2
       3
       5
       1
       2
       4
       2
       2
       1
       3
       1
       3
       3
       4
       1
       4
       4
       3
       7
       3
       1
       0
       4
       0
       2
       2
       2
       8
       2
       4
       0
       4
       2
       1
       3
       4
       1
       2
       1
       5
       0
       4
       0
       3
       3
       3
       2
       0
       2
       4
       4
       2
       4
       2
       2
       2
       2
       4
       0
       3
       4
       1
       3
       2
       0
       3
       1
       5
       2
       1
       7
       3
       3
       4
       1
       1
       1
       4
       3
       2
       2
       4
       3
       6
       2
       3
       2
       6
       2
       2
       2
       5
       0
       2
       2
       1
       2
       3
       5
       9
       2
       1
       0
       0
       2
       5
       2
       3
       2
       2
       5
       1
       1
       2
       1
       3
       2
       1
       6
       0
       6
       0
       0
       3
       3
       2
       8
       3
       2
       3
       1
       2
       1
       1
       2
       2
       1
       1
       2
       3
       1
       2
       1
       1
       2
       2
       1
       2
       0
       0
       1
       1
       0
       3
       2
       1
       0
       2
       2
       4
       2
       2
       7
       1
       3
       1
       0
       2
       4
       2
       3
       3
       3
       4
       2
       0
       3
       1
       2
       2
       3
       2
       5
       3
       4
       4
       2
       0
       5
       3
       3
       0
       4
       2
       3
       6
       3
       1
       2
       0
       4
       2
       2
       3
       3
       1
       2
       3
       2
       2
       3
       2
       5
       4
       2
       0
       4
       2
       2
       1
       3
       3
       3
       1
       1
       3
       5
       4
       2
       3
       1
       3
       2
       2
       5
       0
       4
       4
       4
       1
       0
       2
       3
       2
       4
       2
       3
       4
       0
       0
       3
       2
       2
       0
       5
       2
       2
       1
       1
       2
       0
       2
       4
       2
       2
       3
       3
       1
       2
       2
       3
       0
       0
       3
       0
       3
       2
       4
       2
       1
       1
       3
       1
       1
       3
       1
       3
       4
       2
       2
       2
       3
       2
       3
       3
       3
       6
       1
       2
       2
       2
       2
       4
       2
       6
       1
       3
       2
       4
       4
       3
       1
       4
       1
       3
       0
       6
       1
       0
       3
       1
       0
       0
       5
       1
       1
       2
       2
       2
       7
       2
       2
       1
       4
       2
       3
       0
       5
       1
       0
       2
       2
       3
       4
       2
       1
       5
       4
       3
       2
       0
       1
       2
       0
       0
       0
       2
       0
       1
       1
       3
       0
       1
       2
       4
       2
       2
       3
       3
       4
       0
       1
       0
       3
       1
       1
       4
       3
       1
       3
       2
       1
       4
       2
       1
       0
       5
       2
       4
       2
       3
       0
       1
       0
       4
       3
       4
       0
       3
       1
       1
       3
       0
       1
       1
       1
       2
       4
       1
       1
       5
       2
       1
       2
       4
       3
       3
       2
       4
       4
       2
       1
       0
       2
       2
       2
       0
       0
       4
       3
       2
       0
       0
       3
       1
       3
       4
       1
       3
       3
       3
       5
       2
       2
       1
       2
       2
       3
       2
       0
       0
       3
       1
       0
       4
       1
       1
       1
       3
       3
       6
       2
       2
       1
       5
       4
       1
       4
       3
       4
       3
       1
       1
       1
       2
       2
       0
       0
       5
       1
       1
       0
       2
       1
       0
       2
       2
       0
       1
       3
       3
       2
       2
       1
       3
       1
       1
       0
       3
       3
       1
       2
       2
       1
       1
       1
       3
       2
       0
       1
       5
       5
       1
       0
       3
       2
       3
       2
       2
       4
       2
       1
       4
       7
       2
       2
       5
       3
       0
       0
       0
       4
       1
       4
       3
       3
       0
       0
       1
       2
       1
       3
       2
       0
       1
       1
       1
       4
       1
       4
       1
       2
       5
       2
       2
       2
       4
       1
       1
       3
       2
       1
       3
       4
       1
       0
       1
       2
       2
       3
       3
       3
       3
       7
       1
       4
       0
       2
       2
       1
       4
       3
       1
       1
       1
       2
       4
       3
       4
       1
       1
       3
       0
       4
       7
       1
       2
       1
       2
       2
       2
       3
       3
       3
       3
       0
       2
       5
       0
       1
       2
       1
       4
       1
       0
       0
       0
       3
       1
       2
       3
       1
       2
       0
       3
       2
       2
       3
       2
       3
       0
       3
       3
       3
       1
       2
       3
       1
       0
       0
       2
       0
       1
       2
       6
       2
       0
       0
       3
       1
       1
       0
       1
       1
       1
       1
       5
       4
       1
       1
       1
       3
       1
       0
       0
       0
       0
       0
       1
       0
       0
       0
       0
       0
       0
       0
       0
       0
       0
       0
       0
       0
       0
       0
       0
       0
       0
       0
       0
       0
       0
       0
       0
       0
       0
       0
       0
       0
       0
       0
       0
       0
       0
       0
       0
       0
       0
       0
       0
       0
       0
       0
       0
       0
       0
       0
       0
       0
       0
       0
       0
       0
       0
       0
       0
       0
       0
       0
       0
       0
       0
       0
       0
       0
       0
       0
       0
       0
       0
       0
       0
       0
       0
       0
       0
       0
       0
       0
       0
       0
       0
       0
       0
       0
       0
       0
       0
       0
       0
       0
       0
       0
       0
       0
       0
       0
       0
       0
       0
       0
       0
       0
       0
       0
       0
       0
       0
       0
       0
       0
       0
       0
       0
       0
       0
       0
       0
       0
       0
       0
       0
       0
       0
       0
       0
       0
       0
       0
       0
       0
       0
       0
       0
       0
       0
       0
       0
       0
       0
       0
       0
       0
       0
       0
       0
       0
       0
$ROI:
0
$PRESETS:
None
0
0
$ENER_FIT:
0.000000 0.000000
$MCA_CAL:
3
0.000000E+000 0.000000E+000 0.000000E+000 
$SHAPE_CAL:
3
0.000000E+000 0.000000E+000 0.000000E+000
