$SPEC_ID:
No sample description was entered.
$SPEC_REM:
DET# 1
DETDESC# SCE-SOPA-00035 MCB 133
AP# Maestro Version 7.01
$DATE_MEA:
11/13/2019 16:07:40
$MEAS_TIM:
64550 64552
$DATA:
0 4095
       0
       0
       0
       0
       2
       0
       0
       0
       0
       0
       0
       0
       0
       0
       0
       0
       0
       0
       0
       0
       0
       0
       0
       3
       3
       3
      49
     153
      61
      87
     314
     365
     280
     328
     305
     302
     297
     291
     297
     295
     299
     295
     277
     292
     298
     344
     447
     513
     428
     304
     271
     306
     329
     330
     296
     314
     257
     278
     281
     293
     276
     292
     385
     527
     557
     434
     319
     272
     284
     244
     296
     280
     304
     311
     287
     339
     315
     315
     335
     320
     305
     265
     296
     300
     323
     327
     277
     285
     295
     317
     314
     337
     546
     716
     713
     409
     299
     303
     301
     314
     313
     271
     305
     268
     293
     280
     329
     284
     319
     284
     330
     309
     312
     308
     332
     304
     326
     302
     287
     314
     296
     334
     291
     302
     311
     283
     277
     267
     297
     323
     309
     318
     314
     293
     289
     316
     303
     303
     329
     321
     292
     305
     298
     332
     314
     361
     345
     296
     304
     303
     309
     293
     305
     310
     288
     306
     298
     313
     313
     281
     328
     294
     292
     289
     307
     309
     307
     286
     280
     295
     291
     286
     286
     311
     257
     279
     264
     286
     267
     296
     267
     261
     279
     285
     298
     336
     422
     443
     402
     300
     270
     288
     263
     267
     242
     261
     274
     265
     250
     260
     277
     265
     243
     233
     237
     238
     262
     267
     248
     252
     250
     240
     223
     230
     202
     232
     238
     209
     225
     257
     224
     260
     228
     219
     237
     200
     250
     219
     215
     221
     227
     231
     201
     212
     202
     232
     208
     203
     236
     264
     245
     241
     208
     227
     185
     216
     195
     220
     192
     161
     181
     157
     215
     175
     193
     166
     191
     177
     168
     189
     189
     168
     182
     173
     186
     183
     197
     158
     188
     144
     167
     183
     177
     176
     165
     161
     142
     150
     161
     169
     157
     155
     153
     151
     126
     159
     151
     148
     165
     149
     141
     170
     167
     179
     144
     133
     175
     140
     143
     136
     128
     152
     148
     153
     163
     144
     129
     136
     158
     148
     125
     143
     137
     106
     132
     132
     149
     154
     137
     136
     119
     126
     148
     139
     150
     123
     134
     147
     127
     120
     110
     127
     122
     126
     114
     131
     131
     139
     129
     139
     153
     132
     135
     115
     114
     118
     100
     147
     134
     123
     127
      96
     133
     140
     137
     129
     121
     132
     107
     103
     102
     128
      99
     120
     105
     119
     107
     101
     103
     107
     112
     104
     104
     103
     125
     104
      95
     131
     118
      96
      97
     104
     113
     110
      96
     103
      87
     113
     106
      98
     102
     117
      90
     101
      81
     106
      89
     109
     121
      90
      90
      98
      91
      89
     111
      97
      80
      81
      92
      93
     108
      99
     104
      94
      99
      93
     108
     116
     101
      91
      99
      85
      86
      86
      92
      94
      83
      67
      97
      90
      86
      84
      84
      92
      82
      95
      91
      85
      85
      95
      80
      77
      82
      83
      80
     100
      84
      82
      86
      94
      67
      82
      92
      72
      84
      95
      84
      81
      82
      86
      78
      69
      83
      83
      76
      78
      91
      64
      88
      96
      80
      78
      79
      81
      76
      80
      87
      84
      87
      72
      77
      78
      74
      78
      94
      76
      90
      86
      82
      58
      83
      65
      78
      72
      65
      72
      87
      58
      69
      75
      67
      89
      78
      81
      65
      74
      60
      60
      75
      83
     109
     157
     236
     247
     293
     202
     120
      90
      90
      72
      64
      86
      71
      71
      72
      70
      78
      58
      59
      47
      69
      55
      69
      72
      52
      54
      61
      90
      60
      72
      53
      76
      50
      71
      55
      59
      73
      64
      68
      69
      73
      70
      57
      77
      62
      54
      62
      52
      52
      67
      66
      53
      66
      61
      57
      57
      75
      58
      65
      78
      77
      63
      53
      56
      63
      59
      78
      69
      53
      54
      58
      52
      61
      61
      54
      72
      57
      77
      51
      50
      48
      65
      61
      60
      70
      45
      62
      65
      68
      54
      65
      64
      69
      59
      57
      62
      79
      58
      54
      67
      70
      70
      85
      73
      68
      61
      61
      46
      56
      60
      57
      55
      58
      52
      56
      58
      60
      51
      57
      55
      53
      63
      43
      52
      66
      60
      58
      40
      70
      63
      58
      72
      53
      51
      58
      60
      48
      43
      56
      56
      41
      40
      58
      47
      53
      47
      44
      43
      52
      44
      61
      39
      63
      57
      51
      60
      55
      43
      57
      48
      50
      52
      70
      72
      60
      56
      58
      60
      46
      45
      57
      51
      62
      49
      41
      46
      49
      54
      59
      54
      53
      40
      45
      51
      53
      60
      65
      61
      52
      50
      70
      48
      61
      54
      50
      52
      60
      47
      43
      55
      44
      41
      43
      55
      54
      47
      48
      51
      52
      43
      57
      44
      51
      51
      60
      53
      54
      48
      54
      49
      54
      35
      36
      45
      40
      39
      38
      39
      61
      48
      45
      47
      39
      30
      25
      45
      46
      36
      41
      50
      44
      43
      46
      37
      35
      43
      52
      49
      59
      38
      45
      48
      45
      34
      42
      42
      48
      45
      45
      38
      52
      44
      34
      48
      54
      44
      42
      48
      50
      57
      42
      44
      35
      39
      51
      47
      43
      43
      46
      41
      40
      43
      49
      32
      46
      42
      41
      41
      33
      40
      39
      46
      29
      51
      31
      32
      50
      64
      37
      42
      39
      40
      44
      46
      37
      37
      34
      45
      27
      42
      36
      43
      39
      43
      26
      43
      35
      27
      44
      40
      33
      36
      28
      37
      34
      57
      34
      44
      39
      33
      35
      49
      41
      46
      30
      33
      42
      39
      42
      45
      54
      41
      34
      40
      38
      27
      42
      40
      41
      35
      29
      44
      35
      40
      34
      36
      41
      38
      43
      41
      42
      36
      39
      37
      38
      42
      35
      39
      37
      38
      33
      26
      28
      36
      40
      33
      33
      39
      41
      42
      31
      30
      34
      34
      47
      37
      38
      30
      31
      43
      33
      30
      33
      38
      29
      31
      33
      28
      36
      32
      31
      32
      35
      37
      43
      51
      50
      36
      37
      34
      32
      39
      43
      42
      35
      32
      29
      34
      25
      37
      38
      27
      33
      39
      46
      33
      43
      28
      34
      32
      19
      22
      36
      21
      28
      29
      36
      28
      30
      31
      30
      36
      25
      30
      28
      37
      24
      44
      36
      27
      42
      46
      30
      27
      28
      28
      58
      36
      28
      41
      29
      37
      43
      53
      32
      31
      39
      33
      22
      35
      29
      32
      34
      39
      31
      19
      33
      35
      35
      35
      23
      34
      30
      25
      28
      40
      32
      29
      35
      39
      21
      22
      23
      43
      34
      44
      32
      23
      33
      35
      29
      27
      29
      24
      28
      39
      36
      21
      45
      25
      33
      28
      34
      37
      14
      34
      31
      25
      30
      39
      32
      20
      34
      37
      24
      35
      35
      30
      38
      33
      25
      32
      35
      26
      30
      43
      28
      32
      36
      21
      27
      37
      31
      23
      29
      34
      27
      38
      28
      30
      26
      20
      26
      31
      36
      30
      24
      29
      28
      30
      38
      25
      24
      31
      19
      32
      19
      28
      31
      31
      35
      48
      26
      30
      21
      24
      30
      21
      27
      33
      29
      26
      28
      24
      26
      35
      33
      28
      33
      29
      29
      37
      23
      35
      29
      30
      18
      28
      37
      30
      32
      30
      26
      20
      18
      35
      32
      28
      27
      24
      32
      26
      34
      24
      39
      32
      39
      34
      33
      30
      27
      17
      16
      29
      29
      17
      31
      22
      26
      24
      31
      22
      25
      22
      26
      22
      33
      14
      25
      27
      29
      26
      33
      25
      25
      28
      22
      18
      22
      37
      29
      23
      31
      19
      13
      17
      30
      23
      34
      24
      25
      24
      15
      17
      17
      30
      22
      26
      22
      23
      24
      29
      26
      17
      18
      17
      27
      25
      27
      28
      22
      29
      24
      20
      20
      30
      25
      20
      22
      22
      20
      25
      23
      24
      28
      43
      20
      24
      24
      30
      22
      23
      17
      24
      27
      18
      29
      22
      19
      26
      33
      18
      22
      20
      22
      29
      27
      21
      32
      23
      17
      18
      26
      22
      17
      30
      18
      24
      23
      31
      25
      28
      29
      17
      19
      22
      26
      21
      19
      23
      21
      33
      20
      21
      24
      21
      25
      23
      13
      20
      23
      22
      26
      21
      21
      28
      26
      24
      12
      10
      22
      18
      26
      18
      21
      14
      17
      19
      12
      13
      24
       7
      20
      26
      18
      15
      22
      20
      18
      22
      17
      22
      12
      15
      23
      25
      17
      27
      16
      19
      19
      21
      11
      13
      32
      34
      18
      21
      16
      27
      24
      17
      15
      18
      17
      18
      23
      13
      17
      22
      18
      13
      14
       9
      16
      13
      18
      24
      24
      17
      16
      28
      23
      24
      18
      17
      14
      19
      20
      13
      22
      18
      23
      11
       9
      13
      18
      16
      22
      16
       8
      13
      29
      19
      15
      17
      25
      19
      19
      18
      10
      18
      18
      15
      15
      15
      21
      16
      15
      11
      21
      16
      10
      13
      10
      14
      17
      21
      18
      20
      16
      12
      17
      15
      18
      24
      16
      18
      15
      10
      16
       9
      10
      14
      10
      16
       9
      18
      15
      19
      19
      13
      15
      17
      12
      17
      11
       9
      21
      11
      15
      10
      14
      17
      23
      18
      16
      19
      15
      12
      15
       6
      21
      14
      15
      11
      20
      18
      11
      21
      18
      11
      11
      11
      21
      15
      15
      11
      18
      24
      10
      12
      16
      16
      14
      23
      20
      14
      17
      17
      13
      14
      13
      10
      13
      11
      17
      13
      14
      14
      17
      20
      16
      14
      42
      57
      78
      91
      84
      37
      15
       9
       8
      14
      11
       8
      18
      12
      24
      12
      13
      10
      11
      16
       8
      13
      16
       7
      14
      14
      10
      13
      10
       8
       8
      14
      13
      15
      13
       6
      14
      10
      11
      17
       9
      11
      12
       9
      14
      19
      11
      20
      11
      17
      20
      18
      11
      12
      12
      15
      12
      10
      13
       8
      11
      11
      15
      12
      18
      13
      16
      14
      11
      12
       8
      12
       7
       8
      10
      13
       5
      18
       5
      13
      10
      13
      16
      20
       9
      18
       6
      11
      14
      16
       8
      14
      11
       8
      10
      10
      10
      14
      14
       9
       9
      11
       9
      14
      10
      14
      12
       8
      10
       9
      10
       9
      15
      11
      12
       9
      11
       8
      10
      11
      11
      13
      14
       9
      14
       9
      16
      18
      12
      11
      20
      14
      20
       9
      12
      14
      11
      16
      12
      14
       9
       6
       9
       7
       8
       6
       5
      11
       6
      16
      13
      12
      14
      10
       6
      12
       7
      16
       7
       8
      14
      10
      16
      12
      14
      15
      14
       9
      13
      10
       7
      16
       8
      13
      15
      13
      14
       9
       7
      11
      13
       8
       9
       6
       7
       9
       7
       8
       8
      12
       9
       6
      12
       5
      10
      10
       8
       8
       8
       8
       8
       9
       4
      11
      10
      15
      10
       5
      11
       4
      17
       7
       9
      14
       4
      19
      12
       6
       8
      15
      16
       9
       8
      10
      12
      14
       6
      12
       5
       5
      15
       7
      14
      10
       4
      10
       9
       6
       5
       8
      11
       7
       3
       8
      19
       5
      14
       6
       9
       6
      10
       7
       9
       5
       8
      12
       5
       7
       6
      11
      10
       8
      10
       8
      13
       7
       9
      12
       8
       7
       9
       5
      10
       9
       9
       8
       6
       7
       7
      10
       8
       9
       7
       9
      11
      10
       7
       7
      14
       8
      11
       4
      10
       6
      13
       7
      13
       7
       5
      10
       8
       7
      10
       4
       5
      11
      18
      17
      17
      12
      13
       9
       5
       8
       8
      10
       9
       7
       5
       6
       8
       6
       7
       7
       5
       5
       7
      10
      10
       9
       6
      11
       4
       8
      13
      15
       7
       7
      11
       5
      11
       3
       8
       7
      12
       6
       5
       7
       3
      10
       2
       8
       5
      10
       9
       8
      11
      10
       6
       9
       4
       1
       2
       8
       3
       9
       5
       7
       8
       5
       6
       6
       8
       7
       9
       7
       3
       4
       7
      12
       7
       9
       4
      10
       4
      12
       8
       2
      10
       8
       8
       8
       7
       8
       9
       5
       9
       9
       7
       9
       8
      10
      11
      10
       4
      10
      10
       9
       7
       6
       4
       7
       8
       6
      10
       8
       4
       5
       6
       4
       6
       8
       5
       8
       5
       5
       6
      10
       8
       4
       7
       2
       8
       7
       5
       4
      12
      11
       4
       8
       6
       9
       8
       9
       5
       6
       5
       5
       5
       8
       2
       4
      13
       7
       6
       5
       9
       7
       8
       8
       2
       6
       7
       7
       8
       8
       7
       5
       8
       3
       9
       6
       3
       6
       5
       6
       9
       3
       7
      10
       3
      11
       6
       9
       3
       6
       4
       7
       5
       6
      12
      10
       6
       7
       7
       8
       4
       7
       4
      10
       9
       5
       6
       5
       3
       4
       3
       3
       8
       8
       1
       4
       8
       4
       0
      12
       5
       9
       4
       6
       4
       6
       3
       8
       5
       8
       4
       4
       8
      10
       4
       6
       4
       4
       4
       8
       5
       4
       9
       7
      11
       6
       2
       5
       8
       6
       3
       7
       5
       4
       4
       5
       4
       5
       5
       5
      11
       9
       2
       4
       7
       5
       5
       7
       5
       8
       7
       5
       3
       3
       7
       9
       7
       7
       6
       4
       6
       4
       2
       5
       6
       4
       5
       5
       9
       3
       8
       2
       5
       4
       1
       2
       5
       5
       6
       3
      10
       6
      13
       4
       4
       4
       3
       4
       4
       6
       4
       5
       9
       4
       4
       3
       5
       3
       6
       4
       5
       7
       6
       2
       8
       7
       8
       6
       7
       3
       4
       4
       3
       7
       3
       6
       6
       7
       4
       7
       5
       6
       2
       3
      11
       1
       2
       7
       3
       7
       7
       6
       5
      10
       7
       7
       5
       7
       8
       4
       3
       9
       3
       7
       6
       8
       4
       4
       2
       2
       2
       7
       6
       7
      10
       6
       3
       7
       7
       8
       5
       8
       3
       5
       8
       2
       4
       3
       5
       7
       2
       8
       5
       4
       7
       4
       4
       3
       6
       6
       1
       1
       8
       6
       5
       2
       6
       6
       1
       9
       4
       8
       6
       2
       1
       4
       3
       8
       2
       1
       5
       3
       6
       3
       2
       8
       6
       4
       2
       8
       6
       7
       6
       4
       4
       3
      11
       2
       6
       7
       3
       5
       5
       1
       2
       5
       8
       6
       7
       6
       7
      11
       8
      13
       5
       6
       6
       7
       3
       4
       2
      10
       3
       7
       4
       3
       7
       4
       7
       6
       4
       5
       5
       3
       7
       5
       3
       5
       6
       2
       2
       4
       8
       4
       0
       6
       3
       6
       7
       4
       6
       6
       5
       6
       6
       4
       9
       1
       1
       4
       2
       6
       3
       3
       5
       4
       3
       3
       2
       1
       5
       4
       3
       5
       3
       7
       6
       2
       8
       2
       3
       5
       8
       5
       6
       4
       3
       4
       4
       6
       5
       4
       7
       3
       8
       5
       5
       4
       4
       8
       4
       5
       5
       4
       5
       8
       8
       3
       4
       3
       0
       7
       9
       2
       2
       6
       6
       9
       8
       6
       6
       0
       7
       6
       6
       8
       5
       5
       1
       7
       4
       6
       5
       6
       5
       6
       4
       3
       3
       3
       3
       4
       2
       2
       7
       9
       3
       4
       4
       6
       5
       6
       2
       3
       2
       4
       3
       4
       5
       5
       7
       2
       5
       8
       8
       5
       4
       4
       6
       3
       1
       2
       5
       2
       6
       6
       2
       0
       3
      13
       6
       6
       5
       3
       3
       2
       5
       3
       3
       3
       4
       5
       4
       5
       2
       2
       4
       6
       1
       5
       5
       4
       2
       2
       3
       5
       4
       6
       7
       2
       4
       2
       3
       7
       4
       2
       2
       1
       8
       4
       7
       3
       7
       7
       6
       5
       2
       4
       9
       5
       4
       3
       5
       4
       5
       3
       1
       2
       2
       3
       2
       6
       6
       6
       4
       3
       7
       3
       0
       2
       0
       6
       2
       7
       5
       3
       4
       4
       6
       8
       3
       1
       2
       3
       4
       3
       2
       2
       7
       3
       2
       5
       4
       1
       6
       3
       1
       5
      10
       7
       4
       4
       3
       5
       3
       0
       3
       3
       2
       2
       5
       2
       4
       3
       2
       4
       3
       2
       4
       2
       1
       3
       6
       1
       5
       2
       5
       7
       7
       5
       4
       4
       3
       6
       3
       3
       3
       3
       6
       1
       5
       9
       4
       4
       3
       1
       2
       3
       6
       4
       6
       5
       2
       1
       0
       4
       2
       1
       3
       4
       3
       3
       4
       2
       4
       3
       5
       4
       2
       2
       4
       1
       4
       3
       3
       3
       2
       2
       5
       0
       2
       3
      10
       4
       1
       4
       4
       0
       2
       1
       2
       2
       2
       3
       1
       4
       4
       7
       1
       2
       4
       3
       2
       1
       1
       3
       2
       3
       3
       1
       2
       2
       1
       1
       1
       3
       4
       2
       2
       3
       2
       3
       3
       5
       1
       1
       5
       7
       2
       4
       3
       4
       2
       5
       0
       4
       4
       6
       4
       5
       4
      11
      13
      22
      19
      33
      21
       9
      10
       2
       3
       1
       2
       3
       2
       3
       7
       2
       5
       5
       6
       3
       6
       6
       3
       1
       6
       2
       2
       5
       2
       4
       2
       3
       3
       3
       3
       0
       0
       8
       1
       3
       1
       4
       3
       1
       2
       2
       2
       3
       5
       1
       6
       5
       2
       3
       1
       4
       4
       0
       2
       0
       4
       3
       0
       3
       4
       3
       2
       4
       6
       4
       6
       0
       2
       5
       2
       5
       3
       1
       4
       2
       4
       0
       2
       3
       4
       1
       3
       5
       2
       2
       3
       3
       2
       3
       0
       1
       4
       2
       1
       3
       1
       1
       2
       2
       7
       5
       3
       2
       2
       2
       2
       4
       3
       1
       4
       4
       3
       4
       1
       4
       1
       1
       5
       2
       1
       0
       2
       2
       3
       5
       1
       2
       3
       4
       4
       1
       3
       0
       3
       1
       0
       3
       3
       0
       4
       1
       0
       3
       0
       3
       1
       3
       2
       1
       2
       5
       3
       4
       2
       9
       2
       1
       3
       2
       2
       2
       2
       2
       4
       3
       0
       2
       0
       1
       1
       2
       3
       3
       3
       2
       1
       1
       4
       4
       3
       2
       3
       2
       4
       2
       2
       1
       2
       1
       1
       2
       6
       2
       2
       4
       2
       4
       1
       6
       2
       5
       3
       4
       0
       3
       4
       3
       1
       0
       6
       2
       0
       1
       3
       1
       2
       2
       1
       2
       0
       1
       0
       4
       2
       3
       1
       3
       1
       0
       1
       3
       3
       1
       3
       1
       2
       3
       3
       2
       4
       2
       3
       4
       3
       4
       2
       3
       0
       2
       3
       2
       1
       0
       1
       3
       2
       4
       2
       3
       6
       2
       3
       1
       3
       2
       5
       0
       5
       0
       3
       2
       3
       1
       3
       4
       1
       3
       1
       2
       4
       3
       7
       3
       1
       3
       4
       2
       2
       2
       0
       1
       3
       1
       0
       2
       3
       2
       3
       4
       0
       1
       3
       1
       1
       2
       2
       2
       3
       5
       1
       1
       2
       4
       3
       3
       4
       1
       3
       3
       1
       2
       3
       1
       2
       2
       3
       1
       1
       2
       0
       2
       3
       1
       0
       2
       1
       0
       1
       1
       4
       2
       4
       0
       3
       5
       1
       1
       2
       1
       3
       5
       2
       2
       1
       3
       1
       4
       2
       3
       5
       5
       3
       1
       4
       0
       3
       2
       4
       2
       3
       2
       2
       2
       4
       0
       1
       3
       1
       4
       1
       2
       3
       1
       2
       0
       0
       0
       4
       4
       4
       2
       4
       4
       2
       1
       0
       4
       0
       2
       3
       2
       3
       1
       3
       1
       1
       4
       2
       2
       2
       2
       4
       0
       1
       2
       4
       6
       1
       1
       0
       2
       3
       2
       0
       5
       1
       2
       2
       1
       1
       6
       1
       2
       0
       1
       2
       2
       1
       3
       3
       3
       1
       4
       1
       2
       1
       2
       0
       3
       5
       1
       0
       0
       0
       2
       2
       8
       4
       3
       1
       5
       2
       3
       2
       0
       4
       5
       1
       1
       4
       2
       3
       2
       1
       1
       4
       3
       1
       4
       1
       4
       0
       2
       1
       1
       3
       2
       4
       2
       4
       3
       3
       5
       3
       1
       3
       2
       2
       1
       0
       3
       1
       4
       1
       3
       2
       1
       2
       1
       2
       3
       4
       3
       2
       2
       3
       3
       1
       0
       1
       0
       2
       3
       4
       3
       2
       4
       4
       1
       1
       1
       3
       1
       7
       1
       4
       3
       1
       1
       3
       6
       0
       0
       5
       2
       2
       3
       0
       2
       3
       1
       1
       2
       4
       2
       5
       3
       3
       2
       5
       2
       3
       1
       5
       4
       3
       2
       2
       2
       2
       2
       1
       1
       1
       1
       6
       4
       3
       3
       1
       4
       1
       3
       3
       2
       3
       3
       3
       2
       3
       1
       5
       2
       2
       3
       1
       1
       3
       1
       1
       4
       0
       4
       3
       1
       0
       3
       6
       1
       1
       1
       1
       2
       2
       3
       2
       2
       3
       1
       3
       2
       5
       1
       2
       2
       2
       5
       2
       2
       1
       1
       1
       1
       0
       4
       2
       3
       1
       1
       4
       3
       2
       1
       1
       1
       2
       2
       5
       2
       2
       1
       2
       2
       1
       1
       3
       0
       2
       1
       2
       2
       1
       4
       5
       3
       1
       2
       3
       0
       2
       3
       2
       0
       2
       0
       2
       1
       3
       3
       4
       1
       2
       2
       1
       4
       1
       1
       2
       3
       2
       0
       2
       6
       3
       0
       2
       4
       2
       1
       1
       2
       3
       1
       1
       0
       3
       1
       2
       0
       1
       4
       2
       3
       5
       1
       3
       4
       2
       5
       4
       1
       1
       1
       2
       1
       3
       1
       3
       1
       2
       3
       4
       2
       1
       1
       0
       2
       1
       2
       0
       1
       1
       3
       1
       1
       3
       0
       0
       2
       4
       2
       0
       2
       3
       2
       1
       2
       5
       2
       2
       4
       1
       2
       2
       0
       4
       4
       0
       1
       2
       2
       0
       3
       2
       1
       2
       4
       2
       1
       1
       2
       5
       1
       1
       1
       1
       3
       1
       5
       1
       3
       2
       5
       3
       4
       0
       2
       0
       0
       4
       2
       3
       3
       3
       2
       2
       1
       2
       1
       2
       2
       6
       1
       2
       1
       1
       1
       4
       2
       2
       2
       5
       1
       1
       2
       1
       2
       1
       1
       5
       4
       3
       2
       2
       1
       2
       6
       0
       4
       1
       2
       2
       1
       3
       2
       1
       1
       4
       4
       5
       1
       1
       1
       0
       3
       3
       4
       0
       4
       1
       1
       2
       2
       0
       0
       0
       2
       0
       4
       1
       4
       0
       2
       1
       3
       2
       1
       3
       0
       1
       0
       2
       2
       1
       0
       1
       1
       2
       2
       0
       4
       4
       4
       0
       3
       0
       1
       0
       2
       1
       3
       4
       3
       3
       1
       0
       2
       3
       3
       1
       0
       0
       5
       3
       3
       3
       4
       6
       4
       2
       5
       0
       0
       3
       2
       3
       2
       4
       2
       2
       3
       5
       5
       1
       2
       3
       4
       1
       2
       1
       3
       1
       2
       2
       1
       1
       3
       2
       1
       1
       0
       4
       3
       2
       1
       3
       0
       1
       1
       2
       1
       1
       3
       1
       2
       1
       0
       0
       0
       2
       2
       4
       1
       2
       1
       3
       1
       5
       1
       3
       4
       2
       2
       1
       3
       2
       2
       2
       0
       2
       2
       3
       4
       3
       2
       1
       0
       2
       1
       0
       2
       1
       3
       1
       1
       3
       2
       3
       2
       0
       2
       1
       3
       5
       2
       0
       1
       0
       3
       1
       2
       1
       1
       2
       2
       1
       0
       0
       0
       0
       1
       3
       1
       2
       2
       1
       1
       0
       2
       2
       2
       1
       1
       1
       2
       1
       0
       0
       2
       1
       1
       1
       2
       0
       6
       1
       0
       1
       1
       3
       1
       4
       3
       4
       2
       1
       2
       0
       1
       3
       1
       5
       2
       2
       1
       0
       4
       3
       0
       3
       1
       3
       2
       1
       2
       0
       2
       1
       0
       1
       3
       1
       2
       3
       0
       2
       1
       2
       0
       1
       1
       2
       2
       1
       1
       2
       1
       2
       2
       2
       1
       3
       0
       1
       3
       1
       0
       0
       1
       4
       1
       2
       2
       1
       2
       3
       1
       1
       0
       0
       2
       1
       1
       0
       2
       1
       2
       3
       0
       2
       2
       1
       1
       0
       1
       1
       1
       1
       2
       2
       1
       0
       2
       0
       4
       2
       0
       2
       0
       0
       2
       4
       0
       0
       2
       4
       2
       3
       1
       2
       1
       4
       3
       5
       4
       1
       2
       2
       1
       1
       2
       1
       3
       2
       3
       3
       0
       1
       0
       1
       1
       3
       2
       3
       2
       2
       1
       1
       3
       2
       0
       2
       1
       2
       1
       2
       1
       1
       3
       5
       2
       1
       1
       0
       2
       3
       3
       1
       0
       0
       2
       0
       2
       1
       0
       0
       1
       2
       2
       1
       0
       1
       1
       1
       0
       4
       1
       0
       2
       0
       3
       4
       7
       1
       2
       1
       1
       1
       1
       5
       3
       1
       3
       0
       0
       2
       0
       1
       3
       2
       1
       1
       1
       2
       1
       2
       3
       2
       2
       1
       1
       3
       1
       1
       5
       2
       2
       1
       3
       3
       0
       1
       0
       5
       1
       1
       2
       1
       1
       3
       6
       1
       1
       1
       3
       1
       0
       1
       0
       3
       1
       5
       3
       1
       0
       4
       1
       2
       3
       3
       1
       3
       1
       1
       1
       0
       0
       0
       0
       0
       0
       0
       0
       0
       0
       0
       0
       0
       0
       0
       0
       0
       0
       0
       0
       0
       0
       1
       0
       0
       0
       0
       0
       0
       0
       0
       0
       0
       0
       0
       0
       0
       0
       0
       0
       0
       0
       0
       0
       0
       0
       0
       0
       0
       0
       0
       0
       0
       0
       0
       0
       0
       0
       0
       0
       0
       0
       0
       0
       0
       0
       0
       0
       0
       0
       0
       0
       0
       0
       0
       0
       0
       0
       0
       0
       0
       0
       0
       0
       0
       0
       0
       0
       0
       0
       0
       0
       0
       0
       0
       0
       0
       0
       0
       0
       0
       0
       0
       0
       0
       0
       0
       0
       0
       0
       0
       0
       0
       0
       0
       0
       0
       0
       0
       0
       0
       0
       0
       0
       0
       0
       0
       0
       0
       0
       0
       0
       0
       0
       0
       0
       0
       0
       0
       0
       0
       0
       0
       0
       0
       0
       0
       0
       0
       0
       0
       0
       0
       0
$ROI:
0
$PRESETS:
None
0
0
$ENER_FIT:
0.000000 0.000000
$MCA_CAL:
3
0.000000E+000 0.000000E+000 0.000000E+000 
$SHAPE_CAL:
3
0.000000E+000 0.000000E+000 0.000000E+000
