$SPEC_ID:
No sample description was entered.
$SPEC_REM:
DET# 1
DETDESC# SCE-SOPA-00035 MCB 133
AP# Maestro Version 7.01
$DATE_MEA:
10/10/2019 11:53:38
$MEAS_TIM:
95743 95745
$DATA:
0 4095
       0
       0
       0
       0
       1
       4
       1
       0
       0
       4
       2
       2
       4
       2
       4
       6
       5
       4
       4
      10
       5
       4
       4
       8
      10
      12
      68
     181
      90
     108
     450
     478
     490
     487
     470
     428
     509
     456
     444
     445
     485
     477
     461
     437
     435
     553
     712
     755
     604
     463
     445
     449
     465
     456
     502
     486
     478
     451
     429
     422
     439
     449
     583
     804
     849
     601
     441
     433
     407
     424
     437
     433
     410
     477
     421
     479
     529
     509
     458
     445
     420
     428
     432
     416
     467
     463
     449
     435
     459
     418
     474
     559
     936
    1163
     884
     602
     436
     433
     465
     461
     438
     410
     434
     418
     447
     422
     417
     436
     461
     462
     458
     480
     516
     519
     456
     495
     454
     479
     465
     526
     491
     486
     441
     448
     456
     452
     491
     463
     440
     457
     438
     440
     469
     459
     451
     456
     464
     492
     469
     498
     440
     524
     451
     472
     512
     538
     468
     467
     400
     436
     450
     429
     460
     440
     425
     436
     444
     430
     382
     466
     449
     458
     434
     452
     463
     460
     406
     384
     404
     377
     390
     414
     429
     418
     393
     412
     398
     379
     409
     430
     368
     437
     400
     371
     464
     495
     640
     624
     488
     430
     372
     404
     369
     392
     362
     424
     375
     389
     395
     364
     385
     362
     373
     383
     378
     370
     372
     340
     352
     340
     327
     372
     367
     342
     315
     345
     342
     324
     339
     322
     334
     323
     362
     319
     315
     341
     355
     353
     349
     330
     307
     293
     273
     301
     286
     328
     342
     292
     335
     416
     400
     345
     286
     286
     304
     304
     302
     273
     261
     244
     282
     300
     259
     261
     262
     264
     283
     261
     282
     280
     251
     264
     281
     275
     230
     258
     259
     263
     234
     271
     233
     230
     256
     289
     244
     278
     210
     234
     268
     244
     238
     231
     240
     236
     253
     228
     258
     221
     238
     236
     245
     222
     219
     219
     212
     236
     216
     242
     202
     226
     223
     219
     244
     190
     205
     210
     218
     232
     218
     205
     221
     204
     218
     195
     200
     211
     196
     190
     210
     187
     188
     183
     182
     232
     213
     193
     193
     181
     184
     190
     200
     185
     191
     184
     173
     194
     201
     202
     170
     203
     193
     183
     178
     166
     219
     184
     174
     189
     184
     161
     173
     186
     207
     207
     176
     165
     172
     159
     168
     134
     170
     164
     159
     160
     193
     177
     162
     161
     173
     149
     128
     171
     136
     163
     149
     165
     152
     160
     149
     148
     166
     155
     158
     147
     148
     144
     160
     149
     168
     161
     123
     155
     157
     144
     142
     166
     157
     138
     161
     125
     151
     146
     135
     135
     135
     128
     131
     147
     137
     120
     140
     149
     139
     139
     119
     131
     133
     114
     144
     131
     130
     156
     144
     148
     124
     120
     132
     114
     114
     127
     122
     139
     135
     141
     116
     121
     133
     135
     128
     142
     107
     123
     134
      99
     116
     127
     139
     115
     129
     118
     130
     114
     116
     112
     134
     124
     124
     110
     115
     133
      94
     126
     110
     120
     112
     115
     111
     128
     118
     112
     110
     123
     134
     126
     119
     106
      95
     126
      95
     112
     112
     105
     103
     111
     102
     104
     108
     112
     114
     123
      95
     106
     128
     106
      91
     104
     132
     114
     106
     121
     101
      98
     119
     104
     117
     128
     118
     114
     129
     165
     252
     354
     438
     401
     285
     192
     121
      96
      92
      91
      92
     110
      89
      90
      90
     117
      90
     108
      84
     106
     108
      94
     113
     100
      90
     105
      90
      98
      99
     105
      88
      95
      96
      81
      87
      82
      99
     111
      92
      87
      99
     105
      91
     107
      86
      87
      99
     111
      86
      79
      83
      85
     105
      83
      87
      86
     112
      92
      96
      94
      94
      94
     114
     103
      93
      98
      80
     111
     106
      80
      92
      76
      67
     114
     101
     108
      98
     100
      82
      91
      99
      77
      91
      90
      94
      83
      77
     118
      83
     104
      92
     101
      99
     103
     109
      91
      89
     101
     100
     100
     113
     106
      97
      90
      83
      93
      75
      90
      80
      92
      84
      81
      87
      75
      87
      77
      75
      76
      79
      76
      90
      78
      75
      86
      90
      80
      75
      89
      83
      85
      65
      69
      78
      94
      97
      87
      77
      79
     103
      91
      80
      78
      71
      72
      85
      74
      72
      80
      81
      66
      87
      77
      94
      93
      74
      95
      74
      69
      72
      75
      80
      77
      81
      74
      72
      92
      93
      89
      69
      67
      78
      78
      73
      72
      65
      71
      76
      73
      68
      69
      61
      60
      91
      93
      86
      81
      89
      78
      84
      84
      98
      91
      69
      73
      82
      71
      78
      89
      70
      70
      76
      89
      78
      82
      76
      71
      73
      78
      59
      72
      76
      70
      64
      84
      80
      79
      59
      63
      75
      80
      72
      67
      85
      75
      66
      74
      66
      61
      55
      72
      68
      58
      86
      68
      72
      66
      81
      73
      69
      47
      69
      72
      69
      72
      68
      57
      68
      65
      65
      62
      64
      56
      71
      66
      78
      61
      70
      92
      69
      67
      82
      63
      52
      67
      69
      64
      58
      62
      75
      75
      48
      61
      61
      63
      68
      70
      53
      64
      71
      65
      69
      70
      62
      50
      64
      55
      55
      67
      63
      54
      63
      62
      60
      72
      80
      54
      54
      59
      66
      56
      62
      79
      54
      50
      60
      70
      56
      63
      57
      69
      60
      58
      48
      72
      63
      56
      46
      52
      37
      54
      76
      60
      68
      57
      60
      52
      40
      56
      65
      53
      63
      68
      65
      56
      62
      71
      69
      60
      56
      53
      51
      73
      54
      61
      54
      56
      50
      60
      63
      47
      56
      48
      48
      70
      49
      53
      51
      54
      62
      45
      74
      44
      54
      44
      58
      51
      64
      45
      49
      53
      43
      46
      56
      61
      50
      64
      56
      48
      50
      63
      50
      64
      51
      55
      45
      54
      48
      53
      53
      56
      44
      58
      53
      49
      53
      56
      45
      40
      53
      53
      47
      66
      85
      69
      62
      67
      55
      47
      67
      46
      40
      52
      56
      44
      41
      45
      46
      40
      46
      50
      49
      58
      46
      55
      44
      53
      51
      49
      36
      55
      44
      58
      63
      43
      54
      48
      42
      57
      55
      51
      46
      42
      49
      47
      45
      60
      53
      47
      47
      53
      49
      35
      57
      67
      64
      66
      46
      69
      42
      50
      68
      74
      48
      42
      46
      43
      40
      47
      53
      43
      49
      38
      59
      45
      70
      47
      34
      64
      33
      46
      57
      46
      36
      52
      46
      39
      36
      38
      36
      43
      44
      52
      46
      70
      54
      57
      50
      41
      51
      41
      53
      53
      45
      46
      38
      45
      39
      47
      60
      48
      42
      44
      40
      49
      44
      28
      49
      49
      45
      47
      39
      34
      46
      50
      38
      36
      47
      43
      43
      30
      48
      37
      48
      36
      43
      48
      55
      37
      50
      48
      38
      43
      38
      41
      41
      48
      40
      37
      40
      35
      40
      38
      36
      29
      44
      49
      40
      39
      50
      63
      36
      27
      35
      42
      69
      39
      48
      32
      38
      36
      34
      46
      42
      36
      46
      37
      45
      36
      33
      47
      45
      42
      41
      34
      35
      38
      43
      34
      37
      31
      42
      36
      48
      33
      42
      30
      42
      49
      35
      42
      27
      34
      38
      48
      30
      40
      47
      57
      35
      55
      46
      42
      43
      62
      38
      47
      32
      40
      37
      38
      27
      44
      38
      38
      33
      32
      42
      42
      37
      32
      31
      36
      39
      31
      38
      34
      41
      32
      34
      38
      32
      38
      36
      34
      36
      35
      36
      39
      36
      34
      35
      24
      39
      31
      38
      29
      44
      38
      33
      41
      40
      35
      38
      49
      50
      44
      34
      39
      32
      34
      32
      37
      36
      39
      38
      30
      39
      33
      42
      35
      42
      34
      33
      30
      27
      38
      34
      30
      32
      38
      34
      34
      26
      33
      38
      43
      43
      35
      35
      36
      36
      35
      42
      20
      37
      33
      38
      49
      31
      24
      44
      30
      41
      42
      46
      35
      20
      40
      35
      29
      41
      39
      36
      31
      34
      38
      35
      37
      32
      39
      36
      24
      30
      31
      30
      32
      40
      30
      32
      32
      23
      33
      38
      31
      31
      37
      45
      37
      30
      22
      24
      22
      30
      25
      32
      34
      27
      35
      30
      48
      37
      28
      33
      29
      31
      32
      29
      32
      34
      33
      29
      25
      24
      43
      24
      29
      25
      28
      27
      32
      34
      26
      31
      37
      22
      33
      22
      30
      33
      24
      31
      25
      39
      18
      31
      29
      27
      27
      25
      34
      25
      29
      36
      28
      28
      21
      42
      29
      27
      20
      23
      26
      36
      31
      28
      27
      31
      38
      33
      35
      39
      37
      28
      31
      31
      27
      23
      27
      23
      22
      22
      27
      17
      31
      20
      24
      31
      26
      37
      31
      27
      22
      23
      25
      21
      28
      29
      30
      28
      27
      26
      26
      24
      25
      28
      22
      31
      19
      19
      22
      28
      29
      19
      25
      27
      27
      26
      20
      22
      23
      27
      21
      23
      27
      28
      26
      27
      27
      20
      22
      22
      31
      19
      20
      28
      24
      15
      22
      25
      23
      20
      21
      22
      35
      17
      23
      21
      33
      20
      25
      27
      25
      27
      24
      33
      28
      22
      19
      19
      33
      19
      17
      26
      16
      17
      23
      23
      19
      24
      24
      16
      22
      21
      27
      19
      17
      16
      23
      23
      29
      22
      19
      21
      27
      16
      20
      19
      21
      21
      19
      25
      21
      23
      19
      19
      14
      17
      25
      21
      23
      37
      64
      99
     128
     150
      71
      39
      34
      22
      20
      23
      15
       8
      15
       8
      18
      15
      19
      17
      19
      19
      20
      12
      23
      21
      19
      24
      13
      19
      23
      28
      17
      21
      13
      20
      23
      11
      18
      23
      18
      20
      17
      26
      15
      26
      18
      16
      16
      21
      17
      20
      18
      21
      23
      15
      15
      11
      20
      13
      12
      22
      15
      22
      22
      21
      14
      12
      19
      18
      15
      19
      19
      17
      15
      16
      21
      20
      11
      25
      12
      22
      23
      18
      10
      20
      18
      14
      15
      16
      16
      17
      14
      23
      21
      14
      18
      15
      17
      16
      10
      14
      16
      11
      15
      10
      15
      16
      17
      23
      15
      12
      21
      10
      12
      14
      16
      14
      16
      19
      13
      17
      20
      14
      17
      18
      16
      17
      27
      18
      16
      16
      20
      20
      25
      25
      23
      23
      19
      17
      12
      23
      16
      20
      17
      13
      17
      17
      13
      17
      16
      24
      15
      13
      15
      21
      17
      12
      11
      13
      14
      12
      16
      10
      16
      16
      11
      19
      18
      12
      21
      14
      11
      15
      22
      10
      14
      16
       6
      14
      14
      14
      13
      13
      10
      12
       8
      16
      13
      10
      16
      20
      14
      16
      10
      12
      14
      10
      11
       7
      11
      15
      16
      15
      15
      16
      14
      13
       9
      15
      13
      13
      13
      10
      10
      12
      13
      17
      10
      10
      11
       8
       9
       5
      10
      11
      13
      11
      15
      14
      17
      17
      13
      13
      17
      24
      15
      11
      10
      13
      12
      16
      16
      14
      19
      10
      13
      11
      20
      18
      13
      11
       9
      15
       9
      17
      11
      19
      17
      13
      12
       9
       8
      20
      11
      14
      15
      12
       8
      13
      18
       9
      15
       8
      15
      18
      14
       8
      10
      12
      10
      12
      16
       9
       7
      11
      10
      10
      18
      15
      10
      14
      10
      13
       6
       9
      19
      13
      16
      10
       5
      16
      16
      10
      14
       7
      14
      22
      34
      30
      17
       8
       9
       8
       7
      14
      14
       4
      15
       8
      17
      17
       6
      10
      13
      13
       9
       9
       9
      10
      19
      12
       5
      12
      13
       8
      14
       8
      13
      13
      15
      21
       9
       6
      14
       8
       9
       7
      12
       9
      10
       9
       5
      11
      17
      12
      14
      11
       6
      13
      10
       9
      11
      11
       9
      10
      12
       7
       6
       9
      11
      12
      10
      11
      15
      15
       9
       9
       8
      11
      15
      10
      13
      12
      12
      11
      13
       8
      19
      15
       9
      11
      17
       8
      10
       9
      10
      13
      10
      10
      13
      13
      13
      11
      10
       8
      10
      10
      20
      10
      13
      10
       6
       9
       9
      13
       7
      14
      13
      11
      13
       6
      15
      13
      12
       6
      11
       7
      15
       7
      11
       5
      11
      18
       9
       9
      14
      11
       8
       8
       6
      12
      10
       4
       6
      13
      12
       7
       6
       8
       7
      14
      14
      10
       8
       3
      11
      14
       5
       7
      10
      14
      10
      10
       8
       8
       5
       6
       8
      10
      12
       6
       9
      12
      14
       9
      11
       8
       6
       7
      10
       9
       8
      13
      13
      12
      10
      14
      13
      17
       5
       9
       9
      15
       6
      14
       6
       9
      11
      17
       6
      11
      17
       8
       5
      11
       9
       5
       7
       7
       3
      17
       7
      11
       8
       8
       9
      10
       6
       8
       9
      11
       8
      10
       7
       9
       4
       8
       8
      12
       7
       8
      12
       9
       8
       7
       6
       6
       9
       4
       5
       9
       5
       7
       9
       4
       7
       8
      11
       4
      12
       8
       5
      10
       5
      16
      12
      10
       7
      12
       9
       5
       7
       8
      13
       8
      12
       7
       6
       4
       5
      10
       7
       6
       8
      17
       7
      14
       8
       6
      13
       6
      11
      12
       6
       6
       5
      11
      10
      10
       7
      13
       7
       4
      12
      10
      11
       4
       6
       6
       6
      12
       4
      10
       8
       7
       6
      11
       9
       8
      12
      10
       3
       7
       8
      12
       5
       7
      13
      11
       5
      12
       9
      14
       4
      11
       8
       5
      14
       7
       9
      13
       6
       5
       7
       9
      10
       6
       6
      15
      13
      11
       8
       3
      10
      10
       9
      10
      13
       5
      20
       9
       9
       6
      10
       8
      12
       9
       5
       7
       7
       7
      11
       9
       5
       5
      10
       4
       4
       5
       8
       8
       6
       9
       5
       8
       5
      10
       4
       8
       7
       7
       5
       9
       8
       7
       5
       8
       8
       7
       5
       9
       7
       9
      11
       7
       6
      12
       3
       8
       6
      12
      10
       6
      11
       4
       5
       5
      10
       7
      13
       9
       7
       3
      10
      14
      12
      11
       8
      12
       4
       8
       4
       3
      12
      13
       8
       6
      11
       2
       7
       4
       7
       5
       8
       6
      12
       9
       5
       5
      10
      11
      14
      12
       8
       5
      17
      12
      15
      12
      10
       7
       7
      11
       5
       3
       7
       5
       8
       7
       5
       7
       4
       3
       6
       5
       9
       6
       5
       2
       1
       2
       9
       7
       8
       5
       7
      10
       8
       6
       5
       5
       9
       9
       3
       6
       6
       8
       9
       7
       7
      10
       4
       8
       6
       8
       6
       7
      10
       7
       8
       7
      11
       4
      14
       0
       6
       6
       7
       6
       8
       4
       4
       3
       8
       4
       6
       7
       6
       3
       3
       8
       5
       3
       3
       9
       6
       9
      11
      12
       8
      13
       7
      12
       2
       8
       6
       6
       7
       8
       5
       7
       5
       8
      12
      12
       9
       7
       7
       5
       9
      11
       4
       9
       3
       8
       6
       4
       4
      10
      15
      10
       3
       5
       6
       5
       6
       3
       5
       7
       9
       8
       6
       9
       8
       9
       9
      11
       6
       7
       9
       4
       5
       8
       7
       4
       6
       5
       8
       8
       6
      10
       6
       8
      10
       9
       4
       5
       8
       6
       9
       8
       7
       5
       7
      11
       6
       6
       8
       8
       3
      10
       7
       9
      12
       6
       5
       5
      10
       5
       4
       7
       6
       8
      12
       8
       9
       6
      11
      14
       5
       4
       7
       8
       7
       3
       4
       4
       4
       7
      10
      10
       8
       8
       5
      15
       4
       5
       8
       9
       9
       6
       4
       7
       4
       8
       9
       6
       2
       7
       4
       7
       2
       8
       4
       4
       5
       9
       5
       7
       5
       4
       4
       6
       8
       9
       5
       2
       5
       4
       7
       3
       6
       4
      10
       1
       9
       4
       4
      13
       7
       4
      11
       6
       5
       4
       5
       5
       2
       4
       5
       9
       7
       4
       5
       4
       4
       7
       6
       7
       9
       5
       9
      13
       6
       7
       5
       5
       3
       6
       7
       5
       5
       9
       3
       1
       5
       2
       4
       4
       6
       2
       8
       3
       4
       1
       5
       2
       2
       3
       4
       6
      10
       4
       5
       3
       5
       2
       5
       5
       8
       6
       6
       4
       7
       6
       9
       3
       2
       3
       9
       8
       2
       4
       2
       8
       5
       4
       5
       2
       4
       7
       1
       7
       4
       5
       2
       4
       1
       4
       4
       3
       3
       7
       1
       3
       5
       5
       6
       5
       4
       5
       2
       6
       1
       4
       3
       3
       4
       0
       6
       6
       7
       4
       3
       2
       7
       4
       4
       8
       8
       3
       4
       4
       5
       7
       5
       2
       6
       7
       6
       3
       6
       6
       7
       2
       7
       8
       2
       1
       6
       5
       5
       8
       5
       6
       9
       4
       4
       5
       3
       6
       4
       1
       6
       5
       1
       5
       4
       9
       8
       4
       3
       7
       3
       7
      13
      22
      32
      32
      38
      27
      20
      13
      12
       1
       5
       6
       4
       5
       7
       1
       5
       4
       4
       9
       4
       1
       0
       1
       4
       3
       2
       6
       7
       2
       4
       1
       5
       9
       5
       3
       4
       4
       1
       5
       4
       7
       4
       4
       5
       6
       3
       1
       3
       5
       3
       1
       6
       6
       3
       4
       6
       3
       3
       2
       3
       6
       2
       6
       3
       5
       7
       1
       4
       6
       2
       3
       9
       2
       6
       5
       2
       3
       4
       4
       4
       4
       3
       2
       2
       6
       3
       2
       1
       2
       4
       7
       4
       4
       4
       2
       2
       5
       5
       5
       5
       4
       2
       4
       3
       0
       6
       4
       3
       4
       4
       5
       3
       4
       4
       2
       3
       4
       5
       3
       4
       2
       5
       4
       1
       4
       4
       0
       2
       4
       6
       3
      11
       3
       2
       2
       2
       5
       6
       4
       3
       3
       2
       3
       5
       4
       4
       1
       3
       4
       2
       5
       3
       2
       3
       2
       3
       8
       3
       4
       1
       1
       1
       5
       5
      12
       6
       3
       2
       0
       6
       2
       4
       2
       7
       4
       3
       1
       2
       7
       4
       2
       3
       5
       6
       3
       2
       2
       4
       1
       6
       3
       3
       3
       9
       5
       3
       5
       3
       3
       4
       5
       0
       4
       4
       5
       4
       7
       1
       4
       5
       0
       6
       3
       2
       2
       3
       2
       2
       2
       3
       8
       2
       2
       5
       2
       7
       3
       2
       4
       4
       4
       3
       3
       5
       3
       5
       2
       4
       5
       1
       6
       4
       3
       2
       0
       1
       5
       4
       3
       4
       4
       4
       4
       4
       3
       2
       2
       4
       2
       7
       5
       6
       4
       6
       4
       4
       2
       3
       2
       4
       2
       2
       1
       2
       4
       6
       4
       3
       6
       1
       3
       5
       6
       4
       7
       1
       3
       1
       2
       6
       2
       4
       3
       3
       2
       4
       3
       4
       2
       0
       1
       3
       1
       2
       2
       5
       2
       0
       4
       3
       3
       9
       6
       5
       4
       2
       2
       5
       8
       4
       5
       4
       7
       3
       6
       5
       2
       3
       3
       4
       2
       4
       4
       1
       3
       3
       4
       2
       5
       2
       3
       1
       3
       4
       4
       4
       4
       7
       6
       1
       4
       5
       6
       5
       3
       6
       5
       2
       2
       3
       4
      10
       3
       5
       3
       5
       0
       5
       4
       3
       5
       4
       3
       6
       5
       2
       2
       4
       3
       3
       1
       3
       3
       2
       2
       7
       5
       1
       3
       4
       4
       4
       2
       4
       3
       2
       8
       5
       3
       5
       3
       3
       2
       2
       6
       1
       2
       6
       3
      10
       3
       4
       1
       1
       4
       2
       2
       4
       3
       4
       1
       3
       3
       3
       1
       5
       3
       2
       4
       3
       1
       2
       2
       3
       2
       4
       5
       1
       4
       9
       0
       2
       5
       1
       2
       4
       4
       2
       4
       5
       5
       3
       3
       3
       2
       3
       5
       2
       6
       2
       3
       4
       4
       5
       6
       2
       4
       2
       7
       4
       4
       4
       1
       7
       3
       4
       7
       6
       3
       3
       4
       2
       0
       3
       7
       2
       4
       3
       5
       2
       4
       2
       1
       3
       3
       3
       1
       5
       3
       2
       3
       3
       2
       5
       4
       7
       2
       4
       1
       4
       6
       2
       3
       1
       1
       1
       3
       1
       1
       3
       2
       2
       1
       4
       5
       2
       2
       3
       5
       5
       3
       2
       3
       3
       2
       2
       3
       1
       5
       4
       5
       1
       4
       2
       2
       2
       3
       1
       1
       2
       3
       1
       6
       1
       2
       3
       2
       3
       2
       3
       2
       3
       3
       2
       3
       3
       3
       6
       2
       1
       1
       3
       3
       4
       5
       6
       1
       4
       4
       6
       3
       6
       1
       0
       4
       4
       3
       3
       3
       2
       1
       5
       1
       5
       2
       5
       2
       1
       4
       3
       1
       1
       2
       2
       5
       2
       2
       5
       3
       5
       2
       4
       0
       1
       3
       6
       2
       3
       0
       2
       1
       1
       2
       0
       5
       4
       2
       3
       2
       2
       5
       2
       1
       4
       3
       3
       3
       4
       6
       3
       1
       0
       5
       1
       2
       6
       0
       4
       0
       1
       3
       5
       2
       2
       3
       4
       2
       2
       4
       1
       5
       3
       1
       3
       2
       1
       4
       2
       3
       5
       2
       1
       2
       5
       1
       4
       2
       2
       3
       5
       2
       1
       2
       3
       0
       1
       4
       5
       4
       3
       2
       4
       4
       1
       1
       3
       2
       4
       4
       6
       1
       6
       1
       1
       0
       2
       6
       2
       1
       1
       2
       4
       4
       4
       5
       2
       2
       1
       0
       4
       1
       5
       4
       5
       1
       3
       6
       4
       4
       4
       4
       3
       4
       2
       1
       2
       2
       2
       2
       3
       2
       7
       2
       1
       2
       1
       1
       1
       2
       3
       6
       5
       2
       1
       1
       4
       1
       4
       3
       2
       1
       4
       7
       1
       2
       3
       6
       0
       5
       3
       0
       1
       4
       0
       3
       6
       1
       5
       4
       1
       5
       4
       2
       2
       4
       3
       2
       0
       1
       0
       3
       2
       4
       5
       3
       5
       3
       3
       2
       1
       4
       8
       8
       3
       1
       1
       0
       2
       1
       1
       7
       1
       1
       1
       1
       1
       4
       1
       2
       0
       2
       1
       1
       0
       3
       3
       2
       2
       4
       2
       6
       3
       3
       4
       2
       2
       3
       5
       3
       2
       1
       3
       2
       3
       5
       1
       1
       3
       2
       4
       5
       2
       1
       1
       4
       2
       3
       3
       4
       2
       4
       2
       4
       1
       0
       4
       4
       2
       4
       3
       2
       2
       4
       2
       4
       2
       4
       2
       3
       4
       1
       3
       2
       1
       1
       1
       4
       1
       4
       0
       6
       4
       3
       3
       4
       6
       1
       2
       4
       3
       6
       2
       5
       1
       2
       3
       7
       0
       1
       3
       2
       2
       4
       3
       4
       4
       2
       3
       2
       2
       5
       2
       4
       2
       4
       3
       3
       2
       1
       5
       3
       2
       5
       2
       5
       3
       8
       0
       3
       3
       2
       3
      10
       0
       2
       1
       6
       3
       1
       9
       5
       3
       4
       4
       4
       3
       6
       2
       3
       1
       2
       1
       3
       5
       1
       3
       8
       1
       2
       5
       1
       0
       5
       1
       3
       2
       0
       3
       4
       3
       3
       3
       4
       2
       4
       3
       4
       0
       5
       2
       3
       2
       3
       5
       4
       1
       3
       5
       2
       1
       0
       0
       1
       3
       2
       1
       0
       5
       4
       6
       1
       3
       1
       3
       3
       5
       0
       1
       5
       3
       2
       2
       2
       5
       5
       3
       3
       2
       4
       2
       1
       1
       1
       2
       0
       1
       5
       2
       4
       1
       4
       3
       1
       2
       5
       3
       3
       5
       1
       1
       4
       4
       3
       3
       1
       3
       2
       2
       2
       1
       4
       2
       1
       8
       2
       2
       2
       4
       1
       5
       6
       3
       2
       3
       3
       4
       1
       1
       2
       4
       5
       2
       4
       2
       1
       2
       0
       5
       0
       2
       3
       5
       2
       3
       4
       3
       2
       0
       2
       2
       0
       2
       3
       3
       1
       5
       4
       3
       6
       3
       2
       2
       2
       5
       2
       0
       3
       3
       4
       2
       2
       2
       8
       2
       2
       3
       2
       1
       3
       2
       4
       2
       2
       5
       3
       1
       0
       1
       4
       3
       2
       1
       2
       3
       4
       2
       4
       0
       2
       2
       2
       3
       2
       3
       2
       6
       2
       1
       0
       3
       1
       2
       3
       3
       1
       1
       3
       2
       4
       1
       3
       1
       1
       1
       5
       1
       1
       2
       1
       0
       4
       2
       2
       0
       2
       3
       0
       2
       2
       2
       2
       4
       2
       2
       4
       0
       2
       1
       0
       4
       3
       1
       3
       2
       2
       1
       3
       6
       5
       2
       1
       3
       2
       4
       3
       4
       0
       1
       5
       2
       2
       1
       3
       4
       2
       2
       3
       1
       1
       3
       4
       2
       2
       0
       3
       4
       0
       4
       5
       3
       2
       1
       2
       1
       2
       2
       5
       1
       2
       3
       2
       1
       1
       3
       3
       4
       1
       6
       0
       3
       0
       1
       4
       3
       3
       1
       1
       2
       3
       3
       4
       1
       1
       5
       1
       3
       2
       3
       3
       2
       6
       1
       1
       0
       2
       2
       4
       2
       3
       2
       1
       4
       2
       3
       1
       1
       1
       3
       1
       1
       3
       6
       3
       1
       2
       4
       2
       2
       2
       2
       4
       2
       2
       1
      11
       2
       3
       5
       3
       3
       1
       3
       1
       8
       2
       1
       0
       0
       0
       0
       0
       0
       0
       0
       0
       0
       0
       0
       0
       0
       0
       0
       0
       0
       0
       0
       0
       0
       0
       0
       0
       0
       0
       0
       0
       0
       0
       0
       0
       0
       0
       0
       0
       0
       0
       0
       0
       0
       0
       0
       0
       0
       0
       0
       0
       0
       0
       0
       0
       0
       0
       0
       0
       0
       0
       0
       0
       0
       0
       0
       0
       0
       0
       0
       0
       0
       0
       0
       0
       0
       0
       0
       0
       0
       0
       0
       0
       0
       0
       0
       0
       0
       0
       0
       0
       0
       0
       0
       0
       0
       0
       0
       0
       0
       0
       0
       0
       0
       0
       0
       0
       0
       0
       0
       0
       0
       0
       0
       0
       0
       0
       0
       0
       0
       0
       0
       0
       0
       0
       0
       0
       0
       0
       0
       0
       0
       0
       0
       0
       0
       0
       0
       0
       0
       0
       0
       0
       0
       0
       0
       0
       0
       0
       0
       0
       0
       0
       0
       0
       0
$ROI:
0
$PRESETS:
None
0
0
$ENER_FIT:
0.000000 0.000000
$MCA_CAL:
3
0.000000E+000 0.000000E+000 0.000000E+000 
$SHAPE_CAL:
3
0.000000E+000 0.000000E+000 0.000000E+000
