$SPEC_ID:
No sample description was entered.
$SPEC_REM:
DET# 1
DETDESC# SCE-SOPA-00035 MCB 133
AP# Maestro Version 7.01
$DATE_MEA:
10/22/2019 15:57:34
$MEAS_TIM:
73059 73060
$DATA:
0 4095
       0
       0
       0
       0
       0
       0
       0
       0
       0
       0
       0
       0
       0
       1
       0
       0
       0
       0
       0
       0
       0
       0
       0
       3
       2
       3
       6
     117
      77
      75
     298
     342
     326
     355
     337
     354
     374
     305
     320
     353
     331
     315
     328
     358
     337
     368
     544
     553
     442
     345
     283
     337
     337
     367
     334
     343
     334
     318
     318
     307
     338
     326
     405
     626
     651
     493
     317
     323
     324
     331
     319
     317
     336
     316
     331
     367
     357
     353
     345
     299
     301
     318
     299
     331
     330
     358
     305
     345
     322
     358
     346
     395
     660
     804
     697
     484
     368
     338
     347
     328
     314
     333
     312
     318
     310
     342
     322
     324
     338
     315
     347
     388
     340
     361
     382
     345
     323
     291
     331
     321
     306
     306
     352
     359
     372
     332
     324
     342
     374
     365
     350
     359
     349
     328
     324
     363
     354
     332
     323
     346
     350
     367
     363
     341
     382
     387
     377
     338
     307
     316
     326
     338
     353
     343
     305
     318
     337
     330
     347
     319
     321
     293
     325
     334
     393
     341
     329
     325
     313
     315
     334
     303
     306
     339
     303
     326
     298
     289
     319
     289
     333
     296
     286
     289
     324
     392
     480
     474
     391
     314
     282
     310
     309
     292
     276
     312
     267
     322
     291
     279
     293
     292
     269
     305
     262
     306
     285
     228
     290
     250
     278
     274
     250
     245
     237
     240
     281
     237
     249
     247
     231
     255
     251
     259
     270
     239
     241
     214
     250
     232
     223
     236
     230
     227
     243
     228
     213
     234
     231
     257
     290
     260
     239
     253
     234
     241
     220
     216
     175
     199
     219
     186
     210
     191
     184
     194
     170
     213
     211
     202
     196
     210
     179
     198
     199
     191
     177
     185
     198
     188
     209
     188
     183
     174
     150
     176
     197
     195
     187
     175
     193
     174
     173
     163
     168
     174
     182
     157
     185
     184
     183
     157
     175
     151
     144
     171
     213
     162
     173
     173
     155
     177
     158
     172
     171
     163
     139
     155
     155
     160
     158
     145
     123
     148
     162
     152
     157
     148
     167
     174
     162
     156
     156
     153
     146
     142
     156
     152
     140
     129
     159
     137
     151
     129
     130
     141
     136
     131
     153
     138
     150
     138
     161
     150
     128
     143
     108
     137
     117
     110
     124
     111
     148
     159
     156
     145
     109
     134
     114
     127
     146
     126
     128
     130
     122
     105
     107
     119
     130
     108
     122
     131
     104
     116
     122
     103
     119
     106
     118
     115
     135
     107
     111
     114
     114
     120
     115
     119
     105
     103
     124
     134
     106
     108
     102
     110
     105
     115
     112
     111
     105
     129
     111
     113
     104
      90
      93
      90
     139
      95
     117
     114
      99
      99
      99
     106
     127
      92
      90
     101
      91
     111
     107
     101
      86
     112
      97
      92
     102
      81
     103
     100
      92
     100
      82
     111
      83
      88
      98
      92
      98
      79
      88
     101
      95
      95
      82
     107
      97
     109
      82
      80
      89
      89
      94
      89
      99
      91
      84
     100
     105
     117
      93
      91
      77
      85
      97
      82
      89
      95
      94
      94
      87
      93
      82
      87
      85
      81
      75
      87
      88
     106
      85
      79
      95
      88
      92
      75
      91
      63
      85
      76
      79
      82
      83
      78
      90
      70
      72
      73
      74
      81
      79
      65
      87
      82
      76
      81
      88
     105
     139
     216
     290
     296
     254
     172
     114
      94
     101
      87
      72
      63
      58
      72
      77
      79
      57
      72
      75
      73
      74
      72
      82
      52
      86
      70
      63
      69
      68
      67
      86
      72
      71
      63
      62
      74
      63
      71
      60
      67
      70
      62
      70
      60
      62
      67
      61
      72
      72
      74
      74
      76
      64
      70
      60
      73
      69
      79
      74
      69
      60
      84
      76
      82
      82
      75
      70
      64
      67
      59
      66
      67
      79
      65
      97
      85
      80
      66
      63
      72
      56
      70
      57
      66
      57
      58
      71
      77
      61
      72
      70
      79
      61
      92
      67
      80
      55
      81
      82
      54
      91
      87
      86
      73
      75
      68
      77
      55
      70
      64
      68
      51
      60
      76
      52
      61
      70
      77
      53
      59
      67
      69
      67
      69
      69
      54
      44
      65
      67
      44
      71
      66
      70
      62
      65
      54
      71
      50
      53
      67
      62
      64
      62
      48
      54
      70
      63
      69
      57
      53
      47
      69
      71
      62
      76
      65
      55
      61
      61
      54
      56
      68
      78
      68
      54
      61
      57
      51
      56
      48
      58
      69
      50
      49
      45
      53
      44
      47
      51
      63
      54
      68
      73
      43
      68
      60
      64
      62
      74
      69
      63
      63
      56
      68
      47
      60
      65
      59
      54
      60
      61
      58
      62
      45
      61
      56
      54
      58
      53
      47
      51
      53
      52
      46
      55
      63
      47
      50
      45
      48
      54
      77
      39
      55
      65
      49
      58
      58
      54
      48
      52
      40
      53
      50
      44
      55
      59
      58
      47
      43
      54
      50
      58
      50
      56
      34
      38
      56
      46
      53
      43
      42
      33
      51
      48
      46
      42
      52
      51
      56
      60
      49
      59
      59
      52
      46
      44
      44
      51
      60
      37
      48
      43
      53
      53
      47
      56
      61
      47
      56
      45
      55
      45
      41
      48
      49
      43
      40
      46
      48
      42
      53
      39
      50
      33
      57
      54
      46
      37
      58
      42
      41
      36
      41
      37
      59
      45
      46
      50
      49
      41
      40
      32
      43
      56
      51
      51
      39
      48
      39
      44
      57
      44
      33
      48
      43
      38
      43
      53
      50
      49
      46
      50
      54
      45
      63
      37
      46
      34
      43
      48
      37
      48
      36
      44
      44
      36
      46
      46
      37
      46
      44
      47
      42
      54
      52
      43
      40
      37
      30
      46
      46
      36
      48
      32
      33
      49
      32
      43
      38
      38
      40
      34
      33
      43
      42
      38
      43
      32
      47
      37
      41
      31
      40
      49
      42
      39
      39
      38
      39
      36
      38
      38
      38
      48
      40
      37
      35
      34
      40
      36
      44
      51
      49
      52
      42
      36
      43
      37
      32
      47
      36
      41
      48
      37
      38
      30
      29
      38
      44
      32
      44
      39
      36
      36
      34
      42
      43
      46
      26
      42
      41
      34
      38
      36
      32
      23
      34
      43
      41
      32
      35
      40
      35
      42
      37
      41
      31
      34
      44
      34
      34
      45
      36
      27
      50
      44
      36
      37
      30
      40
      43
      45
      38
      35
      46
      44
      27
      42
      31
      32
      44
      28
      33
      34
      31
      28
      34
      32
      35
      36
      34
      39
      28
      27
      38
      30
      42
      33
      31
      38
      41
      37
      45
      43
      47
      27
      38
      41
      29
      32
      30
      33
      34
      34
      22
      35
      30
      40
      24
      34
      27
      36
      35
      30
      30
      38
      32
      27
      29
      32
      38
      27
      28
      38
      32
      31
      29
      39
      41
      32
      26
      38
      39
      30
      38
      25
      27
      30
      37
      26
      24
      35
      32
      22
      30
      42
      39
      35
      26
      37
      35
      34
      44
      29
      26
      39
      33
      27
      27
      36
      37
      24
      29
      31
      30
      29
      17
      30
      28
      25
      31
      31
      25
      29
      33
      23
      26
      33
      28
      37
      39
      39
      23
      32
      26
      28
      38
      32
      34
      28
      20
      23
      27
      35
      27
      34
      26
      29
      31
      26
      28
      38
      33
      31
      33
      26
      37
      32
      29
      37
      44
      45
      35
      34
      41
      22
      31
      35
      36
      23
      28
      21
      29
      37
      29
      36
      37
      25
      30
      25
      27
      38
      39
      36
      38
      25
      18
      29
      26
      28
      29
      25
      26
      32
      31
      34
      29
      28
      32
      28
      24
      26
      34
      22
      23
      20
      31
      28
      31
      24
      28
      25
      25
      30
      22
      28
      28
      37
      24
      21
      35
      27
      23
      23
      18
      19
      25
      19
      20
      22
      21
      34
      21
      19
      29
      25
      23
      19
      27
      22
      35
      21
      31
      18
      28
      31
      31
      29
      25
      23
      34
      22
      32
      20
      13
      26
      25
      24
      20
      36
      25
      26
      30
      19
      30
      31
      29
      22
      19
      28
      32
      18
      27
      26
      24
      31
      27
      22
      25
      36
      28
      35
      29
      21
      26
      24
      26
      18
      27
      29
      18
      21
      16
      16
      29
      13
      19
      30
      25
      23
       9
      24
      25
      18
      24
      23
      17
      24
      26
      24
      29
      23
      20
      26
      28
      19
      24
      17
      21
      25
      22
      27
      23
      17
      26
      22
      32
      23
      18
      20
      24
      31
      18
      21
      19
      21
      25
      18
      16
      22
      23
      27
      21
      26
      22
      21
      26
      19
      23
      17
      18
      24
      30
      23
      16
      19
      18
      23
      21
      25
      18
      23
      14
      23
      30
      23
      16
      22
      18
      27
      29
      18
      20
      18
      23
      21
      27
      14
      20
      22
      14
      22
      18
      21
      17
      16
      25
      24
      17
      18
      25
      24
      22
      19
      26
      15
      22
      19
      21
      20
      17
      18
      19
      29
      19
      14
      25
      10
      16
      24
      18
      20
      16
      15
      26
      18
      15
      10
      20
      23
      20
      17
      10
      16
      18
      29
      18
      16
      12
      19
      16
      20
      12
      12
      14
      22
      19
      14
      15
      16
      14
      18
      25
      15
      18
      22
      13
      10
      17
      22
      22
      13
      21
      11
      19
      14
      13
      26
      19
      14
      20
      17
      18
      15
      16
      20
      10
      17
      19
      15
      16
      21
      13
      18
      12
      17
      14
      13
      16
      15
      15
      20
      19
      14
      15
      18
      18
      20
      19
      18
      13
      12
      26
      16
      21
       8
      18
      13
      13
      22
      20
      35
      82
      92
      83
      74
      29
      22
      14
      16
      11
      11
      22
      16
       7
      16
       9
      13
      20
      14
      14
      11
       7
      18
      18
      13
      14
      14
      12
       8
      10
      15
      10
      13
      14
       9
      12
      13
      24
      19
      13
      18
      23
      14
      12
      14
      15
      18
      15
      12
      13
      12
      13
      12
      16
      13
      15
      11
      12
      21
      12
      13
      15
      23
       9
      10
      11
      13
      12
      20
      15
       6
      14
       9
      10
      15
      13
      14
      14
      13
       8
      13
      15
      12
      13
       8
       7
      12
      19
      16
      13
      16
      11
      20
      13
      10
      11
       8
      13
      11
      12
      14
      11
      10
      10
      14
      13
      11
      19
      17
      13
      12
       9
      10
      12
      15
      15
       8
      13
      19
      15
      10
      10
      12
      17
      15
      14
      15
      16
       9
      11
      18
      12
      13
      22
      12
      15
      10
      18
       9
      10
      10
      15
      13
       7
      16
       9
       7
      10
      11
      18
      10
       8
       9
       7
      12
      12
       9
      12
       7
      15
       9
      15
       7
      10
      14
      13
      10
       8
      13
       4
       8
      10
      14
      12
       7
       9
       8
       9
      11
       9
      10
      10
       7
      10
      11
      12
       9
      17
       5
      13
      12
       6
      12
      16
      12
      11
       8
      10
       6
      10
       5
       6
       6
      10
      15
      12
      14
       9
      10
      13
      12
      11
       9
       8
      13
       3
       8
      13
      14
       9
      14
      13
       7
       8
      12
      12
      12
      11
       9
       9
      12
      13
      17
      11
      12
      17
      11
      10
       6
       6
      12
       5
       6
       8
       6
       7
      14
       9
       7
       9
       8
       4
       6
      13
      10
       5
       7
       9
      14
       2
      13
      10
      15
       9
       5
       9
       9
      12
       7
      10
       8
      13
      13
       8
      13
      10
      10
      10
       5
       7
       3
       5
      15
      11
       8
       6
       7
      12
       7
       7
      12
       5
      10
       8
       6
       9
      15
      11
       9
       4
       4
      14
       7
       9
       5
      24
      18
      12
      19
      15
      12
      15
      10
       4
       8
       6
       8
       8
      10
      11
      10
       9
       9
      10
       6
       9
       6
      16
      10
       9
       6
      10
       8
       7
       8
       9
       7
       9
      10
       7
       6
       7
       7
       9
      10
       9
       5
       8
       7
       8
       3
      11
      10
       5
       7
       7
       8
      10
       8
       5
       9
       7
       9
       7
       4
       7
       5
      13
      12
      12
      13
       8
       3
      10
       9
      10
       9
       9
       6
       5
       6
       6
       8
       6
       9
       4
      10
      12
       9
       8
      15
       6
       9
       8
       6
       9
       8
      11
       9
       6
       9
       2
      10
      10
       5
      12
       8
      13
       9
       5
      10
       9
       3
       9
       4
       8
      12
       4
      11
      11
       7
      11
       5
       2
      14
       6
      14
      10
       8
      10
       9
       5
       9
      10
       8
      11
      10
       4
       8
       7
      14
       8
       6
      11
       6
       6
       8
      11
       9
       6
       6
       3
       6
       7
       7
       9
      11
      10
       8
      10
       6
       8
       7
      11
       5
       6
       6
       8
       5
       8
       8
       3
       7
       4
       9
       8
      11
      10
       6
      15
       9
       5
       5
       9
       6
       6
       7
       9
       7
      10
       6
      10
       6
       9
      11
       6
       6
      10
       8
       9
       4
       5
       6
       6
       5
       6
       7
       3
       7
       5
      10
       5
       4
       6
       7
       4
       8
       3
       9
       8
       6
       6
       6
       7
       8
       6
       6
       6
       7
       5
       8
       6
       5
       4
       3
       4
       5
       5
       6
       8
      10
      10
       4
       6
       7
       7
      11
      11
       6
      13
      11
       2
       8
       6
       3
       4
       9
       5
       5
       5
       1
      10
       4
       7
       9
       5
       8
       8
       8
       7
       6
       8
       5
       8
       4
       7
       6
       7
       3
       5
       9
       6
       8
       7
       6
       5
       3
       6
       3
       7
      10
       6
       1
       3
       9
      12
       5
       5
      11
       6
       4
       7
       8
       9
       6
       8
       4
       4
       4
       7
       9
       3
       4
      11
       4
       5
       3
       4
       7
       9
       6
       6
       7
       5
       4
       7
       6
       9
       8
       8
       5
       3
       8
       6
       4
       6
       8
      10
       5
       8
       8
       7
      10
       6
       8
      12
       8
       8
      13
       7
       6
       7
       5
       7
       8
       3
       8
       2
      10
       5
       9
       8
       7
       5
       4
       6
       4
       7
       7
       1
       6
       6
       9
       1
       4
       6
       4
       3
       8
       7
       6
       9
       8
       9
       6
       4
       8
       8
      11
       7
       8
       9
       9
       7
       7
       6
       3
       8
       7
       4
       6
       4
       6
       7
       8
       4
       8
       6
       9
       7
       7
       7
      11
       3
       4
       8
       8
      10
       4
      12
       4
       6
       5
       6
       4
       2
       5
       7
       9
       6
       5
       6
       7
       2
       6
       9
       7
       6
       6
       6
       2
      11
       7
       5
       6
       9
       8
       9
       9
      16
       8
       9
       5
       4
       6
       4
       5
       5
       7
       3
       3
       6
       2
       8
       6
       4
       4
      10
       9
       6
       8
       4
       5
       5
       3
       4
       3
       4
       8
       6
       4
       7
       8
       8
       6
       8
       5
       1
       4
       4
       8
       4
       8
       3
       3
       6
       7
       2
       2
       3
       5
       0
       5
       7
       7
       2
       5
       8
       7
       3
       8
       8
       6
       2
       4
       7
       2
       5
      12
       7
       6
       7
       4
       5
       7
       5
       6
       6
       2
       7
      10
       9
       4
       5
       4
       7
       8
       6
       7
       3
       3
       4
       3
       8
       2
       5
       3
       8
       4
      13
      11
       7
       4
       6
       8
       2
       2
       5
       6
       7
       6
       4
       6
       7
       6
       5
       7
       4
      13
       7
       3
       3
       8
       1
       5
       7
       5
       5
       9
       7
       8
       7
       7
       6
       3
       1
       7
       5
       3
       9
       9
       4
       4
       9
      10
       4
       3
       3
       6
       6
       3
       7
       5
       7
       2
       5
       8
       5
       4
       2
       7
       5
       5
       3
       5
       2
       3
       8
       8
       8
       5
       7
       5
       6
       4
       0
       3
       4
       4
       7
      10
       5
       9
       3
       4
       2
       5
       4
       6
       4
       6
       4
       2
       5
       3
       2
       9
       7
       4
       6
       6
       4
       2
       5
       1
       7
       4
       4
       4
       5
       4
       6
       4
       5
       6
       4
       2
       4
       2
       3
       4
       4
       4
       3
       2
       8
       5
       6
       2
       5
       5
       6
       5
       6
       7
       1
       3
       6
       2
       6
       7
       7
       8
       7
       6
       6
       7
       2
       4
       6
       4
       6
       9
       6
       5
       6
       4
       7
       5
       4
       1
       7
       3
       1
       5
       3
       3
       5
       4
       2
       9
       6
       4
       0
       3
       4
       5
       3
       1
       5
       5
       4
       5
       1
       3
       6
       3
       5
       4
       3
       7
       1
       5
       4
       7
       2
       4
       1
       4
       7
       2
       5
       5
       6
       2
       2
       8
       4
       6
       1
       6
       2
       6
       5
       4
       1
       4
       3
       3
       4
       2
       3
       4
       0
       5
       8
       3
       4
       5
       6
       3
       6
       1
       3
       2
       0
       4
       2
       2
       1
       1
       3
       2
       8
       1
       1
       5
       4
       5
       5
       4
       5
       1
       1
       2
       5
       2
       0
       6
       2
       5
       3
       4
       6
       4
       4
       1
       3
       1
       2
       5
       4
       4
       3
       4
       6
       4
       5
       0
       4
       3
       4
       3
       4
       3
       1
       2
       5
       5
       2
       3
       4
       3
       4
       4
       4
       3
       4
       4
       4
       3
       2
       5
       3
       6
       5
      17
      21
      29
      31
      21
      17
      15
       6
       1
       4
       5
       3
       3
       2
       3
       4
       5
       4
       4
       5
       4
       3
       2
       2
       3
       6
       3
       3
       3
       3
       3
       3
       6
       4
       1
       5
       0
       3
       3
       2
       3
       6
       2
       0
       2
       6
       3
       1
       3
       2
       2
       5
       3
       4
       3
       4
       2
       0
       4
       2
       0
       2
       2
       1
       3
       4
       2
       2
       2
       4
       5
       3
       2
       3
       0
       3
       1
       3
       4
       2
       2
       3
       1
       2
       5
       3
       5
       3
       5
       1
       2
       4
       2
       3
       4
       4
       5
       1
       3
       2
       3
       5
       6
       2
       1
       3
       2
       4
       3
       1
       1
       4
       1
       4
       5
       2
       3
       3
       2
       2
       3
       3
       1
       5
       2
       0
       4
       2
       4
       8
       0
       2
       3
       2
       3
       2
       2
       5
       3
       3
       0
       3
       1
       4
       1
       5
       2
       4
       3
       2
       4
       3
       1
       2
       2
       1
       2
       2
       0
       3
       2
       2
       0
       1
       4
       0
       3
       7
       5
       6
       0
       2
       4
       2
       2
       5
       4
       5
       2
       1
       6
       5
       2
       2
       2
       3
       5
       2
       1
       3
       5
       2
       2
       1
       1
       3
       4
       4
       3
       2
       3
       1
       4
       4
       2
       1
       3
       2
       4
       2
       0
       0
       3
       4
       1
       2
       4
       2
       3
       1
       3
       3
       2
       1
       5
       0
       3
       1
       0
       5
       4
       4
       3
       2
       0
       3
       3
       0
       5
       3
       1
       1
       4
       3
       4
       2
       1
       3
       3
       3
       4
       1
       5
       1
       1
       1
       4
       4
       5
       2
       3
       5
       2
       0
       3
       2
       3
       2
       2
       3
       5
       1
       2
       3
       2
       4
       1
       4
       2
       3
       2
       2
       2
       3
       2
       1
       4
       5
       1
       1
       4
       2
       3
       0
       1
       2
       2
       2
       3
       1
       7
       2
       5
       3
       3
       2
       1
       1
       2
       5
       0
       1
       3
       4
       3
       2
       2
       3
       5
       2
       2
       3
       4
       0
       5
       5
       3
       1
       3
       3
       1
       2
       4
       6
       6
       5
       1
       5
       4
       4
       5
       4
       3
       2
       3
       2
       0
       4
       1
       1
       3
       2
       1
       2
       2
       2
       0
       2
       1
       3
       1
       3
       1
       6
       1
       0
       0
       2
       1
       4
       7
       4
       6
       3
       2
       6
       5
       1
       4
       3
       2
       3
       2
       3
       1
       3
       4
       2
       3
       2
       3
       4
       2
       1
       2
       6
       5
       5
       1
       3
       3
       0
       2
       4
       0
       3
       3
       2
       1
       3
       3
       2
       3
       2
       1
       2
       2
       2
       3
       5
       4
       0
       0
       4
       1
      10
       2
       2
       5
       2
       2
       2
       3
       1
       2
       1
       2
       4
       0
       3
       1
       8
       4
       6
       3
       3
       4
       3
       2
       1
       2
       3
       0
       1
       1
       5
       3
       2
       3
       4
       4
       2
       2
       2
       1
       2
       0
       2
       0
       5
       3
       2
       2
       1
       2
       1
       1
       6
       1
       3
       3
       1
       1
       1
       2
       5
       4
       1
       4
       4
       7
       2
       5
       1
       1
       1
       2
       3
       1
       4
       4
       2
       4
       1
       2
       0
       3
       0
       2
       1
       2
       0
       0
       2
       1
       3
       1
       2
       4
       4
       1
       2
       3
       1
       1
       1
       1
       0
       0
       2
       2
       1
       2
       1
       2
       1
       2
       2
       1
       4
       4
       2
       1
       1
       1
       3
       2
       3
       1
       2
       1
       1
       2
       3
       2
       0
       2
       1
       1
       3
       1
       2
       2
       4
       2
       3
       3
       4
       4
       3
       2
       2
       2
       2
       3
       1
       1
       3
       3
       1
       2
       1
       1
       2
       2
       4
       4
       2
       5
       1
       3
       4
       2
       4
       2
       2
       1
       5
       3
       3
       3
       3
       2
       4
       2
       6
       0
       2
       3
       4
       3
       1
       3
       2
       2
       1
       0
       4
       5
       3
       3
       2
       0
       2
       1
       2
       2
       4
       3
       1
       1
       2
       4
       3
       4
       2
       0
       3
       3
       3
       2
       3
       0
       3
       0
       2
       2
       1
       4
       2
       0
       0
       5
       2
       1
       4
       1
       1
       2
       2
       2
       0
       2
       4
       1
       0
       2
       3
       0
       1
       2
       5
       3
       3
       2
       1
       2
       0
       1
       0
       2
       0
       0
       3
       1
       3
       2
       2
       1
       3
       1
       2
       1
       3
       3
       5
       2
       2
       2
       2
       5
       3
       1
       3
       5
       1
       4
       3
       6
       1
       3
       3
       0
       1
       3
       2
       1
       4
       1
       0
       4
       2
       2
       2
       0
       4
       2
       2
       5
       1
       1
       5
       3
       0
       4
       1
       1
       2
       4
       3
       2
       5
       5
       7
       3
       3
       1
       0
       3
       2
       1
       4
       1
       0
       0
       1
       1
       3
       2
       1
       3
       1
       2
       1
       1
       2
       2
       0
       4
       1
       1
       0
       2
       3
       2
       2
       0
       1
       2
       3
       4
       2
       3
       1
       0
       1
       6
       1
       3
       2
       1
       1
       2
       1
       3
       2
       3
       2
       3
       3
       1
       2
       0
       2
       4
       2
       1
       2
       1
       2
       0
       0
       3
       1
       3
       2
       2
       3
       2
       3
       2
       2
       1
       4
       1
       5
       3
       2
       2
       1
       2
       1
       0
       2
       2
       3
       2
       3
       8
       1
       3
       3
       2
       2
       2
       1
       1
       4
       4
       2
       2
       1
       7
       5
       4
       2
       2
       3
       1
       0
       5
       2
       1
       1
       6
       1
       1
       1
       1
       3
       2
       1
       0
       0
       1
       3
       4
       2
       0
       3
       4
       3
       3
       1
       1
       1
       2
       3
       5
       2
       4
       0
       2
       3
       2
       1
       2
       1
       0
       4
       2
       2
       2
       7
       2
       1
       3
       1
       2
       1
       3
       1
       2
       3
       2
       1
       2
       0
       0
       3
       5
       3
       2
       0
       2
       1
       3
       3
       2
       2
       1
       1
       0
       5
       3
       5
       4
       3
       2
       2
       5
       5
       3
       3
       1
       6
       4
       2
       3
       2
       0
       1
       2
       3
       1
       3
       1
       0
       2
       1
       1
       4
       3
       1
       1
       0
       4
       3
       1
       0
       4
       1
       1
       2
       3
       1
       3
       0
       2
       2
       2
       1
       4
       4
       2
       1
       0
       2
       4
       2
       1
       2
       2
       2
       0
       2
       2
       2
       2
       2
       0
       2
       0
       4
       4
       2
       6
       0
       3
       3
       1
       3
       1
       3
       1
       2
       1
       0
       1
       1
       2
       3
       1
       2
       0
       1
       1
       0
       0
       0
       0
       0
       3
       2
       2
       1
       0
       0
       0
       3
       0
       2
       4
       3
       4
       1
       1
       0
       2
       3
       3
       2
       3
       2
       1
       1
       3
       1
       4
       2
       3
       2
       2
       1
       2
       2
       1
       3
       2
       3
       0
       0
       1
       1
       3
       2
       0
       2
       3
       0
       1
       3
       2
       2
       3
       2
       2
       1
       2
       1
       2
       0
       1
       2
       1
       1
       2
       3
       2
       4
       2
       1
       1
       1
       2
       2
       1
       2
       0
       3
       2
       0
       3
       4
       3
       2
       1
       1
       0
       3
       5
       1
       0
       0
       2
       1
       1
       2
       1
       2
       0
       3
       2
       2
       0
       0
       0
       1
       4
       1
       2
       2
       0
       0
       3
       4
       4
       0
       2
       0
       0
       2
       2
       3
       1
       1
       0
       2
       3
       2
       1
       2
       4
       1
       0
       2
       2
       0
       1
       6
       1
       3
       3
       4
       1
       3
       2
       1
       2
       1
       1
       1
       3
       1
       2
       1
       4
       0
       3
       2
       2
       4
       3
       4
       1
       1
       1
       2
       1
       1
       1
       1
       1
       1
       0
       2
       0
       1
       0
       0
       2
       3
       1
       6
       1
       0
       2
       0
       3
       2
       2
       3
       2
       0
       1
       3
       1
       2
       4
       2
       1
       4
       1
       4
       2
       0
       2
       2
       2
       2
       2
       1
       1
       1
       1
       2
       0
       2
       0
       3
       2
       0
       0
       2
       3
       0
       3
       2
       3
       3
       2
       3
       1
       2
       3
       0
       2
       1
       2
       2
       1
       2
       1
       2
       2
       1
       3
       1
       1
       2
       2
       3
       2
       2
       1
       2
       0
       4
       0
       4
       3
       1
       2
       2
       4
       1
       1
       5
       0
       2
       1
       4
       3
       1
       1
       1
       1
       0
       0
       3
       1
       2
       1
       1
       5
       2
       3
       3
       4
       0
       1
       1
       2
       2
       0
       0
       0
       0
       0
       0
       0
       0
       0
       0
       0
       0
       0
       0
       0
       0
       0
       0
       0
       0
       0
       0
       0
       0
       0
       0
       0
       0
       0
       0
       0
       0
       0
       0
       0
       0
       0
       0
       0
       0
       0
       0
       0
       0
       0
       0
       0
       0
       0
       0
       0
       0
       0
       0
       0
       0
       0
       0
       0
       0
       0
       0
       0
       0
       0
       0
       0
       0
       0
       0
       0
       0
       0
       0
       0
       0
       0
       0
       0
       0
       0
       0
       0
       0
       0
       0
       0
       0
       0
       0
       0
       0
       0
       0
       0
       0
       0
       0
       0
       0
       0
       0
       0
       0
       0
       0
       0
       0
       0
       0
       0
       0
       0
       0
       0
       0
       0
       0
       0
       0
       0
       0
       0
       0
       0
       0
       0
       0
       0
       0
       0
       0
       0
       0
       0
       0
       0
       0
       0
       0
       0
       0
       0
       0
       0
       0
       0
       0
       0
       0
       0
       0
       0
       0
$ROI:
0
$PRESETS:
None
0
0
$ENER_FIT:
0.000000 0.000000
$MCA_CAL:
3
0.000000E+000 0.000000E+000 0.000000E+000 
$SHAPE_CAL:
3
0.000000E+000 0.000000E+000 0.000000E+000
