$SPEC_ID:
No sample description was entered.
$SPEC_REM:
DET# 1
DETDESC# SCE-SOPA-00035 MCB 133
AP# Maestro Version 7.01
$DATE_MEA:
11/01/2019 15:58:41
$MEAS_TIM:
241306 241312
$DATA:
0 4095
       0
       0
       0
       0
       1
       1
       2
       0
       0
       0
       0
       0
       0
       0
       0
       0
       0
       0
       1
       0
       3
       6
       7
       9
      11
      12
     179
     580
     263
     308
    1185
    1183
    1213
    1191
    1139
    1175
    1185
    1134
    1197
    1153
    1100
    1162
    1161
    1112
    1204
    1333
    1780
    1856
    1587
    1178
    1151
    1065
    1125
    1247
    1239
    1215
    1079
    1031
    1089
    1095
    1074
    1159
    1416
    2073
    2164
    1504
    1176
    1044
    1057
    1096
    1100
    1092
    1164
    1091
    1183
    1257
    1238
    1244
    1284
    1159
    1109
    1131
    1126
    1114
    1189
    1230
    1125
    1191
    1076
    1136
    1215
    1436
    2149
    2735
    2330
    1595
    1151
    1143
    1155
    1158
    1118
    1053
    1064
    1112
    1081
    1079
    1113
    1112
    1101
    1197
    1214
    1169
    1218
    1246
    1205
    1188
    1211
    1195
    1163
    1213
    1186
    1132
    1163
    1215
    1214
    1196
    1209
    1167
    1144
    1167
    1175
    1188
    1182
    1168
    1151
    1210
    1208
    1180
    1155
    1223
    1198
    1156
    1194
    1221
    1278
    1287
    1220
    1164
    1102
    1098
    1159
    1162
    1119
    1134
    1200
    1188
    1156
    1090
    1179
    1179
    1128
    1109
    1094
    1078
    1112
    1100
    1074
    1107
    1079
    1066
    1081
    1087
    1053
    1057
    1059
    1068
    1079
    1066
    1061
    1119
     993
     995
    1008
    1103
    1070
    1249
    1600
    1664
    1324
    1126
     970
    1025
    1007
    1000
    1017
     983
    1031
    1015
    1014
    1000
    1009
    1017
     950
     961
     937
     882
    1010
     961
     919
     961
     940
     927
     901
     899
     928
     846
     898
     888
     810
     860
     857
     862
     846
     830
     841
     886
     868
     895
     830
     879
     805
     752
     816
     835
     835
     804
     789
     758
     857
     969
     997
     922
     871
     844
     823
     810
     741
     774
     747
     729
     685
     691
     733
     732
     714
     726
     695
     655
     697
     656
     698
     735
     649
     648
     696
     663
     677
     664
     677
     675
     659
     647
     659
     615
     653
     634
     635
     622
     661
     673
     633
     607
     648
     584
     595
     593
     637
     586
     609
     593
     592
     629
     611
     556
     558
     570
     661
     672
     576
     581
     606
     567
     604
     571
     578
     526
     506
     546
     499
     520
     532
     566
     498
     517
     493
     516
     502
     537
     515
     529
     521
     535
     519
     537
     497
     492
     493
     505
     510
     498
     527
     557
     522
     532
     519
     492
     503
     484
     533
     453
     537
     467
     477
     471
     431
     455
     482
     485
     432
     470
     432
     439
     464
     583
     559
     505
     451
     469
     461
     435
     371
     440
     410
     468
     442
     426
     414
     459
     453
     394
     424
     415
     412
     372
     413
     425
     418
     401
     401
     414
     371
     384
     362
     391
     381
     411
     375
     402
     378
     392
     383
     397
     366
     379
     358
     405
     373
     401
     357
     355
     366
     380
     347
     371
     330
     393
     380
     370
     358
     356
     374
     328
     377
     344
     373
     360
     374
     347
     360
     347
     369
     361
     345
     354
     358
     319
     312
     326
     353
     325
     329
     341
     327
     355
     321
     323
     322
     331
     352
     348
     322
     355
     311
     322
     320
     341
     339
     357
     337
     299
     314
     327
     327
     322
     304
     305
     294
     337
     347
     304
     289
     310
     337
     272
     303
     320
     322
     322
     327
     326
     295
     259
     280
     284
     326
     271
     295
     281
     271
     315
     298
     322
     302
     293
     270
     262
     263
     262
     280
     264
     283
     269
     282
     276
     279
     272
     266
     280
     271
     265
     292
     288
     287
     302
     295
     288
     293
     294
     286
     376
     514
     681
    1040
    1118
     969
     608
     420
     330
     246
     259
     259
     267
     268
     204
     246
     266
     250
     254
     239
     248
     213
     250
     258
     247
     250
     234
     248
     258
     285
     249
     249
     237
     221
     220
     259
     209
     223
     249
     227
     247
     240
     271
     240
     241
     214
     248
     257
     270
     223
     217
     240
     223
     237
     223
     246
     270
     264
     225
     249
     217
     220
     273
     229
     239
     220
     239
     252
     253
     189
     236
     241
     241
     242
     216
     261
     273
     269
     244
     236
     234
     188
     202
     230
     217
     237
     198
     231
     238
     236
     254
     255
     223
     248
     258
     228
     214
     253
     264
     277
     244
     266
     338
     314
     266
     227
     236
     239
     231
     233
     226
     211
     241
     205
     229
     235
     237
     202
     212
     216
     183
     167
     212
     195
     240
     203
     206
     198
     217
     228
     211
     190
     207
     218
     198
     224
     225
     212
     221
     208
     203
     220
     223
     200
     200
     217
     186
     188
     204
     188
     208
     188
     223
     196
     226
     224
     203
     204
     192
     234
     202
     199
     219
     247
     217
     210
     183
     202
     193
     205
     207
     202
     198
     206
     189
     194
     203
     195
     179
     186
     186
     151
     207
     174
     209
     224
     199
     234
     232
     217
     211
     219
     212
     180
     225
     227
     223
     206
     186
     168
     208
     191
     194
     186
     190
     165
     204
     171
     201
     167
     192
     174
     185
     169
     163
     168
     184
     189
     196
     186
     177
     232
     189
     156
     178
     197
     143
     178
     175
     149
     182
     175
     170
     152
     167
     186
     211
     153
     199
     171
     159
     170
     171
     169
     158
     176
     144
     171
     168
     167
     171
     175
     200
     175
     162
     157
     144
     169
     172
     196
     162
     185
     186
     183
     183
     188
     163
     150
     147
     163
     148
     157
     190
     161
     170
     151
     160
     165
     172
     173
     157
     179
     192
     163
     153
     168
     181
     153
     141
     146
     157
     150
     162
     162
     146
     139
     140
     171
     166
     153
     159
     148
     149
     130
     152
     157
     149
     154
     157
     168
     170
     179
     147
     158
     157
     154
     149
     158
     172
     147
     169
     136
     169
     148
     159
     147
     143
     158
     145
     151
     149
     147
     183
     173
     153
     177
     154
     162
     148
     155
     144
     167
     124
     157
     154
     133
     164
     166
     173
     156
     158
     146
     164
     161
     141
     147
     170
     137
     125
     157
     153
     126
     122
     152
     145
     142
     135
     132
     126
     144
     128
     139
     167
     127
     146
     118
     149
     158
     129
     152
     157
     148
     136
     133
     144
     145
     133
     145
     139
     152
     146
     154
     168
     152
     134
     135
     114
     152
     132
     146
     140
     119
     154
     135
     171
     197
     172
     157
     140
     126
     143
     122
     123
     122
     156
     138
     132
     140
     132
     118
     134
     109
     135
     116
     122
     126
     126
     130
     109
     140
     122
     134
     134
     128
     115
     141
     108
     108
     132
     105
     117
     107
     129
     118
     117
     127
     127
     115
     146
     128
     129
     125
     131
     144
     131
     155
     167
     168
     144
     116
     144
     142
     127
     167
     150
     102
     115
     131
     132
     121
     119
     123
     106
     123
     133
     126
     140
     132
     105
     105
     132
     127
     116
     127
     113
     117
      99
     141
     120
      97
     113
     123
     118
     120
     128
     152
     144
     123
     104
     122
     119
     120
     109
     119
     115
     110
     117
     124
     110
      95
     126
     128
     103
     107
     117
     112
     133
     141
     119
     111
     104
     103
     105
     123
      95
     114
     104
      95
     100
     112
     116
     107
      93
     109
      98
     114
     107
     103
     100
     101
     127
     109
      93
     105
     108
     115
     101
     125
     123
     124
     100
     128
     105
     125
     117
     106
     126
     108
     135
     121
     101
     104
     108
     120
     114
     116
     113
     103
     101
     100
      94
     116
     120
     101
     116
      98
     104
     111
     100
     106
     114
      87
      94
     100
      97
     112
      97
      98
      90
      80
     110
     118
      92
      95
     100
     108
     106
      97
      99
      83
     101
      99
     108
      89
     101
     114
      98
     105
      97
     115
     115
     106
     101
     117
     132
     124
     116
      96
     100
      93
     100
     109
      99
      98
     100
     101
     101
      87
     106
      90
      91
      88
     104
      84
      96
      82
      99
      96
     106
      87
      85
      95
      92
     110
      86
      88
      76
      91
      88
      73
     103
      95
     104
      80
      96
      85
      93
      92
      86
     106
     121
      79
      88
      83
     103
      82
      88
      84
      83
     103
      97
      83
      89
      80
     102
      99
      97
      93
      92
     103
      86
      95
      83
      86
      79
      83
      93
      94
     104
     101
      83
      72
      88
      99
      90
      82
      90
      88
      87
      95
      73
     120
      79
      80
      87
      92
      84
      85
      97
      88
      77
      86
      93
      85
      97
      85
      83
      96
      87
      85
      96
     101
      85
      98
      95
      94
      98
      88
      89
      92
      95
      91
      85
      86
      85
      88
      90
      81
      85
      83
      91
      73
      78
      89
      74
      84
      77
      71
      75
      90
      80
      76
      74
      71
      88
      79
     101
      69
      79
      68
      81
      61
      67
      71
      74
      67
      76
      69
      84
      70
      73
      84
      66
      61
      76
      60
      71
      72
      65
      81
      59
      65
      68
      80
      76
      79
      76
      84
      81
      71
      65
      68
      79
      76
      81
      83
      81
      76
      82
      64
      71
      68
      63
      74
      66
      67
      67
      74
      71
      72
      54
      73
      70
      75
      56
      63
      74
      64
      57
      73
      91
      62
      72
      74
      70
      62
      68
      60
      71
      62
      74
      61
      80
      52
      68
      69
      72
      65
      70
      65
      52
      61
      69
      61
      68
      72
      55
      65
      62
      74
      71
      65
      63
      65
      48
      54
      63
      57
      70
      65
      58
      55
      80
      72
      65
      62
      63
      63
      59
      60
      73
      68
      63
      63
      66
      67
      54
      71
      50
      59
      54
      60
      67
      63
      51
      64
      62
      55
      44
      54
      49
      60
      59
      73
      48
      55
      60
      52
      73
      52
      47
      63
      71
      67
      59
      48
      54
      58
      60
      62
      73
      68
      60
      50
      68
      53
      64
      62
      65
      50
      49
      49
      62
      60
      65
      50
      57
      46
      60
      52
      64
      59
      65
      42
      52
      48
      55
      56
      56
      60
      52
      51
      53
      58
      54
      54
      54
      52
      52
      53
      48
      60
      59
      96
     181
     298
     300
     268
     189
     102
      62
      52
      47
      42
      46
      55
      66
      46
      41
      49
      43
      44
      45
      52
      45
      48
      49
      48
      50
      61
      38
      61
      57
      43
      43
      48
      37
      51
      44
      46
      68
      58
      50
      44
      45
      45
      60
      50
      42
      43
      42
      42
      58
      53
      57
      57
      30
      55
      41
      52
      50
      49
      46
      37
      48
      35
      47
      38
      45
      49
      41
      54
      45
      43
      47
      50
      55
      45
      34
      41
      49
      46
      56
      34
      56
      44
      45
      62
      51
      37
      47
      47
      34
      39
      52
      43
      43
      43
      44
      44
      42
      39
      54
      39
      35
      39
      52
      45
      52
      45
      48
      32
      44
      46
      46
      46
      36
      35
      37
      42
      48
      27
      43
      41
      38
      51
      50
      49
      37
      46
      45
      39
      44
      46
      46
      41
      46
      60
      56
      51
      43
      46
      37
      43
      40
      49
      47
      45
      38
      36
      32
      54
      31
      38
      33
      37
      34
      34
      27
      44
      35
      57
      51
      36
      38
      40
      42
      47
      42
      30
      36
      45
      44
      37
      42
      37
      50
      41
      45
      37
      38
      37
      35
      40
      43
      32
      33
      52
      40
      37
      34
      35
      41
      38
      31
      31
      30
      39
      32
      37
      33
      47
      34
      43
      32
      37
      49
      41
      28
      35
      34
      34
      47
      38
      45
      31
      30
      32
      28
      35
      40
      42
      36
      19
      44
      38
      30
      34
      46
      37
      20
      36
      29
      33
      35
      23
      40
      33
      38
      36
      39
      39
      34
      35
      42
      30
      43
      35
      28
      39
      27
      32
      31
      31
      30
      27
      19
      38
      31
      42
      33
      35
      39
      39
      30
      35
      42
      41
      32
      37
      40
      30
      33
      45
      36
      39
      47
      32
      26
      37
      32
      33
      28
      26
      34
      29
      33
      26
      22
      31
      24
      30
      37
      22
      33
      39
      35
      29
      39
      39
      25
      26
      25
      28
      33
      37
      28
      35
      38
      61
      74
      65
      56
      35
      29
      28
      32
      34
      28
      36
      37
      30
      23
      23
      46
      32
      30
      28
      36
      27
      33
      22
      34
      28
      32
      37
      30
      25
      37
      20
      22
      30
      26
      23
      28
      38
      29
      17
      27
      31
      26
      33
      33
      29
      32
      34
      27
      26
      25
      32
      35
      37
      18
      26
      19
      30
      26
      22
      21
      29
      25
      18
      24
      17
      39
      24
      31
      34
      26
      33
      29
      34
      30
      37
      30
      24
      36
      34
      21
      28
      31
      27
      36
      35
      21
      28
      21
      28
      25
      30
      32
      25
      27
      25
      29
      28
      27
      27
      26
      21
      34
      27
      31
      32
      26
      28
      27
      26
      27
      26
      25
      30
      24
      30
      27
      30
      28
      28
      26
      21
      26
      28
      20
      28
      17
      24
      30
      20
      18
      28
      28
      30
      28
      30
      25
      24
      25
      44
      26
      26
      17
      28
      20
      22
      27
      20
      29
      21
      27
      21
      24
      21
      31
      23
      36
      26
      28
      34
      25
      22
      25
      16
      23
      16
      27
      20
      24
      22
      26
      23
      18
      25
      22
      24
      30
      26
      31
      27
      32
      22
      21
      21
      28
      26
      27
      18
      24
      21
      23
      32
      22
      29
      13
      17
      23
      24
      20
      30
      27
      22
      32
      29
      21
      22
      21
      31
      23
      21
      22
      18
      26
      21
      27
      23
      31
      24
      19
      22
      22
      25
      24
      30
      26
      17
      22
      23
      14
      37
      21
      22
      26
      28
      22
      25
      13
      18
      19
      30
      18
      18
      22
      27
      21
      22
      23
      23
      19
      16
      17
      27
      18
      26
      25
      25
      22
      25
      16
      24
      18
      26
      20
      25
      21
      20
      17
      26
      15
      23
      30
      11
      27
      24
      16
      22
      18
      21
      29
      21
      25
      25
      18
      25
      21
      23
      21
      24
      21
      14
      17
      32
      28
      13
      18
      20
      22
      21
      22
      14
      23
      20
      34
      23
      20
      23
      19
      28
      24
      18
      20
      16
      21
      26
      21
      13
      18
      19
      17
      33
      17
      18
      20
      22
      19
      17
      25
      29
      21
      24
      21
      22
      23
      30
      16
      19
      32
      27
      25
      38
      33
      23
      30
      31
      32
      16
      26
      19
      22
      23
      10
      16
      20
      20
      26
      22
      22
      23
      22
      22
      22
      25
      14
      18
      15
      19
      19
      18
      24
      30
      21
      15
      16
      18
      30
      12
      18
      18
      22
      17
      23
      30
      19
      18
      24
      21
      24
      22
      17
      31
      25
      14
      17
      23
      17
      13
      22
      16
      13
      13
      15
      19
      26
      21
      10
      15
      12
      15
      25
      31
      15
      19
      21
      23
      20
      13
      26
      15
      16
      18
      17
      19
      20
      12
      22
      20
      14
      11
      16
      19
      25
      21
      20
      20
      18
      31
      15
      12
      28
      12
      24
      25
      23
      26
      29
      30
      21
      19
      22
      18
      24
      20
      18
      19
      15
      14
      21
      23
      21
      16
      29
      13
      20
      23
      23
      21
      16
      19
      17
      20
      19
      19
      16
      21
      19
      17
      17
      19
      19
      17
      11
      21
      21
      10
      13
      17
      25
      11
      18
      15
      25
      17
      15
      21
      26
      12
      35
      19
      19
      20
      19
      21
      20
      15
      15
      16
      20
      17
      22
      16
      18
      23
      20
      13
       9
      20
      17
      15
      15
      18
      22
      18
      18
      18
      17
      15
      15
      17
      14
      14
      18
      30
      15
      21
      21
      15
      19
      22
      16
      13
      19
      26
      21
      16
      15
      23
      24
      23
      12
      15
      14
      23
      18
      11
      24
      12
      17
      29
      16
      20
      23
      12
      22
      19
      19
      25
      22
      15
      22
      17
      15
      19
      20
      18
      17
      19
      12
      24
      19
      20
      20
      18
      14
      19
      18
      17
      20
      11
      13
      14
       9
      23
      15
      19
      11
      18
      20
      16
      15
      13
      14
      20
      20
      18
      24
      15
      21
      24
      20
      15
      13
      15
      16
      18
      12
      28
      17
      15
      10
      27
      26
      21
      20
      16
      15
      13
      15
      20
      14
      18
      20
      14
      13
      16
      14
      11
      18
      13
      10
      14
      19
      16
       9
      17
      21
      27
      18
      16
       8
      17
      12
      16
      11
      16
      11
      14
      15
      17
      18
      15
      17
      15
      19
      15
      18
      18
      13
      12
      15
      21
      18
      15
      13
      14
      29
      19
      13
      23
      10
      23
      16
       9
      23
      23
      17
      15
      18
      17
      16
      20
      20
      15
      11
       9
      10
      16
      13
      20
      13
      18
      11
      12
      15
       6
      15
      12
      19
      18
      16
      21
      14
      17
      11
      10
      10
      18
      13
      11
      14
      14
      16
      12
      13
      16
      16
      11
      14
      13
      14
      14
      14
       8
      14
      17
      11
      14
      16
      12
       9
      17
      21
      16
      14
      20
      13
       8
      10
      15
      12
      10
       9
      16
      13
       9
      13
      15
      12
      11
      12
      10
      11
      19
      17
      12
      13
      17
       9
      12
      14
      17
      18
       9
      11
      16
      16
      13
       9
      13
      15
      10
      12
      16
      15
      15
      20
      14
       7
      12
      10
      10
      13
      13
      15
      15
      10
       8
      13
      10
      12
      16
       9
       9
      11
      11
      15
      13
      11
       7
      11
       8
      11
      13
      10
      12
      11
       6
      16
      14
       8
       7
      16
      11
      11
      13
      14
      13
      14
      13
       9
      11
      12
      12
      13
      10
      12
      13
      16
      14
      12
      12
       7
      14
       8
      13
      14
       7
      10
      11
      13
      18
      26
      28
      48
      75
      99
     108
      89
      57
      33
      26
      20
      15
       6
      12
      10
       7
       4
       9
      10
      12
      13
      12
      17
      17
      17
       9
       7
       8
      14
      15
      12
      11
      15
      12
       6
      11
      14
      14
       9
      13
      18
      12
      13
       7
      14
      14
       7
      15
       9
      11
      14
      12
       7
      14
      12
       9
      11
       9
       6
       8
       6
       6
      12
       8
      11
       9
       8
       6
       9
      10
      14
       7
      14
      11
      12
       8
      10
       7
       6
      14
      11
      12
       6
      13
      13
      12
       5
       8
      19
       8
       4
      10
      14
       8
      18
      14
      10
       4
      15
      15
      15
       8
       9
      10
      14
      12
      17
       7
      11
      10
       9
      13
      11
      16
       3
      12
      10
      14
       9
       9
       8
      11
      11
      12
      14
      11
       6
      12
       9
       7
      11
      13
       6
       7
       8
       9
      10
       5
       8
       7
      12
      10
       7
      11
       9
      12
      11
      13
       9
      10
      11
      15
       9
       9
      15
       4
      13
      10
      10
       8
       7
       9
      10
      13
       8
       6
      16
      15
       7
      10
       9
       5
      19
      11
       8
      11
       8
      15
      14
      13
       4
       7
      11
      11
      16
      10
       7
       7
      11
      10
       3
      11
       6
       7
       9
       7
       9
      15
       8
       9
       8
       6
       8
       1
       8
      12
      10
      11
       9
      13
      13
      12
      12
      13
      12
      14
      15
       7
       9
       9
       7
      10
       7
       7
       5
       8
       8
      12
      11
       6
      12
       8
       8
       9
       6
       8
       5
      15
       5
      12
      10
       7
      11
      16
      14
       6
      12
       9
      10
      12
      11
       8
      12
       9
       9
       6
       9
      11
      14
       7
      10
       8
       9
       7
       7
       9
       8
      10
      10
       5
       4
      10
      14
      12
       7
      10
       8
       9
       6
       8
      10
       6
       5
       9
      10
       6
      13
       7
       7
       9
       5
       9
      11
       5
      12
       7
       8
      11
      14
       9
      10
      10
       8
       6
      13
       9
      10
       5
       5
       6
       9
       4
       8
       7
      15
       6
       8
       9
       9
       7
       4
       5
       7
      10
       6
       9
       3
       9
      10
      10
       9
       8
      13
       8
       9
       8
      14
       9
      11
      14
      15
       8
      11
       7
       4
       8
       3
      10
       9
      11
      12
       4
       6
       7
      12
       8
      12
      10
      10
      12
       7
       6
      12
       2
       8
      10
       8
      10
       8
      10
      13
       5
       7
       5
       7
       7
       9
       9
       9
       8
      12
       9
       5
      11
      11
       9
       9
       7
      13
       4
       7
      12
      12
       8
       9
      10
      14
       8
       8
       6
       5
      10
       6
      18
       6
      11
       6
      12
       9
       9
       8
       8
       8
      10
       9
       8
       7
       8
      12
       9
       6
      12
       9
       8
       6
      10
       5
       9
       6
      11
       5
       9
       6
       7
      12
       9
       7
      12
       8
       7
       9
       8
       6
       6
      12
       9
      11
       3
       7
       8
      11
      15
       6
       7
      10
      12
       7
       7
       8
       5
      15
      12
      11
       9
      10
       8
       9
       5
      14
       8
      13
      10
       7
       7
       5
      14
      11
       6
       6
       8
      19
      11
       9
      13
       8
      14
      10
       9
      13
       8
       8
      10
       3
      11
       9
      14
       9
      14
      15
       9
       7
       6
       6
       9
       5
       8
       7
       6
       9
       6
       8
       9
      11
       7
       3
       9
       5
       9
       7
       5
      10
       6
       6
       7
      14
       8
      11
       9
      12
      11
       6
      13
       5
      10
      11
      13
       5
       8
      10
      13
       8
      12
      13
       7
      14
      13
       6
      12
       4
       5
       5
       3
       5
      13
      13
      11
       9
      13
       5
      12
       8
       8
       2
       8
       7
      10
       9
       5
      13
       7
       4
       5
       5
       5
      13
       7
       3
       5
       9
       9
       8
       3
      12
       7
       9
       7
      12
       8
       8
       6
       4
       7
       9
      16
      11
      10
       5
       8
      10
      10
       5
       5
       4
       4
       7
       8
       7
       6
       9
       3
      12
       9
       3
       6
       9
       8
      11
      14
       6
       3
       8
       6
      10
      11
       7
       4
       6
       4
      12
       6
       9
       5
      11
       5
      10
       6
       9
      15
       4
      10
       8
       7
       5
       5
       7
      10
       5
       9
       9
       7
      11
       9
       5
      11
       5
      11
      11
      12
      11
       9
       3
       8
       3
       9
       8
       7
       3
       3
       8
      10
       5
      11
       9
       6
       8
       4
       7
       6
      12
      11
       7
       4
       5
      10
      11
       9
       6
       9
       6
       9
       9
      14
       6
      10
       8
       6
      12
      11
       7
      10
       8
       7
      10
       7
       4
       4
       9
       8
       8
       9
       6
       5
      10
      15
      10
       8
       5
      10
      10
       5
       7
       7
       5
       5
       4
       5
       5
      11
       7
       9
       7
       5
       9
       8
       5
       4
       2
       9
       6
       3
       7
      14
      10
       6
       6
       7
       9
       2
       8
       6
       7
       6
       3
       9
       5
       9
      10
       7
      11
       9
       9
      12
       9
       7
       7
       7
       6
       4
      14
       8
       8
       9
       9
       9
       5
       9
      10
       9
       4
       6
       3
      10
      11
       7
       6
       2
       6
       6
       9
       4
       4
       7
      11
       8
       3
       6
       4
      14
       8
       9
       8
       6
      12
      10
       5
       9
       9
       4
       7
       6
      10
       7
       9
       8
       8
       6
       9
       3
      10
       7
      10
       9
       3
       9
       5
      14
      11
      10
       4
       6
       6
       6
       5
       5
       9
       9
       4
      10
       4
       9
       5
       6
      10
       6
      10
       3
       7
       5
       3
       3
      10
      11
       7
      13
      10
      10
       2
       9
       7
      10
       7
       8
       5
       4
       6
       6
       4
       8
       7
       8
      10
       6
       8
       7
       6
       5
       4
       7
       3
       3
      12
       5
      11
       5
       8
       7
       7
       3
       6
       4
       7
      10
       6
      12
      10
       3
       5
      13
       9
       8
       9
       6
       4
      10
       7
       4
       9
       7
       7
       6
       7
       6
       6
       6
       4
       6
       8
       3
       7
       7
       7
       4
       6
       6
       6
       5
       5
      12
      10
       6
       7
      14
       6
       2
       8
       6
       4
       9
       7
       5
       3
       8
       7
      17
       4
       3
      16
       1
       8
       4
       7
      14
       2
       8
       5
       4
       8
       5
       3
       6
       8
       7
       6
       7
       6
       8
       8
       9
       4
       7
       9
       6
      11
       9
       3
      14
       5
       4
      10
       3
       5
      10
       7
       4
       2
       5
       7
      13
       6
       2
      10
      14
       7
      10
       6
       8
       4
       7
       6
       9
       6
       6
       6
       3
       6
       5
       5
       2
       7
       7
      11
       7
       8
       9
       7
       8
       4
       8
       6
      11
       7
       7
       5
       8
       6
       6
       7
       6
       5
       4
       7
       4
       9
       7
       8
       4
      10
       3
       5
       4
      10
       3
       9
       4
       8
       7
       3
      12
       9
       5
       7
       6
       8
       8
       7
       7
       8
       6
       3
       4
       3
       6
       3
       8
       5
       9
       4
       6
       8
       4
       9
       8
       2
       7
       5
       4
       5
       7
       1
      10
      11
       7
       6
      10
       6
       9
       7
       2
       4
       6
       9
       7
       6
       8
       6
       7
       7
      11
       4
       7
       7
       6
       6
       5
       6
       5
       1
       6
       6
       8
       6
       4
       3
       4
      11
       7
       4
       6
       5
       5
       5
       6
       7
       7
       5
       6
       4
      10
       2
       9
       3
       8
       6
       5
       5
       6
       9
       8
       4
      10
       9
       7
       7
       6
       7
       4
       5
       7
       8
       4
       5
       4
      11
       8
       4
       6
       9
       7
       2
       4
       7
       5
       7
       9
       8
       4
      11
       4
       6
       4
       8
       4
       5
       5
       7
       5
       5
       5
      10
      10
       8
       6
      10
       5
       2
       3
       7
       5
       6
       7
       4
       5
       9
      10
       8
       9
       7
       4
       5
       6
       5
       5
       5
       8
       9
       1
       6
       9
       8
       7
       7
       6
       7
       6
       9
       9
       3
       4
       6
      11
       6
       3
       6
       6
       4
       6
       7
       8
       5
       6
       6
       7
       7
       3
       3
       9
       8
       8
       7
      11
       8
       9
       6
       6
       8
       6
      10
       9
       7
       3
       7
       4
       3
       5
       7
      12
       5
       7
       7
       2
       6
       2
       8
       0
       9
       7
      10
       6
       2
       4
      11
       7
       6
       4
      10
       7
       4
       7
       5
      10
       5
       6
       6
       7
       4
       8
       4
       6
      12
       4
       7
       7
       2
       6
       7
       9
       6
       7
       5
       5
       4
       2
       5
       8
       4
       7
       5
       8
       6
       6
       7
       5
       9
       6
       7
       7
       4
       2
       7
       4
       7
       9
       6
       7
       2
       0
       0
       0
       0
       0
       0
       0
       0
       0
       0
       0
       0
       0
       0
       0
       0
       0
       0
       0
       0
       0
       0
       0
       0
       0
       0
       0
       0
       0
       0
       0
       0
       0
       0
       0
       0
       0
       0
       0
       0
       0
       0
       0
       0
       0
       0
       0
       0
       0
       0
       0
       0
       0
       0
       0
       0
       0
       0
       0
       0
       0
       0
       0
       0
       0
       0
       0
       0
       0
       0
       0
       0
       0
       0
       0
       0
       0
       0
       0
       0
       0
       0
       0
       0
       0
       0
       0
       0
       0
       0
       0
       0
       0
       0
       0
       0
       0
       0
       0
       0
       0
       0
       0
       0
       0
       0
       0
       0
       0
       0
       0
       0
       0
       0
       0
       0
       0
       0
       0
       0
       0
       0
       0
       0
       0
       0
       0
       0
       0
       0
       0
       0
       0
       0
       0
       0
       0
       0
       0
       0
       0
       0
       0
       0
       0
       0
       0
       0
       0
       0
       0
       0
       0
       0
$ROI:
0
$PRESETS:
None
0
0
$ENER_FIT:
0.000000 0.000000
$MCA_CAL:
3
0.000000E+000 0.000000E+000 0.000000E+000 
$SHAPE_CAL:
3
0.000000E+000 0.000000E+000 0.000000E+000
