$SPEC_ID:
No sample description was entered.
$SPEC_REM:
DET# 1
DETDESC# SCE-SOPA-00035 MCB 133
AP# Maestro Version 7.01
$DATE_MEA:
10/25/2019 15:37:16
$MEAS_TIM:
245728 245734
$DATA:
0 4095
       0
       0
       0
       0
       0
       0
       0
       0
       0
       0
       1
       0
       0
       1
       1
       2
       0
       0
       1
       0
       2
       2
       6
       3
       3
      15
      88
     434
     177
     252
    1100
    1142
    1120
    1114
    1119
    1179
    1123
    1190
    1154
    1223
    1122
    1082
    1083
    1092
    1073
    1395
    1803
    1953
    1578
    1147
    1080
    1104
    1089
    1219
    1253
    1120
    1048
    1053
    1097
    1054
    1065
    1037
    1465
    1907
    2206
    1566
    1145
    1075
    1049
    1075
    1015
    1090
    1123
    1126
    1141
    1207
    1203
    1213
    1241
    1128
    1097
    1052
    1060
    1146
    1118
    1179
    1135
    1112
    1100
    1093
    1188
    1407
    2079
    2808
    2340
    1533
    1147
    1077
    1097
    1110
    1069
    1077
    1118
    1086
    1043
    1106
    1121
    1141
    1116
    1108
    1181
    1205
    1145
    1192
    1247
    1173
    1096
    1065
    1126
    1140
    1162
    1160
    1158
    1161
    1132
    1198
    1116
    1125
    1145
    1123
    1190
    1195
    1248
    1125
    1167
    1170
    1138
    1185
    1143
    1174
    1127
    1190
    1123
    1202
    1192
    1253
    1242
    1154
    1141
    1156
    1092
    1096
    1155
    1106
    1144
    1104
    1047
    1137
    1040
    1140
    1153
    1083
    1094
    1054
    1152
    1154
    1085
    1063
    1074
    1104
    1119
    1097
    1022
    1031
    1073
    1097
    1009
    1048
    1087
    1052
    1064
    1035
     959
    1056
    1073
    1186
    1535
    1707
    1401
    1041
     953
     940
     944
     914
     906
     982
     932
    1018
    1000
    1020
     936
     941
     927
     981
     959
     955
    1027
     983
     935
     899
     893
     915
     891
     896
     861
     845
     894
     874
     807
     831
     822
     877
     839
     888
     861
     850
     838
     861
     865
     788
     793
     776
     816
     778
     783
     771
     806
     750
     847
     962
     997
     886
     809
     783
     766
     804
     743
     737
     719
     746
     716
     675
     662
     726
     712
     697
     669
     660
     656
     710
     689
     651
     659
     697
     661
     661
     653
     642
     664
     632
     637
     686
     684
     633
     606
     599
     597
     619
     658
     634
     638
     601
     594
     568
     567
     585
     565
     576
     535
     540
     529
     539
     514
     546
     510
     581
     617
     584
     610
     588
     560
     550
     548
     535
     511
     594
     512
     521
     513
     536
     536
     512
     531
     491
     527
     503
     489
     487
     498
     509
     529
     500
     544
     498
     463
     536
     501
     529
     478
     524
     493
     467
     505
     515
     505
     434
     516
     461
     506
     511
     455
     507
     449
     499
     458
     441
     446
     448
     438
     448
     431
     434
     448
     472
     502
     471
     434
     428
     399
     429
     423
     400
     415
     418
     434
     456
     406
     409
     390
     382
     402
     394
     439
     373
     401
     409
     404
     397
     350
     398
     359
     384
     393
     416
     390
     404
     396
     381
     377
     390
     361
     366
     407
     377
     371
     344
     352
     379
     348
     359
     352
     353
     335
     348
     363
     340
     351
     335
     349
     398
     343
     332
     354
     321
     350
     336
     332
     333
     335
     338
     381
     336
     331
     330
     340
     350
     345
     320
     325
     341
     301
     358
     343
     348
     330
     344
     324
     300
     347
     330
     319
     315
     296
     325
     326
     294
     310
     282
     313
     328
     291
     332
     307
     309
     319
     308
     334
     316
     298
     311
     271
     292
     303
     265
     303
     302
     303
     298
     317
     304
     279
     282
     299
     293
     300
     297
     303
     297
     283
     316
     290
     260
     253
     309
     317
     279
     264
     267
     270
     265
     254
     289
     274
     259
     252
     290
     290
     287
     306
     269
     260
     256
     269
     268
     292
     274
     302
     270
     289
     309
     414
     627
     932
    1160
     943
     648
     397
     308
     261
     261
     261
     264
     238
     231
     231
     233
     261
     256
     229
     256
     273
     240
     239
     245
     227
     234
     266
     249
     237
     250
     231
     237
     247
     244
     246
     193
     222
     251
     234
     195
     228
     230
     233
     239
     241
     251
     258
     246
     267
     234
     238
     233
     213
     228
     202
     243
     237
     233
     234
     206
     235
     258
     239
     221
     263
     233
     229
     228
     233
     240
     234
     231
     249
     235
     260
     282
     264
     234
     231
     234
     201
     243
     227
     209
     190
     216
     218
     215
     269
     252
     209
     234
     226
     275
     270
     222
     248
     268
     223
     244
     265
     285
     300
     267
     230
     239
     222
     219
     236
     220
     219
     217
     223
     212
     201
     231
     224
     171
     185
     192
     201
     200
     222
     206
     209
     200
     190
     197
     220
     195
     192
     197
     201
     193
     196
     166
     207
     219
     192
     208
     189
     193
     215
     211
     188
     203
     189
     206
     202
     173
     226
     186
     195
     193
     212
     240
     190
     200
     191
     188
     193
     210
     212
     210
     209
     188
     191
     216
     192
     200
     176
     203
     173
     176
     183
     191
     174
     195
     185
     186
     194
     176
     187
     204
     201
     200
     246
     217
     214
     209
     189
     230
     199
     201
     174
     206
     190
     198
     196
     202
     203
     178
     177
     181
     186
     171
     183
     205
     161
     166
     181
     178
     165
     165
     171
     177
     158
     191
     180
     182
     182
     147
     184
     147
     175
     159
     165
     170
     169
     192
     149
     183
     180
     182
     179
     170
     167
     188
     152
     166
     174
     152
     153
     165
     140
     165
     167
     159
     175
     180
     147
     170
     163
     158
     191
     162
     153
     177
     190
     171
     196
     167
     193
     174
     161
     164
     143
     167
     168
     134
     146
     158
     174
     152
     160
     178
     175
     154
     157
     157
     178
     156
     146
     155
     154
     149
     137
     151
     164
     157
     173
     170
     151
     158
     145
     158
     138
     158
     136
     155
     165
     163
     158
     153
     123
     156
     135
     149
     142
     128
     156
     149
     144
     150
     165
     141
     169
     154
     135
     143
     128
     138
     153
     129
     149
     144
     151
     148
     163
     183
     154
     165
     165
     165
     161
     193
     149
     164
     157
     146
     151
     160
     153
     143
     141
     137
     159
     147
     145
     124
     128
     153
     146
     144
     155
     129
     152
     123
     130
     113
     123
     114
     130
     129
     153
     121
     116
     134
     129
     126
     125
     131
     144
     139
     145
     155
     136
     136
     141
     141
     136
     135
     143
     144
     140
     133
     135
     154
     152
     127
     121
     144
     130
     156
     132
     137
     150
     128
     132
     131
     134
     132
     142
     150
     179
     152
     158
     132
     123
     119
     117
     128
     123
     126
     116
     142
     135
     121
     140
     127
     130
     137
     127
     128
     110
     132
     143
     136
     128
     127
     118
     122
     106
     121
     116
     108
     124
     119
     117
     107
     128
     123
     124
     117
     124
     119
     120
     122
     111
     147
     118
     118
     133
     131
     131
     152
     175
     141
     138
     135
     129
     151
     156
     139
     130
     135
     126
     108
     121
     113
     112
     112
     126
     111
     116
     104
     104
     125
      99
      99
     132
     104
     108
     108
     126
     131
     104
     126
     123
     123
     103
     123
     115
     155
     143
     136
     137
     118
     120
     113
     118
      87
     107
     111
      99
     128
     134
     122
     132
     109
     106
     100
      93
     112
     101
     121
      96
     107
     119
     130
     105
     112
     106
     122
     109
     110
     112
     105
     126
     102
      79
      93
     115
     108
     116
     117
     120
     105
     107
     106
     111
     107
     104
     111
     119
     120
     115
     112
     100
     129
      98
      98
      91
     118
      84
     121
     106
     115
     100
     108
     112
      87
     103
     110
     106
      92
     106
     104
      90
     133
     110
      94
      98
     101
      95
     105
      95
      96
     105
      88
      98
      97
     107
      82
      94
     108
      93
      81
      99
      95
     101
      99
      83
      73
      88
      90
     101
     113
      98
      98
     101
     109
      96
     117
      84
     104
      86
     101
     107
     131
     121
     111
     103
     110
     117
     146
      95
     101
     102
      96
      95
     104
      87
      96
     112
      82
      78
      82
      81
     109
      66
      97
      83
      85
      81
      98
      99
     109
     102
     109
      91
      87
     108
      98
     100
      85
     111
     110
      78
      91
      80
      85
     111
      99
     101
      98
      99
     109
     108
      96
      82
     100
      87
      87
      94
      87
      97
      91
      86
      98
      88
      80
     105
      92
      99
      94
     100
      78
      84
      93
      96
      92
     103
      90
      96
      97
      95
      78
      79
      85
      88
      91
      68
      90
      62
      92
     110
     109
      86
      95
      90
      82
      99
      99
      95
      92
      84
      94
     101
      82
      84
      91
      93
      76
      70
      84
      79
      86
      81
      91
      97
      85
     101
      83
      85
      75
     100
      86
      89
      81
      80
      88
     104
     100
      93
      98
      78
      79
      82
      79
      72
      73
      87
      83
      72
      83
      84
      79
      80
      98
      81
      86
      61
      77
      68
      61
      63
      69
      68
      85
      76
      87
      91
      55
      80
      74
      89
      68
      83
      77
      77
      81
      69
      80
      88
      73
      73
      73
      68
      71
      84
      70
      61
      70
      92
      62
      63
      74
      66
      74
      74
      71
      74
      77
      76
      76
      76
      78
      68
      66
      62
      65
      60
      71
      77
      54
      78
      71
      74
      64
      64
      65
      63
      60
      90
      80
      71
      73
      70
      85
      72
      75
      54
      66
      70
      64
      68
      67
      69
      59
      60
      77
      57
      61
      74
      67
      73
      61
      66
      73
      69
      54
      61
      55
      66
      65
      60
      67
      67
      56
      73
      49
      63
      56
      67
      55
      62
      48
      67
      63
      52
      54
      65
      62
      63
      54
      69
      66
      62
      75
      49
      61
      62
      76
      72
      49
      65
      47
      47
      48
      61
      64
      57
      64
      47
      43
      54
      53
      72
      66
      59
      53
      81
      49
      68
      63
      62
      54
      49
      52
      58
      61
      63
      55
      69
      56
      58
      74
      45
      56
      63
      69
      67
      60
      58
      52
      65
      56
      40
      48
      58
      63
      62
      52
      44
      52
      55
      50
      60
      60
      60
      52
      46
      63
      58
      64
      71
      41
      44
      64
      62
      51
      66
      52
      59
      54
      66
      62
      55
      51
      45
      57
      74
     124
     243
     327
     319
     249
     128
      63
      50
      50
      48
      39
      57
      50
      50
      60
      48
      61
      50
      45
      49
      60
      47
      46
      44
      38
      50
      59
      43
      43
      45
      40
      40
      51
      60
      37
      49
      45
      45
      40
      55
      46
      42
      58
      40
      57
      38
      38
      44
      43
      46
      40
      50
      43
      53
      54
      44
      44
      37
      38
      55
      45
      43
      46
      43
      32
      41
      51
      44
      43
      41
      44
      55
      38
      47
      41
      52
      49
      45
      34
      36
      47
      33
      49
      48
      52
      48
      39
      35
      39
      47
      49
      32
      35
      51
      40
      39
      46
      36
      33
      46
      33
      34
      41
      44
      37
      49
      28
      39
      41
      47
      35
      39
      48
      43
      47
      46
      38
      41
      32
      42
      47
      39
      60
      42
      53
      40
      45
      39
      48
      46
      53
      57
      50
      45
      59
      60
      51
      35
      34
      45
      51
      27
      45
      39
      31
      46
      40
      42
      33
      43
      23
      40
      41
      42
      41
      42
      37
      25
      42
      34
      35
      32
      42
      45
      41
      35
      48
      34
      52
      46
      43
      29
      32
      38
      39
      40
      39
      32
      38
      33
      28
      44
      51
      40
      41
      44
      38
      37
      32
      32
      33
      30
      34
      33
      35
      37
      29
      30
      29
      44
      38
      34
      26
      33
      34
      25
      25
      28
      33
      33
      33
      33
      25
      31
      28
      35
      37
      36
      28
      33
      33
      27
      31
      49
      35
      44
      30
      30
      32
      40
      34
      34
      35
      33
      39
      35
      32
      29
      40
      33
      36
      35
      29
      23
      34
      36
      27
      35
      39
      41
      39
      36
      30
      29
      27
      37
      31
      37
      29
      39
      28
      31
      35
      39
      40
      25
      33
      26
      33
      25
      37
      30
      41
      35
      27
      35
      25
      28
      29
      28
      33
      32
      25
      25
      35
      36
      29
      25
      28
      28
      30
      30
      29
      28
      26
      32
      27
      28
      32
      26
      34
      27
      27
      29
      34
      45
      66
      68
      55
      58
      36
      34
      33
      27
      26
      34
      28
      28
      28
      24
      46
      26
      31
      32
      22
      30
      23
      28
      31
      33
      17
      24
      22
      34
      29
      28
      23
      22
      32
      34
      13
      29
      25
      30
      25
      23
      28
      28
      23
      23
      32
      25
      23
      24
      26
      23
      20
      29
      14
      30
      28
      25
      27
      29
      24
      27
      25
      27
      23
      23
      32
      24
      26
      25
      26
      26
      22
      37
      28
      29
      27
      24
      34
      32
      33
      27
      18
      25
      24
      35
      24
      30
      30
      22
      17
      26
      31
      30
      35
      30
      33
      17
      30
      23
      32
      24
      29
      30
      26
      28
      30
      21
      26
      21
      25
      25
      16
      28
      28
      24
      33
      43
      20
      30
      27
      19
      33
      26
      24
      34
      19
      28
      23
      33
      24
      31
      22
      24
      23
      23
      28
      24
      18
      21
      23
      16
      17
      27
      18
      24
      28
      27
      27
      23
      29
      30
      26
      26
      28
      20
      18
      23
      19
      27
      26
      20
      27
      22
      22
      21
      20
      21
      19
      31
      19
      25
      18
      22
      19
      22
      17
      32
      26
      22
      16
      17
      25
      32
      22
      22
      31
      15
      24
      30
      28
      23
      37
      19
      17
      22
      20
      22
      20
      30
      17
      16
      19
      25
      32
      18
      23
      24
      21
      23
      29
      29
      31
      30
      19
      30
      24
      12
      22
      16
      25
      21
      17
      27
      24
      19
      16
      22
      26
      21
      23
      17
      19
      23
      17
      25
      26
      16
      21
      32
      19
      27
      28
      33
      21
      19
      24
      23
      24
      27
      21
      25
      22
      16
      27
      21
      15
      21
      19
      23
      24
      23
      21
      18
      27
      25
      27
      24
      18
      24
      23
      20
      27
      23
      11
      20
      21
      21
      27
      23
      28
      23
      16
      22
      22
      20
      15
      22
      21
      21
      21
      25
      22
      17
      21
      21
      14
      19
      25
      14
      25
      20
      19
      13
      17
      28
      18
      22
      14
      16
      21
      11
      30
      19
      19
      26
      23
      13
      29
      20
      18
      15
      27
      22
      26
      15
      15
      28
      17
      14
      26
      25
      23
      22
      23
      16
      24
      22
      14
      32
      25
      34
      37
      41
      42
      33
      12
      28
      18
      17
      25
      24
      24
      19
      20
      13
      24
      21
      21
      16
      25
      20
      18
      12
      21
      20
      20
      15
      18
      25
      22
      20
      21
      16
      18
      14
      22
      17
      23
      20
      16
      13
      14
      20
      25
      11
      14
      16
      20
      17
      28
      24
      19
      18
      21
      25
      19
      10
      15
      21
      15
      16
      16
      18
      16
      12
      18
      19
      15
      15
      21
      20
      20
      19
      18
      24
      15
      22
      21
      11
      21
      22
      20
      18
      22
      20
      19
      22
      17
      19
      15
      20
      13
      13
      18
      13
      15
      20
      24
      12
      31
      23
      17
      32
      36
      28
      32
      10
      22
      19
      22
      15
      22
      15
       7
      17
      18
      13
      15
      18
      19
      21
      15
      22
      20
      22
      11
      11
      25
      18
      20
      16
      16
      15
      16
      22
      22
      15
      20
      21
      27
      22
      16
      21
      22
      14
      27
      17
      18
      13
      14
      21
      14
      13
      22
      13
      20
      12
      17
      23
      16
      15
      18
      22
      19
      21
       9
      14
      22
      19
      21
      15
      14
      15
      17
      18
      18
      16
      20
      18
      27
      15
      21
      22
      23
      22
      17
       9
      15
      16
      12
      22
      13
      15
      21
      20
      24
      12
      20
      14
      16
      14
      16
      23
      21
      23
      15
      18
      18
      18
      21
      14
      19
      13
      16
      22
      20
      18
      21
      15
      19
      10
      15
       8
      21
      24
      14
      16
      19
      14
      16
      14
      14
      21
      13
      25
      23
      17
      15
      24
      19
      18
      24
      16
      15
      10
      13
      15
       8
      19
      18
      13
      24
      13
      10
      15
      15
      14
      17
      17
      10
      18
      18
      18
      21
      17
      21
      13
      25
      15
      18
      22
      15
      18
      22
      15
      17
      17
      14
      13
      15
      16
      14
      14
      22
      11
      10
      21
      16
      23
      11
      16
      10
      15
      11
      10
      18
      11
      15
      23
      11
      18
      10
      14
      14
      24
      15
      11
      16
      11
      14
      11
      15
      20
       9
      18
      15
      18
       9
      20
      16
      10
      19
      12
      14
      22
      14
      22
      17
      19
      13
      16
       6
      14
      10
      14
      19
      14
      16
      15
      12
      14
      16
      12
      20
      22
      12
      20
      15
      19
       8
      16
      17
      14
      17
      12
      15
      16
      14
      20
      11
      12
      16
      13
      11
      17
      15
      17
      19
      10
      16
      18
      13
      16
       5
      12
      13
      10
      15
       8
      13
      17
      14
      18
       6
       8
       8
      16
       9
      15
      17
       7
      15
      11
       8
      12
      10
      16
      16
      14
      19
       8
      12
      11
      11
      12
      14
      12
       8
      21
      11
      13
       9
      10
      13
      11
       7
       9
      13
      10
      17
      10
      11
       4
       9
      15
      11
      11
      18
      10
       7
      12
      13
      15
      13
       9
      14
      22
      12
      11
      13
      12
       8
      15
       5
      14
       7
      13
      21
      12
      12
      17
      11
       9
      12
       8
      18
      15
      12
      18
      10
       9
      11
      16
      15
      10
      13
      12
       7
      11
      13
      17
       7
       8
       8
      13
      10
      10
      15
      11
      14
      11
      12
      11
       7
       9
       9
      14
      18
      13
       8
       9
      14
      14
      10
      12
      13
       5
       9
      15
      17
      12
      13
       9
      12
       7
      10
      17
      18
      13
      13
      21
      32
      56
      91
     111
     104
      91
      58
      29
      18
      13
      13
       7
       7
      11
       8
      11
      10
      11
      11
      10
      16
       8
       6
      10
      13
      10
       8
      10
      11
      10
      18
      10
       7
      10
       7
      13
       7
       8
       5
      11
      10
       9
      13
       8
      11
       8
      10
      13
       9
      12
      10
       9
      13
       8
       8
      13
      10
       5
       7
       9
       9
      10
      13
       8
       8
       6
      10
       6
       5
      11
       7
      13
       7
       8
       4
      11
       8
       4
       3
       8
       9
      11
       8
       7
      12
      11
      18
       8
      16
      11
      15
      10
      11
       7
      10
      15
       6
       8
       7
       9
       7
      10
       9
      10
      10
      17
      12
      12
       8
       6
       7
      12
       5
      10
       5
       7
       8
      12
      13
      11
      14
       5
       9
       6
       4
       7
       6
      11
       7
      19
       7
      13
      10
      11
       8
      12
      10
      10
      11
      10
      15
      10
      16
      11
       9
       9
      10
      11
       8
       9
       8
       5
      10
       8
       9
       6
      13
       7
       6
       7
       9
       5
      10
       8
      10
       6
      10
      11
       5
       9
       7
       8
       7
       9
       5
      18
      13
       8
       5
       8
       5
      14
      11
      11
      11
       7
      12
      11
       8
       9
      14
       9
      15
      10
      10
      13
       8
       6
      10
      13
       9
       3
       9
       6
      10
      10
      12
       4
      14
       8
      10
       9
      11
       3
      11
      10
      11
      15
       8
       9
      10
       4
      12
      15
       7
      12
       6
       6
       5
      13
       8
       6
       7
      11
      11
       4
       5
      11
       5
       9
       7
      12
       9
      10
       8
       9
       8
       7
       6
       9
       8
      10
      14
      10
      10
      12
      10
       6
      10
      11
       7
       3
       9
       5
      10
      10
      10
       7
       7
       6
       9
       7
       7
       8
       6
       7
       9
      11
       6
       7
      12
      12
       7
       8
      15
      12
       8
       5
      13
       4
       6
       7
       4
      15
      14
       7
      11
       4
       8
       8
       5
      12
      10
      13
      11
      10
      14
      10
       9
       7
      10
       3
      10
       8
      12
       4
       6
       5
       7
      11
       4
       9
       7
       6
       8
       6
       6
       9
       3
       9
       7
      13
       4
       6
       9
      11
      13
       7
      10
       6
      16
       4
       6
       7
       8
       6
       7
      10
       8
       6
       6
       7
       7
       0
       9
       9
       7
       9
       7
      10
      17
       7
       6
      11
      12
       4
       7
       6
       7
       9
       6
      12
      13
       6
      10
      10
       9
       7
       7
       5
       8
      10
      14
      11
      14
       4
      13
       6
       4
      10
       6
       7
       4
       7
       3
      12
       6
       9
       7
       6
       6
       6
       6
       6
      16
       8
       7
       7
      13
      10
       9
       5
       5
      10
       8
      11
      11
       7
      12
      10
       5
       6
       8
      10
       8
       7
       4
       7
       8
       8
       6
       7
       2
      11
       8
      10
       8
       9
       7
       8
      16
       6
       7
      12
       7
      11
       9
       7
       9
       6
       8
      14
       5
       7
       8
       9
       7
       6
       4
       7
      13
       7
      14
      10
       4
      10
      14
       7
       5
       4
       4
       8
      11
      11
      12
       9
       4
       4
      11
      10
       6
      10
       4
       7
       4
       9
       4
      10
       7
       9
       7
       8
       3
       3
       9
       4
      13
       9
       9
       7
       7
       7
       5
      11
       5
      16
      14
       6
       9
       7
       9
      11
       8
       8
       2
       8
       6
       6
      12
       7
       7
      10
       8
       5
       5
       7
       7
       1
       7
       3
       9
       9
       7
       2
       9
       7
      12
       7
       5
       3
       4
       6
       7
       8
      13
       5
       5
       8
       7
       6
      11
      11
       7
       9
       3
       9
      12
       8
       7
       7
       5
       7
       4
       3
       7
       8
       7
       6
       6
       8
       8
       4
       6
       5
       8
      12
       7
       5
       8
      10
       7
       6
       7
       6
       6
       3
       9
      10
       9
       6
      12
       8
      12
       6
      11
       9
       8
      12
       9
       5
       6
       3
       9
       8
       6
       9
       4
       5
       7
       7
       8
       6
       8
       9
       8
       7
       9
       5
      11
       9
      11
      10
       6
       3
       7
       7
       5
      11
      12
      14
       6
       3
      11
       7
       9
       6
      10
       5
       5
       5
       9
       7
       9
       6
       5
      11
       5
       4
      13
       7
      15
       3
       7
       8
      12
       9
       7
       6
       9
       8
      11
       8
      12
       4
       7
       9
      11
      10
      12
       9
       5
       9
       6
      11
       8
       5
       3
       7
       7
       4
       8
       8
       7
       9
       3
      11
       9
       7
       8
       4
      13
       8
       9
      10
      10
      10
       7
       3
       7
       3
       8
       6
       8
       3
      15
       5
       7
       6
      12
       5
       4
       4
       4
       7
       6
      10
       5
       9
       6
       6
       9
       5
       7
       2
       6
       7
       7
      12
       7
       5
      10
      14
       6
       7
       6
      12
       8
       5
       9
       6
       6
       6
       4
       6
       9
       9
       7
       9
       4
      10
      10
       9
      12
      10
       5
       8
       5
       9
       5
      10
       8
      12
       4
       8
       5
       6
       5
       4
       8
       5
       4
       4
       3
       7
      10
       9
      12
       4
       9
       4
       6
      10
       8
       8
       4
       5
       6
       4
       7
       2
       9
       9
       7
       8
       5
      12
      10
      13
       5
       2
      10
       6
      14
       7
       8
       6
       7
       8
       7
       7
       3
      11
       3
       7
       5
       8
       3
       8
       3
       9
       7
       8
       3
       9
       6
       9
       9
       9
       3
       6
       2
      11
       2
       6
       4
       7
       5
      10
       6
      10
      13
       5
      10
      11
       6
      10
       8
       7
       5
       6
       7
       9
       8
      10
       4
       8
       4
       6
       8
       4
      10
       5
       6
       3
       5
       5
       9
       8
       5
       5
       6
      13
      10
       8
       4
       4
       4
       5
       8
       9
       5
       8
       8
       4
       4
      10
      10
      13
       4
       6
      10
       5
       3
       7
       9
       6
       4
       9
      12
       7
       9
       9
      11
      11
       9
       4
       4
       4
       8
       6
       9
       8
       6
       5
      10
       5
       7
       6
       5
       8
       3
       7
       1
       6
       9
       6
       5
       4
       8
       9
       3
       4
      11
       9
       5
      10
       4
       8
       7
       3
       6
       5
       7
      10
       7
       4
      12
       6
       4
       3
       6
      10
       7
       6
       9
       6
       4
       5
       7
       5
       1
       2
       8
       5
       5
       3
      11
       9
       7
       5
       3
       4
       4
       9
       7
       9
       9
      13
       3
      10
       3
       5
       9
       5
       9
       9
       3
       8
       5
       6
       4
       8
       5
       8
       3
       7
      10
       6
       4
       8
       6
       9
       8
       8
      10
      15
       7
       7
       8
       5
       7
       6
       4
       7
       5
       5
       6
       9
      12
       6
       7
       8
       5
       3
       9
       6
       4
       2
       6
       3
      10
       7
       8
       5
       7
       4
       9
       6
       8
       7
      10
       6
       9
       7
       8
       9
       2
       9
       8
      10
       8
       7
       2
       4
      12
       5
       4
      13
       1
       3
       6
       3
       8
       7
       6
       6
       4
      10
       6
       2
       6
       4
       6
       7
      10
       8
       7
       5
      10
       5
       6
       9
       6
      10
       4
       8
       6
       7
       5
       4
       2
       7
       6
       8
       3
       5
       9
       7
       6
      11
       6
       8
       7
       3
       5
       4
       8
       5
       4
       9
       6
      14
       6
       4
       5
       2
       6
       6
       7
       6
       5
       5
      11
       6
      12
       8
       7
       7
       5
       4
       5
       5
       4
       8
       4
       6
       4
       3
       7
       5
       3
       7
       8
       3
       2
       7
       5
       7
       7
       8
       6
       4
       9
       4
       4
       6
       8
       4
      10
       3
       5
       4
       6
       8
       3
       4
       6
       8
       5
       2
       5
       8
       4
       5
       4
       5
       4
       3
       9
       8
       5
      10
       7
       8
      10
       4
       6
       4
       7
       5
      11
       3
       5
      11
       4
      10
       3
       6
      10
       6
       7
       3
       6
       6
       7
       3
       9
      12
      11
       9
       8
       5
      12
       4
      10
      11
       6
       7
       5
       9
       2
       7
       4
       2
       6
       3
       5
       8
       6
       7
       1
       4
       2
       8
       4
      10
       4
       7
       5
       5
       5
       6
       5
       4
       6
       5
       5
       8
       8
       4
      10
       9
      10
       5
       8
       4
       6
       6
       3
       8
       7
       3
       7
       3
      10
       9
       1
      12
       4
       5
       4
       6
       7
       8
       5
       8
       8
      11
       6
       5
       8
       5
       6
      11
       3
      10
       8
      10
       8
       5
       5
       6
       6
       4
       8
       4
       6
       5
       6
       5
       4
       6
       6
       9
       7
       8
       7
       8
       2
       5
       6
       3
       7
       4
       3
       4
       5
       2
       3
      10
       3
       6
       1
       0
       0
       0
       0
       0
       0
       0
       0
       0
       0
       0
       0
       0
       0
       0
       0
       0
       0
       0
       0
       0
       0
       0
       0
       0
       0
       0
       0
       0
       0
       0
       0
       0
       0
       0
       0
       0
       0
       0
       0
       0
       0
       0
       0
       0
       0
       0
       0
       0
       0
       0
       0
       0
       0
       0
       0
       0
       0
       0
       0
       0
       0
       0
       0
       0
       0
       0
       0
       0
       0
       0
       0
       0
       0
       0
       0
       0
       0
       0
       0
       0
       0
       0
       0
       0
       0
       0
       0
       0
       0
       0
       0
       0
       0
       0
       0
       0
       0
       0
       0
       0
       0
       0
       0
       0
       0
       0
       0
       0
       0
       0
       0
       0
       0
       0
       0
       0
       0
       0
       0
       0
       0
       0
       0
       0
       0
       0
       0
       0
       0
       0
       0
       0
       0
       0
       0
       0
       0
       0
       0
       0
       0
       0
       0
       0
       0
       0
       0
       0
       0
       0
       0
       0
       0
$ROI:
0
$PRESETS:
None
0
0
$ENER_FIT:
0.000000 0.000000
$MCA_CAL:
3
0.000000E+000 0.000000E+000 0.000000E+000 
$SHAPE_CAL:
3
0.000000E+000 0.000000E+000 0.000000E+000
