$SPEC_ID:
No sample description was entered.
$SPEC_REM:
DET# 1
DETDESC# SCE-SOPA-00035 MCB 133
AP# Maestro Version 7.01
$DATE_MEA:
10/02/2019 15:32:48
$MEAS_TIM:
156384 156388
$DATA:
0 4095
       0
       0
       0
       0
       3
       2
       0
       2
       1
       3
       1
       1
       1
       1
       0
       1
       1
       1
       1
       0
       0
       0
       0
       0
       1
       0
      96
     289
     120
     142
     680
     720
     739
     747
     740
     694
     730
     656
     714
     654
     717
     701
     712
     711
     751
     924
    1149
    1201
     998
     732
     716
     653
     697
     763
     784
     722
     636
     677
     678
     661
     655
     687
     924
    1362
    1347
     926
     727
     638
     665
     622
     665
     686
     698
     740
     731
     787
     717
     851
     780
     725
     678
     702
     629
     721
     737
     775
     669
     693
     750
     672
     732
     928
    1455
    1797
    1406
     932
     704
     640
     705
     696
     731
     688
     696
     646
     688
     656
     716
     762
     748
     738
     713
     719
     727
     764
     749
     746
     704
     719
     733
     740
     771
     707
     700
     773
     733
     747
     714
     754
     717
     760
     752
     732
     747
     781
     751
     742
     710
     746
     693
     779
     782
     766
     728
     783
     775
     787
     763
     689
     691
     733
     680
     717
     701
     707
     656
     690
     663
     694
     707
     706
     715
     712
     726
     705
     717
     708
     677
     668
     658
     667
     700
     722
     661
     632
     691
     673
     676
     660
     673
     596
     656
     645
     658
     602
     622
     803
    1040
    1102
     751
     694
     603
     656
     572
     618
     638
     623
     575
     638
     614
     650
     594
     627
     574
     598
     608
     561
     608
     631
     569
     581
     567
     582
     546
     533
     546
     585
     523
     551
     539
     509
     536
     524
     579
     545
     519
     542
     551
     551
     512
     505
     497
     470
     531
     521
     473
     463
     470
     510
     561
     621
     584
     564
     540
     500
     482
     497
     441
     388
     471
     441
     433
     479
     452
     469
     461
     427
     415
     431
     421
     427
     451
     407
     413
     428
     424
     401
     406
     398
     387
     414
     394
     405
     425
     432
     388
     411
     376
     406
     401
     385
     394
     385
     384
     359
     389
     361
     385
     407
     359
     348
     367
     340
     346
     373
     380
     329
     395
     360
     344
     357
     348
     347
     370
     333
     342
     304
     316
     355
     375
     331
     339
     293
     318
     331
     315
     328
     303
     301
     316
     326
     334
     302
     332
     327
     267
     322
     316
     339
     329
     329
     322
     282
     286
     293
     292
     306
     298
     292
     312
     323
     332
     300
     277
     286
     288
     293
     278
     266
     300
     286
     255
     295
     322
     328
     318
     269
     244
     267
     252
     277
     254
     259
     263
     263
     275
     263
     277
     264
     266
     273
     270
     239
     247
     241
     257
     232
     242
     243
     251
     240
     216
     226
     234
     242
     216
     229
     257
     232
     242
     239
     233
     223
     260
     229
     204
     233
     242
     220
     214
     234
     248
     231
     213
     214
     198
     244
     213
     250
     200
     238
     218
     226
     254
     234
     238
     219
     214
     207
     225
     200
     183
     214
     204
     230
     208
     217
     213
     226
     232
     205
     217
     221
     218
     186
     213
     212
     200
     216
     195
     227
     217
     197
     152
     233
     179
     191
     214
     180
     206
     184
     203
     209
     192
     185
     192
     217
     204
     165
     217
     202
     173
     185
     190
     215
     198
     195
     214
     182
     186
     186
     198
     201
     198
     167
     198
     192
     170
     200
     189
     171
     190
     172
     198
     158
     189
     146
     183
     188
     216
     186
     181
     195
     165
     173
     152
     167
     188
     165
     189
     159
     192
     169
     177
     176
     170
     164
     173
     181
     229
     243
     360
     604
     707
     654
     427
     283
     195
     206
     156
     153
     150
     158
     155
     160
     149
     152
     155
     162
     156
     161
     153
     131
     174
     171
     179
     150
     165
     165
     160
     171
     142
     160
     154
     145
     159
     154
     172
     143
     145
     119
     148
     150
     139
     160
     160
     162
     145
     167
     135
     134
     148
     150
     138
     172
     157
     151
     137
     155
     137
     155
     119
     153
     155
     141
     153
     147
     151
     132
     125
     158
     132
     152
     153
     150
     157
     184
     180
     143
     129
     132
     116
     131
     132
     134
     154
     148
     135
     152
     124
     154
     159
     137
     163
     137
     152
     156
     147
     154
     166
     168
     180
     169
     163
     153
     148
     133
     152
     137
     160
     149
     120
     149
     134
     145
     132
     134
     141
     142
     157
     121
     151
     127
     138
     134
     130
     152
     122
     124
     129
     124
     118
     126
     136
     131
     111
     131
     106
     135
     130
     148
     113
     122
     136
     127
     123
     106
     128
     122
     103
     137
     122
      97
     134
     144
     143
     108
     109
     134
     134
     137
     128
     152
     134
     127
     110
     113
     109
     106
     122
     107
     136
     121
     122
     114
     112
     107
     119
     104
     123
     111
     124
     125
     131
     119
     139
     144
     140
     137
     132
     144
     131
     118
     118
     149
     108
     121
     113
     133
     112
     112
     118
     126
     124
     128
     117
     111
     140
     125
      91
     118
     125
     113
     130
     108
     120
     100
     109
     113
     140
     107
     114
     142
     120
     110
     134
     122
     112
     115
     109
     100
     120
      96
     106
     125
      97
     105
     111
     109
     109
      89
     102
      92
      94
     110
     119
     112
     109
     107
      89
     101
      95
     100
     103
      80
     107
     100
     105
     116
     118
     110
     100
     118
     128
      91
     122
     115
     116
     103
      95
     108
     101
     114
      91
     103
     104
      99
     105
      92
      95
     110
     104
     105
      94
      93
      92
     103
     105
     103
     112
      80
      90
     103
     101
      81
     103
     105
     100
      89
     102
     100
     102
     100
      95
     100
     107
     104
      79
      94
      97
      97
      98
     106
      85
      88
     102
     102
      97
      98
     106
      88
     101
     105
     112
      91
     111
      81
     102
     103
      93
      75
     106
      90
      89
     121
      92
      92
     101
     100
      89
     100
     107
      93
     107
     104
      84
     108
      94
      97
      88
     106
      84
      95
      94
     105
      90
      87
      86
      91
      80
      81
      68
      90
      92
      96
      98
      77
      98
      95
      91
      93
      86
      92
      82
     110
      95
      81
     100
      80
     110
      83
      91
      97
      89
      80
     106
      92
      67
      82
      76
      87
      95
      87
      85
      95
      78
      80
      97
      72
      87
      79
      93
     102
      88
     109
     100
     110
      76
      74
      77
      63
      82
      78
      72
      78
      83
      75
      80
      74
      82
      78
      92
      84
      80
      73
     104
      88
      71
      74
      75
      91
      86
      82
      77
      89
      67
      87
      84
      67
      79
      76
      66
      88
      79
      89
      83
      74
      80
      72
      64
      64
      86
      76
      89
     104
     102
      93
      95
      85
      85
      79
     106
      87
      71
      78
      68
      80
      70
      73
      76
      62
      96
      67
      68
      82
      69
      79
      84
      78
      62
      64
      75
      76
      87
      66
      68
      71
      69
      76
      63
      63
      75
      89
     104
      90
      98
      79
      56
      73
      87
      70
      61
      63
      63
      55
      80
      75
      57
      75
      60
      67
      73
      66
      80
      73
      62
      75
      73
      76
      80
      62
      74
      68
      72
      53
      84
      61
      76
      54
      68
      63
      65
      73
      75
      62
      70
      69
      60
      61
      78
      58
      78
      77
      73
      70
      67
      63
      75
      78
      65
      59
      72
      68
      56
      76
      64
      76
      73
      71
      66
      60
      68
      61
      64
      64
      62
      63
      67
      73
      53
      66
      73
      65
      58
      54
      79
      62
      59
      68
      78
      76
      57
      60
      61
      65
      61
      75
      59
      63
      64
      54
      74
      67
      83
      56
      63
      59
      70
      70
      76
      64
      57
      60
      54
      67
      59
      57
      70
      64
      71
      61
      60
      71
      80
      68
      60
      64
      64
      55
      60
      64
      52
      58
      67
      54
      59
      71
      55
      62
      55
      61
      59
      60
      70
      65
      54
      67
      62
      62
      61
      49
      52
      59
      53
      60
      57
      60
      53
      49
      62
      48
      53
      68
      50
      53
      72
      58
      69
      60
      59
      76
      61
      57
      53
      48
      59
      60
      66
      55
      67
      54
      54
      51
      61
      59
      59
      65
      48
      46
      46
      49
      50
      67
      56
      74
      73
      52
      53
      57
      62
      61
      45
      47
      58
      63
      55
      46
      57
      47
      57
      53
      51
      56
      48
      65
      59
      46
      47
      53
      50
      67
      58
      57
      63
      63
      54
      51
      54
      55
      52
      39
      50
      40
      55
      53
      51
      65
      54
      47
      62
      59
      59
      67
      54
      70
      60
      57
      50
      49
      59
      46
      56
      55
      57
      52
      53
      51
      51
      51
      43
      56
      46
      37
      61
      46
      51
      50
      46
      46
      45
      48
      47
      60
      39
      45
      37
      40
      45
      34
      51
      37
      49
      52
      44
      39
      49
      48
      45
      46
      56
      57
      39
      51
      38
      50
      44
      42
      41
      47
      39
      36
      51
      50
      33
      34
      39
      62
      52
      43
      42
      40
      37
      38
      37
      38
      44
      38
      38
      48
      39
      39
      46
      36
      50
      34
      33
      44
      35
      38
      47
      38
      48
      46
      51
      40
      43
      45
      40
      39
      39
      36
      45
      40
      52
      40
      49
      43
      41
      45
      33
      42
      37
      49
      48
      33
      29
      35
      38
      48
      44
      49
      46
      35
      54
      41
      34
      40
      36
      43
      37
      31
      35
      51
      26
      32
      40
      37
      33
      34
      31
      43
      39
      42
      56
      39
      44
      41
      41
      39
      38
      39
      40
      29
      39
      29
      42
      52
      39
      37
      27
      50
      47
      25
      37
      43
      39
      38
      40
      34
      42
      33
      53
      37
      43
      28
      43
      28
      41
      30
      28
      35
      33
      46
      35
      37
      31
      27
      34
      29
      34
      35
      31
      31
      32
      31
      35
      40
      26
      32
      34
      35
      30
      33
      34
      34
      34
      43
      33
      35
      26
      30
      35
      27
      40
      33
      26
      32
      29
      26
      36
      39
      70
     123
     197
     233
     221
     107
      57
      34
      28
      31
      21
      38
      32
      30
      25
      38
      33
      36
      33
      30
      28
      25
      26
      31
      24
      34
      25
      39
      23
      39
      26
      31
      27
      28
      29
      24
      27
      33
      27
      36
      27
      26
      34
      21
      36
      30
      30
      24
      24
      21
      43
      42
      29
      40
      29
      26
      26
      23
      26
      33
      29
      27
      24
      22
      25
      18
      28
      28
      39
      30
      35
      33
      26
      28
      38
      21
      31
      33
      26
      44
      31
      26
      31
      25
      38
      28
      22
      19
      23
      30
      17
      27
      19
      31
      31
      26
      27
      30
      27
      32
      33
      31
      21
      28
      29
      33
      22
      27
      28
      21
      32
      27
      28
      33
      41
      19
      23
      27
      21
      30
      21
      25
      25
      36
      29
      19
      31
      24
      29
      31
      15
      32
      42
      27
      31
      32
      33
      37
      26
      32
      26
      31
      34
      26
      27
      23
      26
      16
      31
      11
      26
      25
      26
      23
      29
      21
      27
      26
      21
      33
      28
      31
      32
      22
      26
      22
      22
      22
      24
      20
      21
      21
      24
      26
      28
      24
      20
      25
      23
      28
      27
      25
      28
      24
      13
      31
      27
      35
      22
      18
      17
      22
      24
      23
      26
      20
      22
      22
      20
      21
      17
      18
      28
      26
      28
      16
      30
      18
      20
      18
      30
      26
      24
      21
      24
      23
      24
      17
      29
      18
      21
      22
      26
      21
      21
      25
      24
      23
      20
      31
      13
      23
      24
      27
      22
      21
      29
      19
      19
      20
      22
      16
      27
      24
      21
      18
      21
      23
      26
      18
      14
      21
      26
      23
      19
      21
      20
      12
      23
      19
      14
      26
      15
      25
      13
      17
      24
      20
      13
      21
      15
      29
      25
      21
      17
      15
      16
      20
      13
      19
      24
      13
      12
      17
      32
      20
      20
      17
      19
      15
      23
      27
      18
      18
      26
      17
      17
      13
      15
      23
      16
      13
      18
      18
      24
      24
      36
      36
      39
      38
      28
      23
      15
      23
      22
      19
      17
      18
      16
      13
      16
      17
      14
      16
      20
       9
      21
      14
      18
      14
      16
      19
      12
      20
      21
      17
      21
      18
      17
      18
      16
      11
      13
      23
      20
      22
      22
      14
      16
      20
      18
      28
      22
      11
      18
      21
      15
      25
      21
      15
      16
      15
      21
      13
      14
      18
      13
      11
      22
      16
      16
      21
      22
      30
      22
      16
      17
      18
      19
      25
      12
      18
      25
      12
      18
      18
      19
      17
      22
      26
      22
      18
      24
      15
      14
      19
      15
      11
      26
      20
      18
      14
      15
      10
      21
      11
      16
      11
      18
      19
      25
      18
      15
      19
      10
      15
      22
      19
      20
      18
      22
      18
      10
      20
      11
      12
      13
      15
      12
      24
      14
      19
      10
      19
      17
      13
      13
      12
      22
      15
      16
      13
      17
      18
      14
      15
      13
      15
      10
      16
      11
      13
      15
      13
      26
      12
      11
      22
      21
      21
      14
      14
      15
      13
      15
      13
      14
      11
      19
      15
      13
      16
      18
      20
      13
      15
      22
      11
      14
      18
      15
       9
      11
       9
      14
      18
      11
      21
      21
      16
      18
      13
      10
       8
      14
      18
      14
      11
      13
      17
      10
      12
      17
      19
       9
      15
       9
      17
      20
      19
      14
      11
      10
       8
      22
      15
      10
       6
      15
      11
      14
      17
      12
      14
      17
       7
      11
      18
       8
      15
      14
      11
      10
      17
       5
      15
      12
      21
      14
      16
      13
      18
      12
      13
      19
      13
      16
      10
      13
      17
      12
       9
      10
      19
      11
      17
      16
      15
      14
      13
      16
      15
      10
      13
      10
       7
      18
      12
      20
      14
      14
      13
       9
      15
      11
      13
       9
      14
      11
      10
      14
      16
      16
      21
      13
      11
      11
      11
      17
      16
      16
       9
      15
      16
      16
       6
      18
      14
      14
      13
      13
      16
      14
      11
      14
      14
      12
       8
      19
      14
      12
      10
      16
      19
       5
      10
      15
      11
      12
       9
      14
      20
      13
      14
      15
      20
      13
      15
      13
       7
      13
      10
      20
      12
      13
      11
      12
       7
      12
      20
       9
      15
      15
      21
      16
      22
      21
      23
      16
      17
       5
      15
      12
      18
      10
      15
       9
      16
      14
      16
      12
      19
      13
      16
      13
      13
      16
      12
       9
      19
      12
      20
      13
      15
       9
      11
      13
      13
      19
       6
      12
      13
      12
      18
      13
      16
      13
      10
      10
      20
       8
      22
      15
      10
      14
       7
      21
      16
      16
       9
      15
      12
      11
      18
      15
      20
      10
      12
      12
      19
      12
      13
      17
      10
       6
       9
      10
       9
       8
      10
      16
       5
      13
       7
      15
      14
      18
       8
      13
      14
      18
      13
      17
       9
      12
      11
      14
      11
      11
      10
       9
       6
       9
       9
      14
      14
      20
      16
      14
      14
      17
      12
       4
      16
      10
      12
      10
      14
       8
       9
      12
       7
      14
      16
       7
      14
      18
      13
      13
      13
      10
       9
       8
       6
      10
       6
      12
      11
      12
       8
       7
      16
      11
      11
      14
      10
       8
      16
      15
      13
      15
      11
      13
      17
      12
       7
       8
      11
      11
       5
      16
       9
      14
      16
      16
      14
       3
       8
      15
      22
      10
      11
      12
      12
      10
      14
       8
       7
      13
       9
       6
       8
      12
       9
      16
      10
      11
       5
      10
      12
      12
      17
       9
      16
      14
       8
      15
       8
      14
      11
      11
       7
      14
      11
      10
      16
      10
      19
       9
       9
      15
       9
      15
      10
      10
      15
      10
       6
      15
      12
       8
      14
      15
       8
       9
       9
      14
      12
      15
      15
      11
       7
       6
      11
      11
      11
      14
       8
      11
      10
      11
      15
      13
      12
       5
      12
      12
      11
      15
      16
      10
      13
      14
      10
      17
      16
      20
      13
       6
      13
      15
      11
      17
      10
      10
       7
      10
       9
      19
      11
      11
      17
      13
      12
      12
      14
      12
      11
      11
      10
       9
      10
       7
       8
       9
      13
      18
       8
      13
      15
      11
      11
       7
      11
       9
      10
       8
      11
       4
       9
       8
      11
       6
      12
       9
       9
       9
      12
       8
       8
       9
      10
       9
      16
      10
       9
       6
      10
       4
       9
      10
       9
       6
       9
      10
       7
       4
      10
       7
       7
       8
      13
      14
       9
       7
       8
       7
       9
       8
       2
       9
       7
       9
       9
       8
       4
       9
      11
      16
       7
      16
      14
      12
       9
       7
      12
       6
      11
       7
      10
       9
       5
       6
       9
       9
      11
       2
       8
      10
      12
       4
      15
       9
       5
       4
       7
      11
      10
       5
       8
      16
       4
      15
      11
       9
      13
      17
      10
       7
       6
       8
      10
       7
       5
      11
      10
      13
       8
       7
       8
       7
       9
      11
       6
       9
      12
       6
      10
       7
      13
      12
       9
       9
       6
       5
       8
       6
       9
       9
       8
       6
       8
      19
       9
       7
       3
       5
       2
       4
       9
       9
       5
       9
       3
       7
       7
       7
      11
       9
       7
       8
       8
       3
      11
       7
      13
       4
       8
       8
       7
       6
      16
       9
       6
       8
      13
      11
      10
       9
       9
       7
       5
       7
       5
       7
       6
       6
      10
       7
       3
      10
       7
       9
       4
       7
       9
       8
       6
       6
       6
       6
      13
       6
      10
       9
       7
       7
       6
       6
      16
       7
       8
       7
       5
       8
       8
       4
       8
       6
       5
       7
       8
       5
       3
       9
       5
       4
       5
       7
       9
       8
      13
       6
      11
      13
      21
      42
      62
      71
      56
      37
      24
      14
       5
       7
       3
      10
       6
       3
      10
       8
       5
      10
       5
       3
      10
       8
       8
       7
       4
       3
       4
       8
       9
       4
       7
       1
       5
       6
       3
       3
       6
       3
       9
       4
       8
       8
       8
       4
       7
       4
       4
       6
       7
       4
      11
       0
       3
       5
       6
       2
       8
      10
       3
       7
       6
       4
       4
       6
       4
       3
       6
       6
       6
       6
      10
       4
       6
       5
       3
       5
      10
       3
       6
       8
       6
       7
       6
      10
       3
      13
       9
       4
       9
       2
       9
       9
       5
       7
       7
       6
       7
       5
       5
       8
       2
       8
      10
       6
       7
       9
      12
       5
       8
       9
       7
       4
       7
       3
       5
       8
       6
       5
      11
       3
       4
       6
       6
       3
       3
       8
       5
       8
       5
       6
       8
       4
       6
       7
       4
       9
       7
       5
       5
       4
       8
       7
       4
      11
      10
       4
       6
       8
       5
       6
       6
       8
       5
       5
       8
       3
       7
       7
       6
       6
       5
       8
       6
       5
       6
       4
       2
       6
      10
       9
       4
       5
       6
       3
       3
       4
       7
       7
      10
       3
       7
       4
       6
       7
      10
       3
       6
       7
       5
       6
       5
       7
       6
       8
       8
       5
       5
       6
       7
       5
       1
       5
       8
       6
       6
       6
       2
       9
       6
       7
       5
       5
       9
       3
       8
       2
       2
       6
       9
       5
       6
       4
       5
       7
       5
       4
       4
       5
       9
       5
       8
       6
       5
       6
       4
       6
       4
       5
       4
       7
       9
       9
       3
      10
       5
       5
       5
       3
       9
       7
       9
       4
      12
      12
       3
       6
       8
       9
       5
       6
       5
       4
       6
       4
       8
       9
      10
       7
       5
       7
       5
       3
       4
      10
       3
      10
       5
       6
       7
       5
       3
       3
      11
       6
       8
       5
       8
       8
       7
       8
      10
       7
       3
       5
       4
       3
       7
       8
       8
       3
       7
      10
       5
      10
       2
       8
       9
       3
       7
       4
       9
       3
       9
       3
       6
       3
       2
       6
       7
       1
       1
       2
       8
       6
       9
       4
       4
       3
       4
       6
       0
       7
       4
       6
       3
       4
       3
       5
       5
       6
       4
       6
       4
       4
       4
       3
       4
       3
       2
       3
       4
       2
      10
       5
       5
       4
      10
       8
       1
       6
       6
       7
       6
       6
       7
       6
       5
       2
       3
       3
       5
       6
       4
      11
       5
       4
       6
       5
       5
       1
       7
       2
       6
      10
       8
       6
       0
       2
       6
       3
       4
       6
       4
       2
       3
       5
       6
       1
       4
       9
       6
       5
       4
       4
       8
      10
       9
      10
       1
       6
       3
       3
       4
       2
       5
       8
       6
       5
       3
       5
       4
       4
       1
       9
       3
       3
       4
       6
       4
       4
       5
       6
       6
       5
       8
       4
       9
       7
       6
       5
       3
       6
       3
       6
       7
       4
       3
       3
       7
       5
      15
       6
       6
       4
       4
       4
       4
       2
       7
       3
       6
       3
       4
       5
       8
       7
       5
       8
       7
       0
       4
       4
       2
       4
       7
       4
       6
       2
      10
       4
       5
       3
       9
       5
       2
       3
       5
       6
       2
       9
       4
       4
       4
       1
       3
       3
       7
       7
       7
       6
       9
       6
       5
       4
       1
       5
       2
       2
       2
       3
       4
       8
       5
       3
       7
       4
       3
       4
       3
       5
       7
       4
       9
       3
       3
       3
       8
       7
       4
       7
       4
       6
       3
       3
       7
       2
       7
       7
       4
       5
       7
       1
       4
       4
       4
       7
       7
       5
       5
       3
       9
       7
       1
       9
       4
       3
       4
       3
       4
       1
       6
       5
       1
       6
       7
      10
       1
       6
       1
       4
       1
       5
       4
       4
       6
       3
       5
       6
       2
       8
       5
       3
       5
       5
       7
       8
       5
      11
       7
       4
       6
       3
       1
       6
       6
       7
       2
       5
       1
       2
       6
       1
       3
       2
       5
       5
       1
       5
       5
       1
       9
       5
       8
       8
       1
       4
       6
       7
       5
       2
       5
       6
       3
       8
       2
       4
       7
       4
       8
       2
       7
       5
       5
       3
       4
       3
       6
       8
       4
       3
       2
      10
       4
       4
       5
       4
       6
       8
       3
       3
       7
       5
       4
       4
       4
       5
       5
       6
       2
       3
       8
       6
       5
       8
       4
       4
       5
       3
       4
       4
       2
       3
       4
       8
       6
       9
       7
       8
       6
       3
       7
       3
       3
       3
       6
       4
       6
       8
       3
       3
       3
       4
       6
       6
       8
       6
       1
       7
       2
       3
       4
       1
       5
       0
       4
       1
       5
       2
       4
       3
       3
       4
       1
       5
       4
       7
       5
       6
       5
      10
       3
       3
       3
       4
       4
       6
       2
       4
       2
       3
       7
       4
       3
       3
       4
       4
       3
       1
       2
       5
       4
       3
       0
       3
       2
       3
       6
       5
       1
       3
       3
       1
       3
       3
       5
       5
       2
       0
       2
       5
       4
       6
       6
       3
       1
       3
      10
       5
       5
       4
       3
       5
       2
       1
       5
       4
       8
       4
       5
       3
       4
       3
       5
       6
       5
       5
       7
       6
       6
       4
       7
       4
       5
       1
       4
       8
       1
       4
       6
       1
       4
       9
       6
       7
       3
       5
       8
       9
      11
       4
       6
       4
       6
       5
       3
       6
       6
       4
       3
       6
       5
       5
       3
       4
       7
       4
       5
       8
       6
       8
       8
       4
       2
       1
       2
       3
       3
       5
       5
       3
       6
       1
       5
       9
       4
      10
       5
       6
       6
       6
       4
       4
       1
       4
       3
       3
       4
       6
       3
       8
       5
       4
       5
       5
       9
       4
       7
       2
       6
       4
       1
       3
       9
      10
       4
       7
       9
       2
       2
       3
       5
       6
       0
       7
       3
       4
       3
       3
       4
       5
       3
       4
       6
       4
       4
       3
       5
       1
       6
       5
       4
       4
       8
       2
       5
       4
       5
       7
       5
       8
       3
       5
       5
       4
       6
       3
       2
       1
       6
       4
       4
       5
       7
       5
       1
       7
       4
       7
       7
       5
       4
       6
       0
       4
       6
       8
       3
       5
       3
       4
       3
       4
       2
       4
       5
       2
       5
       6
       2
       5
       5
       6
       4
       4
       3
       3
       1
       4
       4
       2
       5
       8
       5
       6
       4
       4
       1
       8
       2
       2
       4
       6
       7
       3
       3
       6
       1
       5
       0
       4
       5
       5
       4
       5
       7
       7
       4
       5
       9
       4
       7
       3
       5
       6
       6
       4
       3
       2
       1
       7
       2
       4
       5
       5
       3
       6
       3
       4
       4
       2
       6
       2
       6
       2
       2
       3
       4
       2
       2
       1
       8
       7
       2
       3
       2
       3
       8
       5
       3
       7
       6
       7
       4
       3
       3
       3
       6
       2
       1
       4
       5
       5
       6
       4
       4
       3
       4
       6
       7
       9
       3
       7
       8
       6
       2
       6
       3
       6
       5
       7
       4
       2
       2
       6
       6
       0
       6
       1
       1
       3
       6
       2
       5
       4
       3
       3
       5
       1
       1
       6
       2
       5
       2
       4
       4
       2
       4
       4
       4
       4
       5
       2
       3
       2
       6
       6
       5
       4
       9
       3
       3
       3
       4
       3
       6
       2
       2
       1
       1
       3
       4
       3
       6
       3
       4
       4
       7
       4
       2
       7
       6
       5
       2
       4
       6
       6
       6
       2
       5
       1
       6
       6
       5
       2
       5
       3
       8
       5
       2
       2
       3
       1
       6
       8
       7
       6
       4
       1
       3
       2
       5
       5
       3
       2
       6
       3
       7
       3
       4
       3
       1
       2
       3
       6
       1
       2
       7
       3
       5
       3
       5
       4
       5
       3
       8
       0
       5
       3
       0
       6
       1
       2
       2
       9
       4
       1
       6
       6
       1
       3
       1
       2
       3
       4
       4
       2
       2
       4
       5
       4
       1
       3
       2
       3
       3
       3
       3
       6
      10
       4
       6
       2
       4
       4
       3
       4
       3
       0
       3
       3
       2
       5
       8
       5
       5
       6
       2
       7
       2
       1
       5
       5
       6
       3
       2
       3
       1
       3
       7
       2
       0
       6
       3
       2
       4
       3
       1
       6
       5
       4
       4
       3
       3
       3
       2
       4
       0
       3
       4
       0
       7
       6
       3
       5
       2
       2
       7
       1
       3
       3
       1
       2
       3
       2
       1
       3
       0
       4
       4
       8
       4
       1
       5
       2
       3
       5
       3
       9
       5
       3
       6
       5
       3
       2
       4
       6
       2
       3
       4
       3
       2
       5
       5
       4
       5
       1
       3
       2
       7
       6
       5
       6
       4
       2
       5
       1
       7
       4
       6
       2
       2
       4
       3
       5
       4
       2
       5
       0
       0
       0
       0
       0
       0
       0
       0
       0
       0
       0
       0
       0
       0
       0
       0
       0
       0
       0
       0
       0
       0
       0
       0
       0
       0
       0
       0
       0
       0
       0
       0
       0
       0
       0
       0
       0
       0
       0
       0
       0
       0
       0
       0
       0
       0
       0
       0
       0
       0
       0
       0
       0
       0
       0
       0
       0
       0
       0
       0
       0
       0
       0
       0
       0
       0
       0
       0
       0
       0
       0
       0
       0
       0
       0
       0
       0
       0
       0
       0
       0
       0
       0
       0
       0
       0
       0
       0
       0
       0
       0
       0
       0
       0
       0
       0
       0
       0
       0
       0
       0
       0
       0
       0
       0
       0
       0
       0
       0
       0
       0
       0
       0
       0
       0
       0
       0
       0
       0
       0
       0
       0
       0
       0
       0
       0
       0
       0
       0
       0
       0
       0
       0
       0
       0
       0
       0
       0
       0
       0
       0
       0
       0
       0
       0
       0
       0
       0
       0
       0
       0
       0
       0
       0
$ROI:
0
$PRESETS:
None
0
0
$ENER_FIT:
0.000000 1.000000
$MCA_CAL:
3
0.000000E+000 1.000000E+000 0.000000E+000 keV
$SHAPE_CAL:
3
1.000000E+000 0.000000E+000 0.000000E+000
