$SPEC_ID:
No sample description was entered.
$SPEC_REM:
DET# 1
DETDESC# SCE-SOPA-00035 MCB 133
AP# Maestro Version 7.01
$DATE_MEA:
10/18/2019 16:15:27
$MEAS_TIM:
244177 244183
$DATA:
0 4095
       0
       0
       0
       0
       0
       0
       0
       0
       0
       0
       0
       0
       0
       0
       0
       0
       0
       1
       0
       0
       1
       1
       1
       8
       3
       6
      42
     318
     188
     237
    1078
    1176
    1228
    1185
    1091
    1092
    1145
    1125
    1112
    1160
    1085
    1123
    1186
    1070
    1149
    1347
    1810
    1944
    1566
    1161
    1105
    1085
    1111
    1183
    1212
    1177
     994
    1110
    1059
    1032
    1076
    1156
    1426
    2010
    2047
    1567
    1164
    1057
     989
    1001
    1113
    1107
    1107
    1147
    1102
    1182
    1243
    1243
    1285
    1145
    1116
    1103
    1148
    1091
    1211
    1187
    1136
    1114
    1097
    1123
    1193
    1484
    2037
    2758
    2381
    1544
    1138
    1101
    1155
    1142
    1069
    1061
    1019
    1112
    1079
    1075
    1075
    1069
    1127
    1066
    1166
    1150
    1170
    1185
    1217
    1174
    1165
    1169
    1159
    1083
    1126
    1109
    1191
    1167
    1114
    1138
    1134
    1138
    1151
    1228
    1135
    1069
    1156
    1177
    1150
    1121
    1146
    1150
    1136
    1118
    1109
    1117
    1133
    1255
    1306
    1214
    1197
    1191
    1138
    1160
    1166
    1080
    1126
    1094
    1129
    1087
    1147
    1124
    1118
    1185
    1118
    1128
    1078
    1146
    1132
    1141
    1056
    1023
    1068
    1073
    1111
     957
    1002
    1021
     990
    1015
    1012
    1017
    1016
    1061
     998
     969
    1032
    1024
    1024
    1253
    1597
    1725
    1320
    1092
    1022
     905
     941
     964
     984
     956
     980
     930
     996
     972
     945
     906
     946
     924
     921
     865
     990
     877
     942
     885
     904
     869
     903
     850
     842
     889
     869
     817
     835
     918
     884
     795
     829
     807
     810
     826
     868
     837
     800
     831
     793
     781
     789
     820
     781
     733
     725
     786
     809
     974
    1017
     893
     799
     730
     771
     756
     788
     727
     729
     748
     727
     676
     642
     635
     709
     666
     643
     686
     720
     654
     642
     681
     686
     649
     638
     649
     653
     629
     663
     605
     644
     616
     659
     613
     601
     574
     624
     630
     625
     652
     617
     625
     616
     589
     567
     596
     539
     628
     565
     550
     589
     582
     570
     589
     572
     598
     630
     594
     573
     536
     540
     543
     550
     545
     552
     536
     509
     553
     496
     552
     540
     564
     565
     505
     511
     529
     512
     521
     493
     485
     503
     508
     517
     509
     512
     493
     460
     471
     453
     506
     474
     489
     513
     500
     460
     465
     483
     515
     478
     518
     518
     499
     455
     487
     456
     457
     457
     465
     429
     442
     440
     487
     449
     538
     478
     438
     430
     410
     408
     380
     426
     395
     406
     423
     375
     411
     401
     438
     433
     436
     365
     369
     411
     394
     395
     422
     356
     399
     425
     384
     400
     386
     380
     390
     371
     380
     348
     360
     389
     371
     355
     378
     376
     336
     391
     431
     385
     358
     378
     348
     364
     341
     348
     353
     338
     364
     372
     365
     341
     378
     341
     351
     345
     364
     338
     358
     346
     339
     347
     352
     322
     314
     366
     352
     321
     298
     343
     333
     336
     322
     329
     312
     290
     341
     299
     330
     333
     360
     305
     324
     324
     336
     334
     319
     310
     321
     303
     298
     279
     303
     310
     301
     330
     296
     308
     312
     290
     287
     314
     315
     304
     294
     331
     309
     328
     309
     300
     330
     308
     278
     288
     262
     269
     274
     274
     286
     311
     317
     298
     280
     302
     282
     301
     272
     261
     299
     280
     317
     282
     295
     292
     252
     288
     271
     292
     271
     291
     286
     292
     261
     248
     250
     269
     287
     276
     255
     310
     307
     292
     374
     482
     744
    1066
    1005
     771
     494
     369
     304
     232
     219
     252
     227
     253
     239
     245
     229
     222
     232
     241
     240
     276
     229
     243
     253
     276
     257
     220
     231
     265
     234
     246
     242
     241
     247
     227
     249
     215
     243
     246
     244
     198
     232
     225
     251
     237
     217
     226
     236
     218
     259
     236
     211
     204
     231
     223
     246
     240
     232
     231
     222
     242
     230
     232
     241
     241
     213
     242
     223
     232
     241
     229
     240
     224
     227
     261
     286
     254
     276
     230
     233
     186
     209
     211
     223
     220
     218
     219
     240
     270
     264
     237
     254
     248
     227
     266
     236
     234
     253
     253
     253
     275
     297
     311
     214
     229
     219
     227
     222
     210
     217
     218
     201
     211
     190
     210
     207
     217
     188
     213
     228
     216
     218
     197
     199
     238
     194
     205
     219
     204
     215
     200
     171
     212
     196
     189
     209
     234
     190
     208
     195
     187
     194
     201
     196
     211
     173
     184
     187
     202
     174
     187
     223
     200
     217
     212
     223
     204
     233
     203
     196
     218
     233
     216
     187
     213
     182
     186
     195
     238
     182
     182
     178
     182
     173
     201
     191
     183
     176
     195
     187
     170
     182
     173
     156
     207
     217
     232
     226
     190
     199
     201
     202
     181
     196
     197
     203
     200
     188
     181
     208
     174
     192
     196
     201
     189
     189
     201
     189
     190
     179
     171
     194
     164
     176
     149
     196
     158
     176
     189
     192
     185
     188
     154
     176
     176
     163
     166
     188
     171
     173
     172
     174
     175
     178
     176
     171
     180
     168
     185
     157
     150
     167
     179
     151
     175
     171
     173
     160
     159
     155
     168
     190
     158
     195
     132
     177
     192
     197
     150
     184
     165
     198
     196
     182
     160
     163
     145
     157
     153
     146
     157
     162
     156
     155
     163
     146
     164
     150
     170
     161
     172
     136
     149
     170
     172
     147
     124
     149
     163
     166
     151
     162
     173
     168
     159
     151
     141
     154
     153
     149
     140
     158
     149
     156
     145
     154
     144
     130
     151
     127
     160
     164
     152
     149
     178
     132
     144
     127
     164
     155
     145
     146
     144
     155
     128
     152
     128
     164
     150
     158
     158
     162
     157
     154
     148
     156
     162
     159
     153
     153
     143
     148
     152
     120
     148
     137
     131
     147
     138
     150
     153
     165
     141
     167
     152
     133
     146
     134
     151
     122
     139
     130
     147
     150
     152
     142
     144
     126
     129
     144
     131
     147
     151
     152
     145
     149
     141
     147
     134
     154
     147
     138
     129
     141
     125
     123
     152
     105
     122
     137
     131
     140
     145
     138
     131
     158
     122
     115
     128
     131
     126
     144
     138
     146
     189
     158
     125
     141
     124
     134
     117
     149
     132
     116
     137
     123
     128
     114
     129
     111
     149
     141
     125
     106
     147
     127
     127
     122
     109
     131
     125
     120
     126
     116
     126
     120
     149
     115
     119
     117
     121
     144
     107
     115
     127
     124
     130
     108
     132
     114
     132
     127
     127
     126
     145
     145
     153
     116
     127
     125
     130
     139
     144
     144
     110
     112
     118
     139
     118
     116
     124
     122
     116
     118
     117
     109
     124
     101
     128
     114
     115
     108
     111
     124
     126
     113
     122
     124
     111
     121
     113
     112
      98
     137
     136
     139
     120
     108
     109
     111
     106
     120
     114
      95
     130
     117
     134
     115
     116
     121
     105
     120
     110
     104
     123
     122
     115
     106
     131
      98
     101
     118
     112
     109
     115
      89
     136
     121
     109
     112
     119
     105
     114
     115
     106
     106
     119
      91
     113
     106
     126
     111
     110
     125
     105
      99
     113
     103
     102
      96
     101
     105
     107
     106
     117
     120
     114
     122
     107
      97
      90
      91
     117
     106
      90
      85
     111
     101
     104
     109
     104
      97
      95
      91
     103
     114
     117
      86
     112
      81
      92
     100
      98
     100
      97
     101
     117
     101
      83
     105
     106
     104
      98
      98
     105
     127
     107
     102
      96
     114
      95
     109
      86
      86
      95
      90
      84
      81
      97
     111
     106
     108
     130
     129
     119
     118
      97
     102
      87
     106
      94
      92
     112
     101
      79
      95
     115
      98
      87
      89
      74
      86
      90
      82
      89
      91
     101
      83
      90
      90
      99
     100
      82
      88
      89
      78
      96
     110
      96
     101
      89
      91
      99
     100
     107
      90
     104
      96
      94
      99
      92
      89
      64
      89
      94
     118
      87
     103
     105
      93
      99
      97
      83
      84
      94
      86
     107
      87
      87
     112
      95
      94
      82
     104
      96
      94
      84
     104
     100
      92
      94
      77
      84
     100
      81
      94
      93
      77
      94
      87
      82
      88
      85
     104
      77
     104
      91
      81
      81
      81
      82
      86
      87
      82
      77
      98
      83
      87
     103
     107
      94
      97
      99
      95
      85
      88
      84
      84
      84
      99
      97
     105
     101
      94
      84
      87
      87
      92
      96
      88
      99
      76
     102
      83
      78
      74
      88
      82
      83
      98
      73
      79
      76
      63
      72
      73
      86
      88
      74
      87
      78
      69
      59
      68
      67
      66
      80
      86
      74
      65
      83
      85
      72
      74
      69
      79
      72
      83
      65
      88
      73
      72
      83
      57
      67
      67
      63
      93
      62
      81
      80
      68
      73
      76
      69
      75
      76
      66
      76
      63
      64
      65
      63
      69
      76
      79
      72
      69
      61
      69
      64
      67
      62
      61
      67
      71
      74
      82
      72
      71
      60
      62
      76
      70
      77
      63
      69
      66
      68
      62
      66
      57
      61
      47
      76
      65
      60
      68
      66
      61
      62
      62
      51
      64
      61
      57
      79
      67
      55
      69
      75
      63
      67
      53
      61
      71
      69
      66
      61
      58
      75
      63
      70
      52
      69
      44
      68
      72
      59
      63
      65
      90
      71
      50
      56
      60
      67
      58
      53
      55
      48
      53
      54
      59
      60
      67
      56
      57
      67
      61
      64
      59
      62
      49
      53
      63
      57
      55
      65
      66
      59
      53
      54
      54
      61
      63
      61
      53
      65
      44
      49
      44
      59
      57
      75
      51
      57
      48
      66
      52
      44
      47
      54
      57
      51
      60
      42
      53
      63
      59
      45
      57
      36
      53
      45
      47
      65
      46
      61
      50
      47
      48
      53
      48
      50
      47
      54
      65
      50
      55
      60
      85
     164
     240
     319
     316
     210
     111
      59
      55
      60
      43
      45
      50
      58
      39
      52
      59
      44
      47
      57
      40
      52
      43
      49
      46
      55
      61
      51
      49
      47
      44
      42
      43
      50
      40
      39
      39
      35
      49
      42
      53
      56
      51
      51
      44
      58
      42
      46
      57
      41
      59
      48
      53
      35
      53
      47
      31
      48
      49
      51
      45
      46
      28
      46
      55
      44
      54
      42
      39
      45
      42
      48
      30
      47
      41
      41
      40
      31
      41
      39
      37
      46
      49
      55
      48
      44
      35
      45
      45
      42
      38
      48
      35
      42
      39
      36
      32
      31
      35
      42
      36
      46
      46
      42
      37
      51
      26
      41
      44
      38
      32
      40
      31
      32
      48
      52
      41
      40
      47
      43
      33
      30
      52
      40
      32
      34
      41
      34
      38
      53
      49
      43
      45
      45
      54
      64
      57
      45
      46
      34
      38
      29
      44
      38
      29
      34
      37
      42
      36
      34
      43
      49
      48
      32
      46
      43
      31
      27
      45
      43
      40
      39
      36
      45
      36
      48
      38
      31
      57
      45
      38
      37
      38
      46
      34
      29
      33
      44
      45
      33
      33
      36
      30
      32
      28
      42
      46
      33
      39
      31
      35
      39
      41
      43
      32
      36
      27
      43
      40
      27
      31
      37
      31
      31
      41
      53
      33
      40
      37
      31
      35
      32
      37
      22
      39
      25
      28
      22
      35
      25
      29
      42
      41
      39
      29
      49
      37
      37
      31
      35
      28
      38
      31
      42
      25
      36
      39
      36
      33
      31
      29
      26
      32
      39
      43
      30
      37
      42
      33
      37
      30
      32
      39
      36
      24
      45
      22
      24
      34
      41
      24
      35
      25
      38
      50
      34
      34
      36
      34
      47
      30
      34
      43
      33
      35
      35
      24
      34
      29
      25
      33
      28
      41
      29
      28
      33
      36
      31
      38
      16
      27
      23
      32
      35
      26
      42
      42
      14
      31
      35
      34
      35
      39
      35
      31
      46
      57
      66
      72
      57
      50
      38
      31
      30
      34
      31
      29
      26
      22
      23
      22
      19
      21
      29
      34
      28
      25
      33
      24
      30
      28
      25
      33
      41
      27
      37
      30
      26
      17
      28
      27
      29
      24
      28
      38
      25
      24
      25
      27
      26
      28
      28
      34
      26
      21
      32
      23
      21
      31
      26
      29
      25
      34
      33
      34
      33
      25
      19
      28
      25
      23
      37
      30
      22
      26
      29
      35
      26
      18
      31
      33
      22
      28
      25
      36
      31
      32
      30
      21
      24
      36
      42
      26
      34
      28
      29
      23
      31
      26
      30
      27
      23
      20
      32
      31
      28
      31
      28
      35
      24
      15
      14
      23
      35
      17
      38
      24
      27
      30
      16
      27
      20
      27
      24
      21
      33
      25
      21
      24
      24
      24
      26
      28
      25
      21
      28
      23
      29
      32
      19
      17
      19
      31
      32
      24
      22
      21
      26
      25
      22
      28
      24
      19
      21
      23
      28
      22
      21
      30
      24
      17
      28
      17
      30
      18
      22
      27
      23
      33
      27
      17
      27
      16
      28
      30
      25
      21
      21
      22
      24
      26
      27
      26
      34
      15
      26
      26
      14
      34
      22
      21
      31
      17
      37
      23
      30
      29
      20
      30
      27
      28
      31
      22
      19
      18
      22
      26
      20
      23
      31
      22
      22
      16
      27
      24
      24
      24
      19
      28
      16
      20
      17
      19
      20
      20
      22
      21
      23
      30
      16
      29
      18
      25
      23
      15
      21
      24
      17
      16
      24
      22
      30
      23
      14
      28
      21
      14
      28
      20
      18
      26
      22
      24
      17
      20
      19
      19
      19
      18
      16
      17
      29
      23
      24
      31
      27
      22
      23
      28
      25
      17
      19
      26
      15
      19
      27
      21
      21
      24
      12
      27
      23
      22
      24
      20
      18
      25
      17
      10
      25
      20
      16
      21
      15
      18
      21
      27
      18
      21
      16
      17
      19
      20
      19
      22
      22
      27
      27
      18
      17
      19
      23
      23
      24
      25
      16
      30
      15
      24
      22
      20
      17
      17
      20
      30
      23
      21
      24
      25
      25
      18
      20
      19
      15
      21
      24
      23
      32
      21
      24
      21
       9
      19
      20
      24
      20
      33
      37
      34
      21
      25
      20
      19
      25
      15
      22
      28
      22
      16
      26
      15
      21
      31
      23
      20
      19
      22
      18
      20
      23
      15
      15
      17
      14
      14
      31
      30
      21
      17
      23
      25
      16
      29
      20
      24
      20
      17
      30
      26
      16
      17
      17
      22
      13
      24
      20
      20
      20
      22
      16
      21
      21
      19
      17
      16
      11
      21
      14
      10
      20
      18
      15
      19
      20
      24
      22
      25
      24
      27
      20
      20
      18
      20
      13
      11
      19
      21
      18
      17
      18
      25
      16
      22
      21
      18
      18
      24
      20
      20
      25
      16
      19
      21
      20
      11
      16
      16
      15
      26
      30
      34
      17
      21
      19
      10
      20
      16
      22
      15
      23
      21
      23
      14
      13
      11
      17
      16
      20
      15
      22
      26
      20
      24
      17
      13
      13
      18
      20
      19
      21
      18
      17
      27
      21
      20
      26
      24
      19
      16
      14
      16
      21
      17
      20
      16
      10
      15
      15
      17
      18
      23
      18
      19
      20
      18
      11
      13
      21
      19
      20
      19
      20
      16
      26
      17
      24
      22
      18
      18
      20
      19
      15
      19
      18
      12
      22
      20
      28
       4
      16
      17
      24
      18
      13
      21
      12
      18
      20
      22
      15
      16
      24
      20
      13
      15
      17
      14
      16
      16
      27
      24
      17
      12
      15
      19
      22
      17
      18
      18
      14
      11
      22
      14
      15
      18
      17
      20
      19
      15
      17
      20
      14
      24
      17
      16
      29
      19
      15
      19
      15
      20
      21
      14
      23
      21
      22
      12
      11
      18
      10
      16
      19
      25
      19
      15
      22
      25
      25
      18
      23
      13
      21
      19
      16
      15
      23
      13
      17
      32
      14
      19
      12
      16
      23
      13
      15
      22
      17
      12
      13
      16
      15
      14
      16
      19
      18
      14
      19
      19
      15
      22
      20
      16
      13
      15
      18
      15
      11
      17
      16
      19
      15
      13
      16
       7
      15
      14
      15
      12
      20
      12
      18
      22
      12
      17
      20
      16
      15
      17
      11
      15
      18
       7
      22
      14
      16
      21
      15
      15
      19
       6
      18
      13
      12
      12
      16
      12
      13
      14
      12
      14
      15
      13
      14
      19
      15
      12
      13
      21
      18
      23
      22
      16
      18
       9
      19
      11
      16
      21
      17
      11
      15
      19
      10
      17
      11
      15
      15
      23
      10
       9
      15
      17
      20
      18
      21
      11
      16
      10
      14
      21
      13
      14
      20
      16
       8
      14
      13
      17
      13
      13
       9
      10
      16
      10
      11
       6
      10
      17
      11
      15
      18
      16
      13
      10
      14
      17
       8
      18
      10
      19
      10
      13
      16
      10
      14
      12
      12
      11
       8
      12
      10
      14
      13
      13
      18
      14
      15
      10
      13
       9
      14
      11
      15
      18
       8
      14
      11
      13
      12
      17
      10
       7
      10
      16
      19
      12
       6
       7
       3
      15
      10
      11
      15
      12
       7
      10
      12
      14
      13
      10
      10
      10
      12
      12
      12
      14
      13
       7
       7
      18
      15
      12
       6
      11
      11
       6
       9
      19
      11
      11
       7
      10
      12
      10
      11
      10
      10
      12
       9
      11
       9
      12
      11
      11
       9
       8
      10
       9
      15
       8
       7
       7
      15
       7
      11
       7
      18
       6
      14
      15
      11
      13
      17
       9
      23
      36
      56
      71
     115
     102
      80
      62
      26
      15
       6
      13
      11
      10
      14
       7
      15
       7
      14
       6
       9
       6
      12
       5
      13
       6
      10
       8
      13
       3
      11
       9
      13
      12
      12
      15
      10
       8
      11
       7
      16
      11
      16
      10
      12
      17
      12
      13
      10
       9
      12
       9
      10
      17
      12
      10
       9
       6
       8
       8
       6
       7
      10
       8
      11
      11
       6
       8
      14
       6
       5
       9
      10
      11
       7
      12
       9
       7
       7
      14
       7
       8
      10
      10
      14
      12
      12
      15
       9
      13
      15
       9
      14
      13
      10
      13
       4
       7
       9
       6
      11
       9
      15
       5
      11
       6
      10
      12
       6
      10
       6
       8
       9
       8
       6
       9
       8
       9
       8
       7
      13
       9
      12
      12
      11
       9
       8
      15
      10
       8
       9
      17
      11
       6
      14
       9
       8
      13
       8
      12
       9
       3
      13
      10
       9
       9
       4
       8
      10
       7
      12
       9
       6
      14
       9
       5
       8
      11
      10
      14
      11
       4
       8
      14
       8
      11
      10
       6
       5
      13
      11
      12
       8
      11
       9
       9
       8
      11
       8
      17
       8
      13
      11
       9
      13
       4
       8
      10
      11
       8
      11
      14
       8
       7
       9
       7
       3
       9
       7
       9
       7
       6
      14
       4
      12
       4
       6
       8
      13
      11
      12
      13
      12
      11
       6
       9
      15
      13
       9
       5
       8
      13
      10
       7
       4
       8
       6
       6
      13
      11
      12
      12
      10
      12
       8
      13
       8
       5
      11
      13
       4
      11
       6
       5
       9
      11
      10
      11
      10
      11
      11
      12
       6
      13
       5
      14
       5
       8
      13
      10
      10
       2
       9
       5
      11
       9
       8
       8
       6
       8
      13
       9
       5
       6
      10
       9
       6
      13
       5
       8
      10
       3
       8
       9
       4
      14
       5
      10
       7
       7
       7
       9
       9
      15
      14
       3
       7
       8
       4
       5
       7
       6
      11
       7
       9
       4
       6
       7
       7
       6
      11
      11
       9
      10
      12
       8
      13
      14
      14
       6
       7
       7
       7
      11
       6
       8
       8
       9
       7
       7
       8
       1
       8
       7
       9
       7
       9
      13
      13
       8
       9
       9
      10
       9
       6
       8
      10
       5
       2
      11
       7
       9
       9
      10
       7
      10
      11
       9
       7
       7
      11
       7
       9
       9
      10
       6
       6
      10
       9
      13
      10
      13
       9
      10
       7
       9
       9
       5
      10
       8
       6
       7
       9
       7
       8
       7
      12
       9
       8
       8
       9
       6
       6
      16
      11
       5
       8
       9
       7
       9
       8
      11
      11
       8
      11
       4
       4
       7
       7
       6
       7
      11
       7
      12
       6
       9
       6
       7
       8
       3
       5
       8
       7
       8
       4
      12
       9
      10
       6
      12
      13
       8
       8
       6
      11
       3
       8
       6
       7
       9
       9
       6
       8
       8
      11
      12
       8
       8
       6
      10
       4
       3
       8
       9
       7
       9
       8
       8
       9
      10
       9
       8
       8
       9
       8
       7
       6
       5
       9
       8
      10
       8
       5
       7
      11
      11
      15
       9
       8
       7
       7
       7
       6
       7
       9
       6
      15
      10
       6
       6
       6
       7
      12
       7
       5
      15
      10
       8
       7
       5
       7
       4
       8
       5
       7
      12
       8
       7
       6
      10
       7
       7
       9
       9
      14
       5
      10
       5
      13
       7
       6
       5
       6
       4
       2
       9
       4
       7
      16
       1
      12
       6
       6
       8
       7
      10
       4
       5
      12
      11
       7
      10
       9
       4
      10
      12
       9
       6
       9
       4
      10
       4
      12
       9
       6
       5
       8
       6
       4
      11
       5
       8
       4
       5
       8
       7
      11
       5
       8
       7
       8
       8
       7
       5
      13
       6
       8
       6
       6
       6
       6
       9
       5
       8
       6
       9
       8
       8
       7
       2
       7
       7
       3
       8
       8
      11
       4
       6
      15
       3
       8
       8
       7
       7
       7
       4
       8
       4
       6
       9
      12
       7
       8
       2
       7
       6
       4
       3
       5
      10
      10
       6
       5
      12
       4
       5
       4
      11
      13
       3
      10
       6
      10
       5
       5
       7
       7
       6
       8
       6
       4
       6
       5
       9
       8
       8
       8
       6
       7
       8
       6
      11
      12
      10
       3
       5
       4
       3
       8
       6
       9
       6
       7
       8
      12
      16
       2
       3
       3
      11
       6
       7
       5
      12
       4
       6
       9
       8
       9
      10
      11
      12
       4
       6
      10
       5
       8
       9
       6
      14
       7
       8
       8
       5
       9
       6
       7
       6
      10
       7
      14
       8
       5
       8
      11
       8
      10
       8
       4
       6
       7
       3
       8
      11
      12
       9
       3
       8
       6
       7
       5
       3
       3
       6
       3
       9
      11
       6
      12
       4
       6
       2
      10
       9
      13
       7
      11
       5
       7
       4
      10
       8
      11
      14
       2
       9
      13
       6
       9
      13
       6
       5
       6
       9
       8
       3
       7
      10
       3
       3
       5
       7
       5
      13
       6
       9
       8
       5
       6
       5
       8
       9
       7
       7
       9
      11
       8
       7
       5
       7
       5
       6
       6
       6
       8
       4
       7
       3
       4
       3
       7
       6
       4
       9
      10
       9
       8
      10
       8
       9
       8
       7
       7
      13
       7
      11
      12
       6
       9
       4
      13
       4
       6
       5
       5
       6
      14
       9
      11
      10
       6
       4
       3
       8
       6
      11
       4
       8
       5
      13
       7
       6
       8
       8
       5
       4
       8
       6
       3
       7
       6
       8
       9
       8
       4
       5
       7
       8
       7
       8
      10
       6
       5
       8
       4
      10
       4
       6
       9
       3
      10
       7
       5
       4
       6
      10
       9
       5
       9
       7
       9
       6
       6
       7
       3
       7
       5
       4
      10
       5
      12
      12
       5
       6
       6
       7
       9
      13
       3
      10
       5
       7
      10
       9
       4
       6
       6
       4
       8
       7
       6
       7
       8
       6
       7
       8
       9
       8
       8
      11
       8
       4
       8
       7
       9
       6
       5
       6
       3
       6
       6
       5
       7
       8
       4
       6
       4
      12
       2
       8
      12
       3
       4
       2
       6
       7
       6
       3
       5
       3
       3
       4
       5
       3
       6
       6
       6
       7
       8
       4
       5
       6
      10
       5
       8
       6
       9
       8
       8
       9
       8
       6
       9
       2
       7
       6
       6
       7
       7
       6
       5
       4
       8
       6
       6
       7
       7
       6
       7
       5
       5
       9
       9
       7
       5
       5
       9
      11
      11
       4
       6
       7
       2
       9
       2
       4
       8
       6
       3
       5
      12
       8
       3
       8
       8
       8
      10
       8
       7
       1
       3
       3
       5
       8
      10
       7
       8
       5
       7
       8
       4
       5
       5
       3
       8
       3
       4
       8
       6
       6
       6
       6
       3
       3
       5
       8
       4
       6
       5
       6
       3
       5
       4
       6
       6
       4
       4
       4
       4
       7
      10
       8
       7
       6
       7
       2
       6
       5
      10
      11
      11
       3
       7
       5
       7
       8
       4
       6
       4
       6
       8
       8
       5
       8
       8
       7
       2
       6
       6
       2
       6
       4
       7
      13
       7
       3
       6
       6
       7
       6
       7
       6
       7
       7
       8
       9
       5
       3
       2
       8
      10
      12
       5
       4
       4
      11
       8
       9
       6
       2
       4
       5
      10
      10
       9
       4
       6
       9
       4
       8
       8
       6
      11
       8
       6
       9
       1
       5
       7
       7
      10
       5
       5
       6
       4
       9
       6
       8
       9
       5
       6
       9
       7
       7
       5
       4
       6
       6
       8
       9
      10
       5
       5
       9
       3
       5
       7
       3
       5
       7
       8
       5
       7
       4
      10
       9
       9
       7
       3
       5
       4
       5
       8
       3
      10
       9
       2
      16
      10
       5
       4
       7
       3
       6
       8
       8
       9
       6
       8
       2
      13
       6
       7
       7
       2
       3
       5
       6
       7
       6
       8
       5
       9
       2
       8
       4
       7
       5
       7
       5
       7
       3
       4
       7
      11
       6
      10
      13
       4
       8
       4
       4
       6
       8
       7
       5
       4
       8
       9
       5
       5
       5
       7
      10
       8
       6
       4
       4
       5
       4
       3
       3
       6
       6
       6
       2
       8
       8
       6
       6
       6
      11
       9
       5
       5
       6
       9
       5
       2
       6
      12
       8
      12
       5
       3
      10
       7
       3
       8
       1
       7
       7
       4
       5
       4
      10
       5
       2
       2
       5
       7
       6
       7
       6
       5
       4
       5
       7
       2
       7
       5
       6
       1
       9
       3
       7
       3
       6
       2
       6
       9
       9
       9
       4
      13
       4
       8
       6
       5
       9
       4
       7
       4
       7
       7
       4
       6
       3
       5
       3
       4
       6
       1
       5
       6
       0
       1
       0
       0
       0
       0
       0
       0
       0
       0
       0
       0
       0
       0
       0
       0
       0
       0
       0
       0
       0
       0
       0
       0
       0
       0
       0
       0
       0
       0
       0
       0
       0
       0
       0
       0
       0
       0
       0
       0
       0
       0
       0
       0
       0
       0
       0
       0
       0
       0
       0
       0
       0
       0
       0
       0
       0
       0
       0
       0
       0
       0
       0
       0
       0
       0
       0
       0
       0
       0
       0
       0
       0
       0
       0
       0
       0
       0
       0
       0
       0
       0
       0
       0
       0
       0
       0
       0
       0
       0
       0
       0
       0
       0
       0
       0
       0
       0
       0
       0
       0
       0
       0
       0
       0
       0
       0
       0
       0
       0
       0
       0
       0
       0
       0
       0
       0
       0
       0
       0
       0
       0
       0
       0
       0
       0
       0
       0
       0
       0
       0
       0
       0
       0
       0
       0
       0
       0
       0
       0
       0
       0
       0
       0
       0
       0
       0
       0
       0
       0
       0
       0
       0
       0
       0
$ROI:
0
$PRESETS:
None
0
0
$ENER_FIT:
0.000000 0.000000
$MCA_CAL:
3
0.000000E+000 0.000000E+000 0.000000E+000 
$SHAPE_CAL:
3
0.000000E+000 0.000000E+000 0.000000E+000
