$SPEC_ID:
No sample description was entered.
$SPEC_REM:
DET# 1
DETDESC# SCE-SOPA-00035 MCB 133
AP# Maestro Version 7.01
$DATE_MEA:
10/25/2019 14:22:25
$MEAS_TIM:
1943 1964
$DATA:
0 4095
       0
       0
       0
       0
       0
       0
       0
       0
       0
       0
       0
       0
       0
       0
       0
       0
       0
       0
       0
       0
       0
       0
       0
       0
       0
       1
      35
     429
     821
   21520
  290102
  363107
  221037
   85778
   72368
   93788
   71052
   29116
    8337
    4038
    3564
    3523
    3542
    3622
    3694
    3658
    3771
    3867
    3971
    4103
    4572
    5930
    9090
   12564
   11439
    7005
    4875
    4644
    5151
    6299
    8550
   12710
   15008
   12668
   10014
   10172
   11094
   10077
    8248
    7496
    7701
    7750
    7699
    7532
    7737
    8289
    9289
   11096
   16299
   35601
   87681
  146691
  127877
   53045
   12402
    4420
    3372
    3165
    3092
    3307
    3012
    3120
    3208
    3273
    3280
    3427
    3264
    3319
    3262
    3420
    3567
    3715
    3651
    3719
    3585
    3540
    3678
    3727
    3911
    4480
    5878
    8528
   10954
    9771
    6233
    4827
    5026
    5031
    4122
    3580
    3243
    3235
    3286
    3291
    3378
    3568
    3590
    3524
    3599
    3588
    3534
    3802
    3885
    3893
    4040
    4143
    4285
    4188
    4324
    4314
    4369
    4433
    4745
    4670
    4622
    4592
    4707
    4756
    4973
    5104
    5465
    5371
    5534
    5508
    5497
    5397
    5530
    5260
    5316
    5456
    6218
    7177
    6852
    5625
    4838
    4416
    4580
    4285
    4200
    4264
    4277
    4143
    4137
    4164
    4177
    4074
    4021
    3992
    4003
    4020
    3992
    4000
    3949
    4016
    4123
    3976
    3934
    3836
    3830
    3947
    3916
    3966
    3999
    3852
    4054
    3973
    3811
    3912
    3846
    3782
    3701
    3739
    3680
    3794
    3651
    3518
    3551
    3330
    3240
    3009
    2894
    2853
    2650
    2617
    2521
    2456
    2409
    2400
    2366
    2323
    2382
    2345
    2476
    2771
    3205
    2879
    2373
    2127
    2105
    2059
    2025
    2022
    1897
    1846
    1875
    1792
    1725
    1806
    1732
    1680
    1631
    1662
    1579
    1558
    1487
    1434
    1473
    1335
    1340
    1367
    1344
    1391
    1357
    1340
    1383
    1299
    1376
    1200
    1192
    1150
    1140
    1135
    1103
    1115
    1178
    1130
    1138
    1059
    1141
    1070
    1122
    1141
    1160
    1273
    1555
    2548
    6076
   11477
   12146
    6513
    2311
    1064
     908
     890
     926
     887
     872
     916
     975
     903
     873
     938
     873
     943
     970
     976
    1083
    1092
    1219
    1461
    1758
    2826
    7497
   19317
   29372
   22518
    8950
    2671
    1923
    1762
    1210
     873
     909
     851
     768
     666
     575
     582
     522
     568
     580
     591
     582
     617
     602
     650
     598
     617
     527
     623
     656
     755
     984
    1513
    2590
    3346
    2577
    1390
    1129
    1269
    1298
     935
     797
     775
     787
     849
     952
     960
    1134
    1241
    1441
    1686
    2038
    2877
    5214
   14506
   42945
   79788
   76492
   36472
    8242
    1288
     383
     318
     321
     340
     355
     331
     299
     342
     309
     297
     314
     299
     318
     360
     423
     539
     675
     677
     659
     716
    1199
    2875
    7546
   12887
   12752
    8829
    7428
    5776
    2756
    1407
    1472
    1480
     859
     289
     101
      79
      50
      67
      57
      60
      57
      61
      68
      90
     100
     120
      94
      92
      74
     103
     130
     189
     325
     674
     924
     791
     493
     377
     435
     347
     245
     214
     185
     136
     127
     146
     140
     143
     126
     134
     145
     171
     189
     265
     608
    1468
    2833
    3001
    1542
     356
      73
      32
      21
      23
      39
      30
      21
      20
      24
      28
      23
      15
      21
      17
      24
      20
      26
      28
      20
      23
      27
      18
      28
      32
      39
      49
      92
     129
     128
      78
      43
      45
      35
      18
      19
       4
       9
       7
       8
       4
      10
       9
       4
       7
      11
       5
       9
       8
       7
       7
       5
       8
      10
       8
       9
       8
       5
       5
       7
       6
       7
      10
       8
       4
       5
       6
       6
       6
       4
      13
      13
      11
      15
       5
       7
       9
       6
       6
       6
       5
       4
       4
       5
       8
       5
      10
       6
       5
       6
       5
      10
       6
       6
       4
       2
       9
       5
       5
       9
       0
       3
       2
       7
       5
       1
       4
       6
       2
       6
       3
       3
       7
       9
       3
       6
       4
       3
       9
       7
       4
       1
       9
       4
       8
       4
       3
       5
       1
       1
       6
       4
       4
       9
       6
       3
       3
       2
       6
       4
       4
       5
       6
       4
       5
       5
       5
       7
       3
       5
       3
       4
       5
       5
       5
       2
       1
       4
       5
       2
       2
       2
       3
       4
       5
       8
       2
       1
       6
       5
       3
       2
       4
       5
       7
       5
       8
       2
       6
       5
       4
       3
       3
       4
       0
       3
       5
       4
       3
       5
       2
       2
       2
       4
       4
       5
       4
       3
       5
       2
       3
       1
       6
       0
       2
       2
       5
       5
       1
       2
       6
       1
       5
       1
       0
       4
       3
       3
       6
       3
       5
       3
       7
       4
       5
       2
       5
       2
       4
       3
       6
       1
       1
       4
       0
       0
       1
       4
       5
       2
       5
       7
       6
       5
       1
       3
       2
       2
       7
       5
       2
       1
       1
       3
      10
       4
       1
       2
       0
       0
       7
       3
       3
       1
       3
       4
       5
       6
       0
       4
       4
       3
       1
       4
       2
       5
       1
       0
       3
       0
       1
       0
       3
       3
       1
       2
       0
       1
       3
       3
       2
       0
       1
       0
       1
       2
       0
       3
       0
       6
       2
       1
       1
       3
       4
       1
       2
       2
       2
       2
       1
       0
       1
       1
       4
       0
       0
       1
       2
       1
       0
       5
       1
       2
       1
       2
       2
       1
       2
       1
       0
       3
       2
       0
       0
       4
       3
       2
       3
       1
       3
       1
       0
       1
       1
       0
       2
       0
       2
       1
       0
       3
       1
       3
       5
       1
       2
       1
       2
       0
       2
       3
       1
       1
       0
       0
       1
       2
       2
       2
       2
       3
       4
       2
       1
       0
       0
       0
       3
       2
       2
       3
       3
       1
       0
       3
       0
       2
       1
       0
       2
       2
       0
       2
       2
       0
       0
       0
       0
       0
       0
       2
       1
       1
       2
       1
       0
       2
       2
       2
       1
       2
       5
       0
       3
       1
       1
       0
       1
       0
       1
       1
       1
       0
       0
       1
       0
       1
       1
       1
       3
       3
       1
       2
       3
       3
       2
       0
       1
       1
       1
       1
       0
       3
       2
       2
       1
       1
       2
       1
       0
       0
       1
       2
       1
       1
       1
       1
       2
       0
       1
       1
       3
       0
       1
       1
       1
       0
       0
       0
       2
       1
       2
       3
       2
       2
       0
       1
       0
       2
       1
       4
       1
       2
       0
       1
       1
       0
       2
       2
       1
       0
       4
       0
       0
       1
       0
       1
       1
       0
       0
       2
       0
       2
       1
       2
       1
       0
       0
       2
       1
       0
       3
       0
       1
       1
       0
       0
       0
       1
       0
       0
       1
       0
       0
       3
       1
       1
       4
       0
       3
       1
       1
       3
       0
       0
       1
       0
       0
       0
       2
       0
       0
       1
       3
       1
       0
       1
       0
       0
       2
       2
       1
       2
       2
       1
       0
       4
       0
       1
       3
       0
       2
       0
       1
       2
       0
       0
       0
       0
       1
       2
       1
       1
       0
       1
       0
       1
       2
       0
       1
       1
       0
       2
       4
       0
       2
       3
       0
       0
       3
       1
       1
       1
       1
       1
       2
       1
       0
       0
       0
       6
       0
       0
       0
       1
       2
       1
       1
       0
       0
       0
       1
       2
       0
       0
       1
       1
       1
       0
       3
       1
       0
       1
       0
       0
       0
       1
       0
       0
       1
       1
       0
       1
       1
       2
       0
       1
       1
       2
       1
       2
       0
       2
       0
       0
       3
       1
       0
       2
       0
       1
       0
       2
       0
       0
       1
       2
       1
       1
       1
       3
       1
       1
       2
       1
       1
       0
       0
       0
       0
       1
       1
       0
       1
       2
       0
       1
       1
       0
       1
       0
       3
       0
       2
       1
       0
       1
       0
       1
       0
       1
       1
       1
       0
       1
       1
       1
       0
       0
       2
       1
       1
       0
       3
       0
       1
       1
       1
       1
       0
       0
       2
       0
       1
       1
       0
       0
       0
       1
       0
       3
       0
       0
       0
       1
       0
       2
       0
       0
       1
       1
       0
       2
       0
       1
       2
       2
       2
       1
       0
       0
       1
       2
       0
       0
       0
       2
       1
       0
       0
       1
       1
       1
       1
       1
       3
       0
       3
       3
       0
       1
       1
       0
       1
       0
       0
       1
       1
       1
       0
       0
       1
       0
       0
       2
       0
       1
       0
       0
       0
       2
       1
       1
       0
       0
       1
       1
       0
       4
       2
       0
       2
       0
       0
       2
       1
       2
       0
       0
       1
       1
       0
       1
       0
       0
       0
       0
       1
       0
       2
       1
       0
       0
       2
       1
       0
       0
       0
       0
       0
       2
       0
       0
       0
       0
       0
       1
       1
       0
       0
       1
       1
       0
       0
       0
       1
       0
       0
       0
       0
       1
       1
       1
       1
       0
       2
       3
       0
       1
       0
       0
       0
       3
       2
       0
       0
       2
       1
       0
       0
       1
       0
       0
       1
       0
       0
       0
       1
       0
       0
       0
       1
       0
       3
       1
       3
       1
       1
       1
       0
       0
       0
       0
       0
       1
       0
       0
       0
       2
       2
       1
       0
       0
       1
       1
       0
       1
       1
       1
       0
       0
       0
       0
       0
       2
       0
       0
       0
       0
       0
       0
       0
       0
       0
       0
       0
       0
       1
       0
       0
       0
       0
       0
       0
       1
       2
       0
       0
       1
       3
       0
       1
       0
       0
       0
       0
       1
       1
       1
       0
       0
       1
       0
       2
       0
       0
       0
       0
       0
       0
       1
       1
       1
       0
       0
       1
       0
       1
       0
       1
       0
       0
       0
       1
       0
       1
       1
       0
       0
       1
       0
       0
       2
       0
       1
       0
       0
       0
       0
       0
       0
       0
       1
       2
       0
       0
       0
       0
       0
       0
       1
       0
       0
       1
       0
       0
       1
       0
       0
       0
       1
       1
       0
       1
       0
       0
       0
       0
       1
       1
       0
       1
       0
       1
       1
       0
       0
       0
       0
       1
       0
       3
       4
       1
       2
       1
       1
       0
       0
       0
       0
       1
       0
       0
       1
       0
       0
       0
       0
       1
       0
       0
       0
       0
       0
       0
       0
       0
       1
       0
       0
       0
       0
       0
       1
       0
       0
       0
       0
       0
       0
       0
       0
       3
       0
       0
       1
       0
       0
       1
       1
       0
       1
       0
       0
       0
       0
       1
       0
       0
       0
       0
       1
       1
       0
       0
       0
       0
       1
       0
       0
       1
       0
       0
       1
       0
       0
       0
       0
       1
       1
       0
       0
       1
       0
       0
       0
       0
       0
       0
       0
       0
       0
       0
       0
       0
       0
       0
       0
       0
       0
       2
       0
       1
       1
       0
       0
       0
       0
       0
       0
       0
       0
       0
       0
       1
       0
       0
       0
       0
       1
       1
       0
       0
       0
       0
       1
       1
       0
       0
       1
       0
       0
       0
       0
       0
       0
       0
       0
       0
       0
       0
       1
       1
       0
       1
       0
       1
       0
       0
       0
       2
       0
       0
       0
       2
       0
       0
       0
       0
       0
       1
       0
       0
       0
       1
       0
       1
       0
       0
       0
       1
       0
       0
       0
       1
       0
       1
       1
       0
       0
       1
       0
       0
       0
       2
       0
       0
       1
       0
       0
       0
       0
       0
       0
       0
       1
       0
       1
       0
       0
       1
       0
       0
       1
       2
       0
       0
       1
       1
       0
       0
       0
       0
       0
       0
       0
       0
       0
       0
       0
       0
       1
       0
       0
       2
       0
       0
       1
       1
       1
       0
       0
       0
       0
       0
       0
       0
       0
       0
       0
       0
       0
       0
       0
       0
       0
       1
       0
       0
       2
       0
       0
       0
       0
       0
       0
       0
       0
       0
       0
       0
       0
       2
       1
       0
       3
       0
       0
       0
       0
       1
       0
       0
       0
       0
       0
       0
       0
       0
       1
       0
       1
       0
       1
       0
       0
       1
       0
       1
       1
       1
       0
       0
       1
       0
       0
       0
       0
       0
       0
       0
       2
       1
       0
       0
       0
       0
       0
       0
       1
       0
       1
       0
       0
       0
       0
       0
       0
       0
       0
       0
       1
       0
       0
       0
       1
       1
       0
       0
       1
       0
       0
       0
       0
       0
       0
       0
       0
       0
       1
       0
       0
       0
       0
       0
       0
       1
       0
       0
       0
       0
       0
       0
       1
       0
       0
       0
       0
       0
       0
       0
       0
       0
       0
       0
       0
       0
       0
       0
       0
       0
       1
       0
       0
       0
       0
       0
       0
       1
       0
       0
       0
       0
       1
       0
       0
       0
       0
       0
       0
       0
       0
       0
       0
       0
       0
       0
       0
       0
       0
       0
       1
       0
       0
       0
       0
       0
       0
       0
       0
       1
       0
       0
       1
       0
       0
       0
       0
       0
       1
       0
       0
       1
       1
       1
       0
       0
       0
       0
       1
       0
       0
       0
       0
       0
       0
       0
       0
       0
       0
       0
       0
       0
       0
       1
       1
       0
       0
       0
       0
       0
       0
       0
       0
       0
       0
       0
       1
       0
       0
       0
       0
       0
       0
       0
       0
       0
       0
       0
       0
       0
       0
       0
       0
       1
       0
       0
       1
       0
       1
       1
       1
       1
       0
       0
       0
       0
       0
       0
       0
       0
       2
       0
       0
       0
       1
       0
       1
       0
       0
       1
       1
       0
       1
       0
       0
       0
       0
       0
       0
       0
       0
       0
       0
       1
       0
       0
       0
       1
       0
       0
       0
       0
       0
       1
       0
       0
       0
       0
       0
       0
       0
       0
       1
       0
       0
       0
       0
       0
       0
       0
       0
       1
       0
       0
       0
       0
       0
       0
       0
       0
       0
       0
       0
       0
       1
       0
       0
       0
       1
       0
       0
       0
       0
       1
       0
       0
       0
       0
       0
       0
       0
       0
       2
       0
       0
       0
       0
       0
       0
       0
       0
       0
       1
       0
       0
       0
       1
       0
       0
       0
       0
       0
       0
       0
       0
       0
       1
       0
       0
       0
       0
       0
       0
       0
       0
       0
       1
       0
       0
       0
       0
       0
       0
       0
       0
       0
       0
       0
       0
       0
       0
       0
       0
       0
       0
       0
       0
       1
       0
       0
       1
       0
       0
       0
       0
       0
       0
       0
       0
       1
       0
       0
       1
       1
       0
       0
       0
       0
       0
       0
       0
       1
       0
       0
       0
       0
       1
       0
       0
       0
       0
       0
       0
       0
       0
       0
       0
       0
       0
       0
       0
       1
       0
       0
       0
       0
       0
       1
       0
       0
       0
       0
       0
       0
       0
       0
       0
       0
       1
       0
       0
       1
       1
       1
       0
       0
       0
       0
       1
       0
       0
       0
       0
       0
       0
       0
       0
       0
       0
       0
       0
       0
       0
       0
       0
       0
       0
       0
       1
       1
       0
       0
       0
       0
       0
       0
       1
       0
       0
       0
       1
       0
       0
       0
       1
       1
       2
       0
       0
       0
       0
       0
       1
       0
       0
       0
       0
       0
       0
       0
       1
       1
       0
       0
       0
       0
       0
       0
       0
       0
       0
       0
       0
       0
       0
       0
       0
       0
       0
       3
       0
       1
       0
       0
       1
       1
       0
       0
       0
       1
       0
       0
       2
       0
       0
       0
       0
       0
       0
       0
       0
       0
       0
       0
       0
       0
       1
       0
       0
       0
       0
       0
       0
       0
       0
       0
       0
       0
       0
       0
       0
       0
       0
       0
       0
       0
       0
       1
       0
       0
       0
       0
       0
       0
       0
       0
       0
       0
       0
       1
       0
       0
       0
       0
       0
       0
       0
       0
       1
       0
       0
       0
       0
       1
       0
       0
       0
       0
       0
       0
       0
       0
       1
       0
       0
       0
       0
       0
       0
       0
       0
       1
       0
       0
       0
       0
       0
       0
       0
       0
       1
       0
       0
       0
       0
       0
       0
       0
       1
       0
       0
       0
       0
       0
       0
       0
       0
       0
       0
       0
       0
       0
       0
       0
       0
       0
       0
       0
       0
       0
       0
       0
       0
       0
       0
       0
       0
       0
       0
       0
       0
       0
       0
       0
       1
       1
       1
       0
       0
       1
       0
       0
       0
       0
       0
       0
       1
       1
       0
       0
       0
       0
       0
       1
       0
       0
       0
       1
       0
       0
       0
       0
       1
       0
       0
       0
       0
       0
       0
       0
       0
       0
       0
       0
       1
       1
       0
       0
       0
       1
       1
       0
       1
       0
       0
       0
       0
       0
       0
       0
       1
       0
       0
       0
       0
       0
       0
       0
       0
       2
       0
       0
       0
       0
       0
       0
       0
       0
       0
       0
       0
       0
       0
       0
       0
       0
       0
       0
       0
       0
       0
       0
       0
       0
       0
       0
       0
       0
       0
       0
       0
       1
       0
       0
       0
       0
       0
       0
       0
       0
       0
       1
       0
       0
       0
       0
       0
       0
       0
       1
       0
       0
       0
       0
       1
       1
       0
       0
       0
       0
       0
       0
       0
       0
       0
       0
       0
       0
       0
       0
       0
       0
       0
       0
       0
       0
       0
       1
       0
       0
       0
       0
       0
       0
       0
       0
       0
       0
       0
       0
       0
       0
       0
       0
       1
       0
       0
       0
       0
       0
       0
       0
       0
       0
       0
       0
       0
       0
       0
       0
       0
       0
       0
       0
       0
       0
       0
       0
       0
       0
       0
       0
       0
       0
       0
       0
       0
       0
       0
       0
       0
       0
       0
       0
       0
       0
       0
       0
       0
       0
       0
       0
       0
       0
       0
       2
       0
       0
       0
       0
       0
       0
       0
       0
       0
       0
       0
       0
       1
       0
       0
       0
       0
       0
       0
       0
       0
       1
       1
       0
       0
       0
       0
       1
       0
       0
       1
       0
       0
       0
       1
       0
       0
       0
       0
       0
       0
       0
       0
       0
       0
       0
       0
       0
       0
       0
       0
       0
       0
       0
       0
       0
       0
       0
       0
       0
       0
       0
       1
       0
       0
       0
       0
       1
       0
       0
       1
       0
       0
       0
       1
       0
       0
       0
       0
       0
       0
       0
       0
       1
       0
       0
       0
       0
       0
       0
       0
       0
       0
       0
       1
       0
       0
       1
       0
       0
       0
       0
       0
       0
       0
       0
       0
       1
       0
       0
       0
       0
       0
       0
       0
       0
       0
       0
       0
       0
       0
       0
       0
       0
       0
       0
       0
       0
       0
       1
       0
       0
       0
       0
       0
       0
       0
       0
       0
       0
       0
       0
       0
       0
       0
       0
       0
       0
       0
       0
       0
       0
       0
       0
       0
       0
       0
       0
       0
       0
       0
       0
       1
       0
       0
       0
       0
       0
       1
       0
       0
       0
       0
       0
       0
       1
       0
       0
       0
       0
       1
       0
       0
       0
       0
       0
       0
       0
       0
       0
       0
       0
       0
       0
       0
       0
       0
       0
       0
       1
       0
       0
       0
       0
       0
       0
       0
       0
       0
       0
       0
       0
       0
       0
       0
       0
       0
       0
       0
       0
       0
       0
       0
       0
       0
       0
       0
       0
       0
       0
       0
       0
       0
       0
       0
       0
       0
       1
       0
       0
       0
       0
       0
       0
       0
       0
       0
       0
       0
       0
       0
       0
       0
       0
       0
       0
       0
       0
       0
       0
       0
       0
       0
       1
       0
       0
       0
       0
       0
       0
       0
       0
       1
       0
       0
       0
       0
       0
       0
       0
       0
       0
       0
       0
       0
       1
       0
       0
       0
       1
       0
       0
       0
       0
       0
       0
       0
       0
       0
       0
       1
       1
       0
       0
       0
       0
       0
       0
       0
       0
       0
       0
       0
       0
       0
       0
       0
       1
       0
       0
       0
       0
       0
       0
       0
       0
       0
       0
       0
       1
       0
       0
       0
       0
       0
       0
       0
       1
       0
       1
       0
       0
       0
       0
       0
       0
       0
       0
       0
       0
       0
       0
       0
       0
       0
       0
       0
       0
       0
       1
       0
       0
       0
       0
       0
       0
       1
       0
       1
       0
       0
       0
       1
       0
       0
       0
       0
       0
       0
       0
       0
       0
       0
       0
       1
       0
       0
       1
       0
       0
       0
       0
       0
       0
       0
       0
       0
       0
       0
       0
       0
       0
       0
       0
       0
       0
       0
       0
       0
       0
       0
       0
       0
       0
       0
       0
       0
       0
       0
       0
       0
       1
       0
       0
       1
       0
       0
       0
       0
       0
       0
       0
       0
       0
       0
       0
       0
       0
       0
       1
       0
       0
       0
       0
       0
       1
       0
       0
       0
       0
       0
       0
       0
       1
       0
       1
       0
       0
       0
       0
       0
       0
       0
       0
       0
       0
       0
       0
       0
       0
       0
       0
       0
       0
       0
       0
       0
       0
       0
       0
       0
       1
       0
       0
       0
       0
       0
       0
       0
       0
       0
       0
       0
       0
       0
       0
       0
       0
       0
       0
       0
       0
       0
       0
       0
       0
       0
       0
       0
       0
       0
       0
       0
       0
       0
       0
       0
       0
       0
       0
       0
       0
       0
       0
       0
       0
       0
       0
       0
       0
       0
       0
       0
       0
       0
       0
       0
       0
       0
       0
       0
       0
       0
       0
       0
       0
       0
       0
       0
       0
       0
       0
       0
       0
       0
       0
       0
       0
       0
       0
       0
       0
       0
       0
       0
       0
       0
       0
       0
       0
       0
       0
       0
       0
       0
       0
       0
       0
       0
       0
       0
       0
       0
       0
       0
       0
       1
       0
       0
       0
       0
       0
       0
       1
       0
       0
       0
       0
       0
       0
       0
       0
       1
       0
       0
       0
       0
       0
       0
       0
       0
       0
       0
       0
       0
       0
       0
       0
       1
       0
       0
       0
       0
       0
       0
       0
       0
       1
       0
       0
       0
       0
       1
       0
       0
       0
       0
       0
       1
       0
       0
       0
       0
       0
       0
       0
       1
       0
       0
       0
       0
       0
       0
       0
       0
       0
       0
       0
       0
       0
       0
       0
       0
       0
       0
       0
       0
       0
       0
       0
       0
       0
       0
       0
       0
       0
       0
       0
       0
       0
       0
       0
       0
       0
       0
       0
       0
       0
       1
       0
       0
       0
       0
       0
       0
       0
       0
       1
       0
       0
       0
       0
       0
       0
       0
       0
       0
       0
       0
       0
       0
       0
       0
       0
       0
       1
       0
       0
       0
       0
       1
       0
       0
       0
       0
       0
       0
       0
       1
       0
       0
       0
       0
       0
       0
       0
       0
       0
       0
       0
       0
       0
       0
       0
       0
       0
       0
       0
       0
       0
       0
       0
       0
       0
       0
       0
       0
       0
       0
       0
       0
       0
       0
       0
       0
       0
       0
       0
       0
       0
       0
       0
       0
       0
       0
       1
       0
       0
       0
       0
       0
       0
       0
       0
       0
       0
       0
       0
       0
       0
       0
       0
       0
       0
       0
       0
       0
       0
       0
       0
       0
       0
       0
       1
       0
       1
       0
       0
       0
       0
       0
       0
       0
       0
       0
       0
       0
       0
       0
       0
       0
       0
       0
       0
       0
       0
       0
       0
       0
       0
       0
       0
       0
       0
       0
       0
       0
       0
       0
       0
       0
       0
       0
       0
       0
       0
       0
       0
       0
       0
       0
       0
       0
       0
       0
       0
       0
       0
       0
       0
       0
       0
       0
       0
       0
       0
       0
       1
       0
       0
       0
       0
       0
       1
       0
       0
       0
       1
       0
       1
       0
       0
       0
       0
       0
       0
       0
       0
       0
       0
       0
       0
       0
       0
       0
       0
       0
       0
       0
       0
       0
       0
       0
       0
       1
       0
       0
       0
       0
       0
       0
       0
       0
       0
       0
       0
       0
       0
       0
       0
       0
       0
       0
       0
       0
       0
       0
       0
       0
       0
       0
       1
       0
       0
       0
       0
       0
       0
       0
       0
       0
       0
       0
       0
       0
       0
       0
       0
       1
       0
       0
       0
       0
       1
       0
       0
       0
       1
       0
       0
       0
       0
       0
       0
       0
       0
       0
       0
       0
       0
       0
       0
       0
       0
       0
       0
       0
       0
       0
       0
       0
       0
       0
       0
       0
       0
       0
       0
       0
       0
       0
       0
       0
       0
       0
       0
       0
       0
       0
       0
       0
       0
       0
       0
       0
       0
       0
       0
       0
       0
       0
       0
       1
       0
       0
       0
       0
       0
       1
       0
       0
       0
       0
       0
       0
       0
       0
       0
       0
       0
       0
       0
       0
       0
       0
       0
       0
       0
       0
       0
       0
       0
       0
       0
       1
       0
       0
       0
       0
       0
       0
       1
       0
       0
       0
       0
       0
       0
       0
       0
       0
       0
       0
       0
       0
       0
       0
       0
       0
       0
       0
       0
       0
       0
       0
       0
       0
       0
       0
       0
       0
       1
       0
       0
       0
       0
       0
       0
       0
       0
       0
       0
       0
       0
       0
       0
       0
       0
       0
       0
       0
       0
       0
       0
       0
       0
       1
       0
       0
       0
       0
       0
       0
       0
       0
       0
       0
       0
       0
       0
       0
       0
       0
       0
       0
       0
       0
       0
       0
       0
       0
       0
       0
       0
       0
       0
       0
       0
       0
       0
       0
       0
       0
       0
       0
       0
       0
       0
       0
       0
       0
       0
       0
       0
       0
       0
       0
       0
       0
       0
       0
       0
       0
       0
       0
       0
       0
       0
       0
       0
       0
       0
       0
       0
       0
       0
       0
       0
       0
       0
       0
       0
       0
       0
       0
       0
       0
       0
       0
       1
       1
       0
       0
       0
       0
       0
       0
       0
       0
       0
       0
       0
       0
       0
       0
       0
       0
       0
       0
       0
       0
       1
       0
       0
       0
       0
       0
       1
       0
       0
       0
       0
       0
       0
       0
       0
       0
       0
       0
       0
       0
       0
       0
       0
       0
       0
       1
       0
       0
       1
       0
       0
       0
       0
       0
       0
       0
       0
       0
       0
       0
       0
       0
       0
       0
       0
       0
       1
       0
       0
       1
       0
       0
       0
       0
       0
       0
       0
       0
       0
       0
       0
       0
       0
       0
       0
       0
       0
       0
       0
       0
       0
       0
       0
       0
       0
       0
       0
       0
       0
       0
       1
       0
       0
       0
       0
       0
       0
       0
       0
       0
       0
       0
       0
       0
       0
       0
       0
       0
       0
       0
       0
       0
       1
       0
       0
       0
       1
       0
       0
       0
       0
       0
       0
       1
       0
       0
       0
       0
       0
       0
       0
       0
       0
       1
       0
       0
       0
       0
       0
       0
       1
       0
       0
       0
       0
       0
       0
       0
       0
       0
       0
       0
       0
       0
       0
       0
       0
       0
       0
       0
       0
       0
       0
       0
       0
       0
       0
       0
       0
       0
       0
       0
       0
       0
       0
       0
       0
       0
       0
       0
       0
       0
       0
       0
       0
       0
       0
       0
       0
       0
       0
       0
       0
       0
       0
       0
       0
       0
       0
       0
       0
       0
       0
       0
       0
       0
       0
       0
       0
       0
       0
       0
       0
       0
       0
       0
       0
       0
       0
       0
       0
       0
       0
       0
       0
       0
       0
       0
       0
       0
       0
       0
       0
       0
       0
       0
       0
       0
       0
       0
       0
       0
       0
       0
       0
       0
       0
       0
       0
       0
       0
       0
       0
       0
       0
       0
       0
       0
       0
       0
       0
       0
       0
       0
       0
       0
       0
       0
       0
       0
       0
       0
       0
       0
       0
       0
       0
       0
       0
       0
       0
       0
       0
       0
       0
       0
       0
       0
       0
       0
       0
       0
       0
       0
       0
       0
       0
       0
       0
       0
       0
       0
       0
       0
       0
$ROI:
0
$PRESETS:
None
0
0
$ENER_FIT:
0.000000 0.000000
$MCA_CAL:
3
0.000000E+000 0.000000E+000 0.000000E+000 
$SHAPE_CAL:
3
0.000000E+000 0.000000E+000 0.000000E+000
