$SPEC_ID:
No sample description was entered.
$SPEC_REM:
DET# 1
DETDESC# SCE-SOPA-00035 MCB 133
AP# Maestro Version 7.01
$DATE_MEA:
10/31/2019 14:56:50
$MEAS_TIM:
3935 3951
$DATA:
0 4095
       0
       0
       0
       0
       0
       0
       0
       0
       0
       0
       0
       0
       0
       0
       0
       0
       0
       0
       0
       0
       0
       0
       0
       0
       0
       1
      28
     313
     634
   15936
  215822
  289077
  187701
   70806
   53085
   73241
   59324
   25366
    7260
    3194
    2653
    2622
    2731
    2717
    2733
    2795
    2780
    2801
    2983
    2980
    3387
    4503
    6672
    9900
    9269
    5778
    3990
    3740
    4015
    5018
    7031
   11162
   14600
   12250
    8866
    8676
    9804
    8955
    6745
    5772
    5714
    5858
    5653
    5293
    5228
    5484
    5864
    6513
    8919
   20076
   57141
  109704
  106794
   48884
   11899
    3709
    2817
    2539
    2414
    2558
    2466
    2487
    2410
    2617
    2610
    2712
    2611
    2693
    2728
    2677
    2725
    2837
    2850
    2985
    2888
    2791
    2973
    2954
    3085
    3445
    4670
    7354
   10401
    9592
    5873
    3992
    4312
    4434
    3616
    2778
    2386
    2470
    2474
    2601
    2579
    2501
    2574
    2574
    2565
    2761
    2754
    2756
    2787
    2898
    3075
    3191
    3182
    2996
    3140
    3194
    3274
    3327
    3325
    3347
    3516
    3439
    3479
    3481
    3677
    3785
    3746
    3963
    3987
    3978
    4114
    3993
    3933
    3883
    3878
    3840
    4524
    5428
    5440
    4370
    3583
    3421
    3339
    3320
    3197
    3221
    3222
    3265
    3117
    3126
    3073
    2956
    3036
    3066
    3135
    3076
    2961
    3044
    3065
    3049
    3070
    2982
    2977
    3103
    3031
    3056
    3146
    3033
    3150
    3240
    2963
    2984
    3011
    3042
    2933
    3029
    3025
    2933
    2932
    2917
    2873
    2884
    2760
    2612
    2688
    2447
    2374
    2263
    2142
    2088
    2010
    1973
    1899
    1947
    1900
    1881
    1933
    1898
    1934
    2083
    2435
    2399
    2083
    1828
    1703
    1654
    1669
    1617
    1672
    1606
    1542
    1496
    1453
    1490
    1376
    1361
    1368
    1291
    1272
    1246
    1258
    1184
    1189
    1162
    1187
    1193
    1095
    1090
    1090
    1058
    1097
    1116
    1112
    1005
    1013
    1010
     943
     917
     984
     913
     917
     894
     895
     851
     920
     845
     870
     822
     902
     982
     993
    1378
    3451
    7500
    9826
    6373
    2226
     914
     721
     742
     718
     652
     742
     701
     731
     674
     726
     731
     726
     688
     714
     762
     663
     729
     803
     834
     904
    1214
    3438
   11067
   21228
   20060
    9416
    2895
    1694
    1777
    1232
     836
     786
     761
     664
     561
     503
     424
     466
     407
     481
     437
     489
     503
     556
     513
     534
     496
     519
     441
     543
     575
     756
    1167
    2183
    3208
    2913
    1535
     977
    1209
    1123
     827
     564
     514
     539
     538
     489
     600
     567
     639
     612
     704
     810
     983
    1735
    5489
   22194
   53771
   64867
   38283
   10770
    1695
     402
     248
     273
     307
     303
     329
     270
     223
     250
     251
     231
     230
     245
     267
     292
     388
     465
     483
     392
     400
     510
    1265
    4202
    9290
   11093
    8552
    7403
    6747
    3765
    1634
    1411
    1613
    1153
     452
     119
      74
      48
      47
      60
      68
      62
      53
      66
      76
      97
      93
      87
      72
      69
      90
      99
     166
     245
     565
     925
     951
     651
     429
     478
     435
     309
     226
     176
     140
     137
     123
     128
     157
     109
     122
     142
     126
     126
     188
     363
    1037
    2431
    3294
    2167
     690
     107
      24
      19
      18
      21
      36
      34
      24
      22
      27
      24
      17
      21
      27
      19
      31
      20
      19
      26
      28
      17
      22
      22
      23
      30
      44
      79
     167
     185
     117
      65
      46
      50
      47
      21
      15
       5
       9
       7
       2
       9
       3
       5
       5
       9
       4
       5
       9
       6
       6
       8
       5
       2
       4
       5
       5
       3
      10
       8
      10
       4
       7
       6
      10
      11
      13
       8
       8
      14
      13
      22
      31
      12
      11
       7
       9
       4
       2
       5
       5
       9
       4
       8
      10
       8
       4
       4
       7
       5
       7
       5
       7
       1
       3
       6
       7
       3
       5
       9
       3
       6
       6
       5
       8
       4
       4
       4
       1
       7
       3
       4
       4
       4
       3
       2
       5
       7
       3
       4
       7
       5
       6
       4
       3
       5
       4
       4
       2
       6
       2
       5
       7
       7
       6
       5
       4
       3
       3
       7
       7
       3
       2
       5
       3
       2
       7
       5
       6
       2
       4
       5
       6
       5
       2
       2
       9
       5
       4
       3
       5
       5
       4
       2
       3
       5
       3
       4
       2
       7
      13
      12
       6
       7
       5
       4
       4
       8
       6
       7
       2
       6
       4
       3
       2
       5
       2
       4
       5
       1
       7
       4
       5
       3
       5
       5
       6
       1
       6
       2
       2
       2
       2
       4
       4
       2
       4
       3
       2
       2
       4
       3
       3
       2
       5
       4
       7
       4
       3
       1
       3
       2
       4
       0
       3
       8
       1
       4
       1
       4
       8
       1
       4
       6
       4
       2
       5
       5
       4
       4
       3
       2
       1
       4
       2
       3
       5
       2
       3
       1
       3
       0
       0
       2
       4
       6
       2
       5
       4
       2
       2
       4
       6
       3
       3
       6
       1
       1
       5
       1
       5
       4
       5
       2
       2
       3
       1
       2
       4
       3
       0
       2
       3
       7
       3
       2
       3
       3
       4
       8
       6
       4
       3
       3
       6
       2
       1
       2
       2
       3
       3
       4
       3
       5
       0
       4
       3
       2
       3
       2
       7
       6
       3
       6
       1
       2
       2
       5
       5
       2
       4
       2
       1
       5
       2
       2
       5
       3
       4
       2
       6
       6
       5
       6
       4
       3
       2
       2
       4
       3
       2
       2
       3
       2
       5
       0
       2
       3
       5
       3
       1
       2
       2
       3
       1
       5
       2
       1
       0
       3
       2
       2
       2
       1
       2
       6
       0
       2
       1
       2
       2
       1
       2
       0
       2
       2
       3
       2
       4
       7
       1
       1
       3
       5
       4
       2
       0
       5
       4
       2
       1
       0
       5
       0
       2
       1
       7
       5
       5
       2
       3
       1
       1
       1
       3
       1
       3
       6
       1
       3
       1
       5
       1
       8
       3
       5
       4
       3
       1
       2
       3
       2
       2
       0
       1
       0
       1
       2
       3
       1
       1
       3
       0
       4
       1
       0
       4
       4
       1
       2
       2
       1
       3
       4
       3
       4
       0
       5
       1
       2
       4
       0
       2
       2
       4
       3
       4
       3
       3
       1
       2
       5
       1
       0
       0
       3
       3
       0
       1
       2
       4
       4
       3
       2
       5
       2
       3
       2
       4
       1
       3
       3
       1
       2
       2
       0
       4
       2
       5
       2
       0
       1
       2
       4
       2
       1
       2
       1
       4
       0
       2
       3
       3
       2
       3
       2
       1
       3
       2
       2
       4
       2
       4
       4
       2
       0
       1
       2
       2
       4
       1
       1
       6
       4
       0
       1
       6
       2
       1
       1
       5
       1
       1
       0
       3
       2
       3
       2
       4
       0
       0
       3
       4
       2
       1
       3
       2
       2
       6
       2
       1
       1
       6
       6
       1
       6
       2
       4
       2
       3
       6
       2
       2
       1
       2
       2
       1
       3
       1
       1
       1
       1
       2
       1
       2
       1
       3
       3
       1
       3
       0
       1
       3
       1
       2
       0
       3
       3
       3
       2
       5
       1
       2
       0
       1
       1
       0
       2
       2
       0
       6
       3
       8
       1
       0
       4
       0
       4
       8
       1
       1
       1
       2
       2
       1
       2
       1
       1
       3
       1
       2
       2
       4
       2
       0
       2
       2
       1
       2
       0
       2
       2
       1
       0
       4
       2
       0
       2
       1
       0
       3
       1
       2
       2
       3
       2
       3
       1
       1
       5
       1
       1
       0
       0
       1
       3
       2
       3
       2
       1
       3
       2
       4
       1
       1
       0
       3
       0
       2
       1
       1
       1
       0
       1
       2
       0
       2
       0
       2
       1
       3
       1
       1
       1
       5
       1
       2
       2
       0
       2
       0
       2
       0
       1
       0
       1
       0
       2
       3
       2
       0
       2
       3
       2
       4
       1
       2
       2
       2
       0
       3
       1
       1
       2
       1
       3
       3
       1
       3
       2
       1
       3
       3
       2
       1
       2
       1
       1
       2
       2
       1
       3
       2
       1
       0
       1
       1
       1
       2
       2
       2
       1
       1
       1
       1
       1
       2
       2
       1
       1
       0
       2
       2
       1
       2
       0
       1
       3
       0
       3
       1
       1
       2
       0
       1
       4
       4
       3
       0
       3
       1
       3
       1
       2
       1
       0
       1
       1
       1
       2
       2
       0
       1
       0
       3
       2
       1
       1
       2
       1
       2
       3
       4
       2
       1
       0
       3
       1
       0
       1
       2
       4
       2
       4
       0
       1
       2
       0
       5
       0
       1
       0
       2
       2
       1
       2
       3
       3
       1
       0
       2
       1
       0
       0
       0
       2
       2
       0
       0
       3
       2
       1
       1
       1
       1
       0
       0
       0
       1
       1
       1
       1
       1
       2
       0
       3
       0
       1
       1
       1
       1
       2
       1
       0
       3
       1
       2
       2
       0
       2
       5
       0
       0
       2
       2
       3
       1
       3
       4
       0
       3
       2
       2
       0
       1
       1
       2
       0
       1
       0
       0
       0
       1
       4
       0
       1
       0
       1
       0
       4
       1
       1
       2
       1
       0
       0
       3
       1
       2
       0
       0
       0
       0
       1
       0
       0
       3
       1
       0
       3
       2
       1
       2
       0
       0
       1
       1
       1
       0
       0
       0
       0
       0
       0
       1
       2
       2
       0
       3
       0
       1
       1
       0
       1
       0
       0
       1
       2
       3
       1
       1
       0
       1
       3
       2
       0
       1
       1
       1
       2
       0
       1
       1
       0
       1
       0
       0
       2
       1
       2
       1
       1
       1
       0
       0
       1
       0
       2
       1
       0
       3
       1
       1
       0
       0
       0
       0
       2
       2
       0
       1
       2
       0
       1
       0
       1
       1
       1
       1
       1
       1
       0
       0
       0
       0
       1
       1
       1
       1
       2
       0
       0
       2
       0
       2
       1
       1
       2
       1
       0
       0
       0
       1
       0
       1
       1
       1
       1
       1
       0
       2
       2
       1
       3
       2
       6
       6
       1
       3
       0
       1
       0
       0
       0
       0
       1
       1
       0
       0
       0
       0
       1
       2
       0
       5
       2
       1
       0
       0
       1
       2
       1
       0
       0
       0
       0
       4
       0
       0
       0
       0
       0
       0
       0
       0
       0
       0
       1
       1
       0
       2
       0
       0
       0
       0
       2
       0
       0
       1
       0
       1
       2
       0
       1
       2
       1
       1
       1
       0
       1
       0
       3
       2
       1
       0
       1
       0
       0
       2
       0
       2
       2
       0
       0
       1
       0
       1
       2
       1
       1
       1
       0
       1
       1
       0
       0
       3
       1
       0
       0
       0
       0
       0
       1
       1
       0
       2
       0
       1
       0
       0
       1
       0
       2
       1
       1
       1
       0
       0
       1
       1
       4
       0
       2
       0
       0
       2
       0
       0
       2
       0
       2
       4
       0
       0
       1
       1
       2
       0
       1
       0
       0
       1
       2
       0
       1
       1
       1
       2
       0
       0
       0
       0
       1
       0
       1
       1
       0
       1
       0
       1
       0
       0
       0
       0
       0
       1
       1
       1
       1
       1
       0
       0
       1
       1
       2
       1
       0
       0
       0
       0
       1
       1
       0
       0
       0
       1
       1
       2
       0
       0
       0
       0
       0
       0
       1
       0
       0
       1
       0
       0
       0
       1
       1
       2
       0
       0
       2
       1
       0
       1
       1
       0
       1
       0
       1
       0
       3
       1
       0
       0
       2
       0
       0
       0
       2
       0
       0
       1
       0
       1
       0
       0
       0
       0
       0
       1
       1
       0
       0
       0
       1
       1
       1
       0
       1
       0
       0
       0
       1
       1
       2
       0
       1
       0
       0
       0
       0
       1
       0
       1
       3
       0
       0
       1
       0
       1
       1
       0
       2
       1
       0
       1
       0
       1
       1
       1
       0
       0
       1
       1
       0
       1
       1
       3
       0
       0
       0
       1
       0
       1
       0
       0
       0
       1
       1
       1
       0
       0
       0
       0
       2
       1
       0
       1
       0
       1
       1
       1
       6
       5
       1
       0
       1
       1
       1
       2
       3
       1
       2
       0
       1
       0
       0
       0
       0
       0
       0
       0
       1
       1
       1
       1
       0
       0
       1
       1
       0
       0
       0
       2
       0
       0
       2
       0
       2
       0
       3
       0
       2
       0
       0
       0
       2
       0
       2
       0
       0
       0
       0
       0
       0
       1
       0
       2
       0
       1
       0
       1
       0
       1
       0
       0
       0
       1
       0
       0
       0
       0
       0
       1
       1
       1
       0
       2
       0
       0
       0
       1
       0
       0
       1
       1
       2
       1
       2
       0
       0
       1
       1
       1
       0
       0
       1
       0
       0
       0
       0
       1
       2
       0
       0
       0
       0
       2
       0
       1
       0
       1
       2
       1
       0
       0
       0
       0
       0
       0
       0
       0
       0
       1
       0
       0
       1
       0
       3
       0
       0
       0
       0
       0
       0
       0
       1
       0
       0
       0
       0
       0
       1
       0
       1
       0
       0
       0
       1
       1
       0
       0
       0
       1
       0
       0
       0
       0
       1
       1
       0
       0
       0
       0
       1
       0
       1
       1
       0
       0
       0
       0
       0
       0
       0
       0
       2
       0
       0
       0
       0
       0
       0
       1
       0
       0
       0
       0
       1
       0
       0
       0
       0
       1
       1
       2
       0
       0
       1
       0
       0
       0
       0
       0
       1
       0
       0
       0
       0
       0
       0
       1
       1
       0
       1
       0
       1
       0
       0
       0
       1
       0
       1
       0
       0
       0
       0
       0
       0
       0
       1
       1
       0
       1
       0
       0
       0
       1
       0
       1
       0
       0
       0
       0
       1
       1
       0
       0
       0
       0
       2
       0
       2
       0
       0
       0
       0
       0
       0
       0
       0
       0
       0
       0
       1
       0
       0
       1
       0
       1
       1
       0
       0
       0
       0
       1
       0
       0
       0
       0
       0
       1
       0
       0
       1
       1
       0
       0
       1
       0
       1
       0
       1
       0
       0
       0
       0
       0
       0
       0
       1
       1
       3
       0
       1
       0
       0
       0
       0
       0
       0
       0
       1
       0
       0
       0
       1
       1
       1
       1
       0
       1
       0
       0
       0
       0
       0
       0
       0
       1
       1
       1
       1
       2
       2
       0
       0
       1
       0
       0
       0
       1
       0
       0
       0
       0
       0
       0
       0
       1
       0
       1
       0
       0
       0
       0
       2
       1
       0
       0
       0
       0
       1
       1
       1
       0
       0
       0
       0
       0
       0
       0
       0
       3
       0
       0
       0
       0
       0
       0
       0
       0
       0
       0
       0
       0
       1
       0
       0
       0
       0
       0
       0
       0
       0
       1
       0
       0
       0
       0
       0
       0
       0
       0
       2
       0
       0
       0
       1
       1
       1
       0
       0
       0
       2
       0
       0
       1
       2
       0
       1
       0
       0
       1
       0
       0
       1
       0
       1
       1
       0
       0
       0
       1
       1
       0
       1
       0
       1
       0
       0
       0
       1
       0
       0
       1
       0
       0
       1
       0
       0
       3
       2
       0
       1
       0
       1
       0
       0
       0
       1
       0
       1
       0
       0
       1
       0
       0
       0
       0
       0
       0
       0
       2
       0
       0
       0
       0
       0
       0
       1
       0
       0
       0
       0
       0
       0
       0
       0
       0
       1
       0
       0
       0
       0
       2
       0
       0
       0
       1
       0
       0
       1
       0
       0
       0
       0
       0
       1
       0
       0
       1
       0
       0
       0
       0
       0
       1
       0
       0
       1
       1
       0
       0
       0
       1
       1
       0
       0
       0
       0
       0
       1
       0
       1
       1
       0
       0
       0
       0
       0
       1
       0
       0
       1
       0
       2
       1
       1
       0
       0
       0
       0
       0
       0
       0
       0
       0
       0
       0
       2
       0
       0
       0
       0
       0
       0
       0
       2
       0
       1
       0
       0
       0
       2
       0
       0
       0
       0
       0
       0
       0
       0
       0
       0
       0
       0
       2
       0
       0
       0
       0
       0
       0
       1
       0
       1
       0
       0
       0
       0
       0
       0
       0
       0
       0
       0
       0
       0
       0
       0
       0
       1
       0
       0
       0
       0
       0
       0
       1
       0
       0
       0
       0
       0
       0
       0
       0
       0
       0
       0
       0
       0
       2
       1
       0
       1
       1
       0
       0
       0
       0
       0
       1
       2
       1
       1
       0
       0
       0
       0
       0
       0
       0
       1
       0
       0
       1
       0
       1
       0
       1
       0
       0
       0
       0
       1
       0
       0
       0
       1
       0
       1
       0
       0
       1
       0
       0
       1
       1
       0
       1
       1
       0
       1
       0
       0
       0
       0
       0
       0
       2
       0
       0
       0
       0
       0
       0
       0
       1
       0
       0
       0
       0
       0
       0
       0
       0
       0
       2
       0
       0
       0
       0
       0
       0
       0
       0
       0
       0
       0
       2
       0
       0
       0
       0
       1
       1
       0
       0
       0
       0
       0
       1
       0
       0
       0
       0
       0
       0
       0
       0
       0
       0
       0
       0
       0
       0
       0
       0
       0
       0
       0
       1
       3
       0
       0
       0
       0
       0
       0
       0
       0
       0
       0
       0
       0
       0
       0
       0
       0
       0
       0
       0
       0
       0
       0
       0
       0
       1
       0
       0
       0
       0
       2
       0
       0
       0
       1
       0
       0
       0
       0
       0
       0
       0
       0
       0
       0
       1
       2
       1
       0
       0
       1
       2
       0
       0
       0
       0
       0
       0
       0
       0
       0
       1
       0
       0
       0
       0
       0
       0
       0
       0
       0
       1
       0
       0
       0
       1
       1
       1
       0
       0
       0
       0
       1
       0
       0
       1
       0
       1
       0
       0
       0
       0
       0
       0
       1
       0
       1
       0
       0
       0
       1
       2
       2
       3
       2
       1
       0
       0
       1
       1
       0
       0
       0
       0
       0
       0
       0
       1
       0
       1
       0
       1
       0
       0
       0
       0
       0
       0
       0
       0
       0
       0
       0
       1
       0
       0
       0
       1
       0
       0
       0
       0
       0
       0
       0
       0
       1
       0
       0
       0
       0
       0
       0
       0
       0
       0
       0
       0
       1
       0
       0
       0
       0
       0
       0
       0
       0
       0
       0
       0
       0
       0
       0
       0
       0
       1
       0
       1
       0
       0
       0
       0
       0
       0
       0
       1
       0
       0
       0
       0
       0
       0
       0
       0
       0
       0
       0
       0
       1
       0
       0
       0
       0
       0
       0
       0
       0
       0
       0
       0
       0
       0
       0
       1
       0
       0
       0
       1
       0
       0
       0
       1
       1
       0
       0
       0
       1
       0
       0
       0
       0
       0
       0
       0
       0
       0
       0
       0
       0
       0
       0
       1
       0
       0
       0
       0
       0
       1
       0
       0
       1
       0
       0
       1
       0
       0
       0
       0
       0
       0
       0
       0
       0
       0
       1
       0
       1
       0
       0
       0
       2
       0
       0
       0
       0
       0
       0
       0
       0
       0
       0
       0
       0
       0
       0
       0
       0
       0
       0
       0
       0
       0
       1
       0
       0
       1
       0
       0
       0
       1
       0
       1
       0
       0
       0
       0
       0
       0
       0
       0
       0
       1
       0
       0
       0
       0
       0
       0
       0
       0
       0
       0
       1
       0
       1
       0
       0
       0
       1
       0
       0
       0
       0
       0
       0
       0
       0
       1
       0
       1
       0
       0
       0
       0
       1
       2
       0
       0
       1
       0
       0
       0
       0
       0
       0
       0
       0
       0
       0
       0
       0
       0
       2
       0
       0
       0
       1
       0
       0
       0
       0
       0
       0
       0
       0
       0
       0
       0
       0
       0
       0
       0
       0
       0
       0
       0
       0
       0
       0
       0
       0
       1
       0
       0
       0
       0
       0
       1
       0
       0
       0
       0
       0
       1
       0
       1
       0
       0
       0
       0
       1
       0
       0
       0
       0
       0
       0
       0
       0
       0
       0
       0
       0
       0
       0
       0
       0
       0
       0
       0
       0
       1
       1
       0
       0
       0
       0
       0
       0
       0
       0
       0
       0
       0
       0
       0
       0
       0
       0
       0
       0
       0
       0
       0
       2
       0
       0
       1
       0
       0
       0
       0
       0
       1
       0
       0
       0
       0
       0
       0
       0
       0
       0
       0
       0
       0
       0
       0
       0
       0
       0
       1
       0
       1
       0
       0
       0
       0
       1
       0
       0
       0
       0
       1
       0
       1
       0
       0
       0
       0
       0
       0
       0
       0
       0
       0
       0
       0
       0
       0
       0
       0
       0
       0
       1
       0
       0
       1
       0
       0
       0
       0
       0
       0
       0
       0
       0
       0
       0
       0
       0
       1
       0
       0
       0
       1
       1
       0
       0
       0
       0
       0
       0
       0
       0
       0
       0
       0
       0
       0
       0
       0
       0
       0
       0
       0
       0
       0
       0
       0
       0
       0
       0
       0
       0
       0
       0
       0
       0
       0
       0
       0
       0
       0
       0
       0
       0
       0
       0
       0
       0
       1
       1
       0
       0
       1
       3
       0
       0
       0
       0
       0
       0
       0
       0
       0
       0
       0
       0
       0
       0
       0
       0
       0
       0
       0
       0
       0
       0
       0
       0
       0
       0
       0
       1
       0
       0
       0
       0
       0
       0
       0
       0
       0
       0
       0
       0
       0
       0
       0
       0
       0
       0
       0
       0
       0
       0
       0
       0
       0
       1
       1
       0
       0
       0
       0
       0
       0
       0
       0
       1
       0
       0
       0
       0
       0
       0
       0
       0
       0
       0
       0
       0
       0
       0
       1
       0
       0
       1
       0
       0
       0
       0
       0
       0
       0
       0
       1
       0
       0
       0
       0
       0
       1
       1
       0
       0
       0
       0
       0
       0
       0
       0
       1
       1
       0
       0
       0
       0
       0
       0
       0
       0
       0
       0
       0
       1
       0
       0
       0
       0
       0
       0
       0
       0
       1
       0
       0
       0
       0
       1
       0
       0
       0
       0
       0
       0
       0
       0
       1
       0
       0
       0
       0
       0
       0
       0
       0
       0
       0
       1
       0
       0
       0
       0
       0
       0
       0
       0
       0
       0
       0
       0
       0
       2
       0
       0
       0
       0
       0
       0
       0
       0
       0
       0
       0
       0
       0
       0
       0
       0
       0
       0
       0
       0
       0
       0
       0
       0
       0
       0
       0
       0
       0
       0
       0
       0
       0
       0
       0
       1
       0
       0
       0
       0
       1
       0
       0
       0
       0
       1
       0
       0
       0
       0
       0
       0
       1
       0
       0
       0
       0
       1
       0
       0
       0
       0
       2
       1
       0
       0
       1
       0
       0
       0
       0
       0
       0
       0
       0
       0
       1
       0
       1
       0
       0
       0
       0
       0
       0
       0
       0
       0
       0
       0
       1
       0
       1
       0
       0
       1
       0
       0
       0
       0
       0
       0
       0
       0
       1
       0
       0
       0
       0
       1
       0
       0
       0
       0
       0
       0
       0
       0
       0
       0
       0
       0
       0
       1
       0
       0
       0
       0
       0
       0
       0
       0
       0
       0
       0
       0
       0
       1
       0
       0
       0
       0
       0
       0
       0
       0
       0
       0
       0
       0
       0
       0
       0
       0
       0
       0
       0
       0
       0
       0
       0
       1
       0
       0
       0
       0
       0
       0
       0
       0
       0
       0
       0
       0
       0
       0
       0
       0
       0
       0
       0
       0
       0
       0
       0
       0
       0
       0
       1
       0
       1
       0
       0
       0
       0
       0
       0
       1
       0
       0
       0
       0
       0
       0
       0
       0
       0
       0
       1
       0
       0
       0
       1
       0
       0
       0
       0
       0
       0
       0
       0
       0
       0
       0
       0
       0
       0
       0
       0
       0
       0
       0
       0
       0
       0
       1
       0
       0
       0
       0
       0
       0
       1
       0
       0
       0
       0
       0
       0
       0
       0
       0
       0
       0
       0
       1
       0
       0
       0
       0
       0
       0
       0
       0
       1
       0
       0
       0
       0
       1
       0
       1
       0
       1
       0
       0
       0
       0
       0
       0
       0
       0
       0
       0
       0
       0
       0
       1
       0
       0
       0
       0
       0
       0
       0
       0
       0
       0
       0
       0
       1
       0
       0
       0
       1
       0
       0
       0
       0
       0
       1
       0
       0
       0
       0
       0
       0
       0
       0
       0
       0
       0
       0
       0
       0
       0
       0
       0
       0
       0
       0
       0
       0
       0
       0
       0
       0
       1
       0
       0
       0
       0
       0
       0
       0
       0
       0
       1
       0
       0
       1
       0
       0
       0
       0
       0
       0
       0
       0
       0
       1
       0
       0
       1
       0
       0
       0
       0
       0
       0
       0
       0
       0
       0
       0
       0
       0
       0
       0
       0
       0
       0
       0
       0
       0
       0
       0
       0
       0
       0
       0
       0
       0
       0
       0
       0
       0
       1
       0
       0
       0
       0
       0
       1
       0
       0
       0
       0
       0
       0
       0
       0
       0
       0
       0
       0
       0
       0
       0
       0
       0
       0
       0
       0
       0
       0
       0
       0
       0
       0
       1
       0
       0
       0
       0
       0
       0
       1
       0
       0
       0
       0
       0
       0
       0
       0
       0
       1
       0
       1
       0
       0
       1
       0
       0
       0
       0
       0
       0
       0
       0
       0
       0
       0
       0
       0
       0
       0
       0
       0
       0
       0
       0
       2
       0
       0
       0
       2
       0
       0
       0
       0
       0
       0
       0
       0
       0
       0
       0
       0
       1
       0
       0
       0
       0
       0
       0
       1
       0
       0
       0
       0
       0
       1
       0
       0
       1
       0
       1
       0
       0
       0
       0
       0
       0
       0
       0
       0
       0
       0
       0
       0
       0
       0
       0
       0
       0
       0
       0
       0
       0
       0
       0
       0
       0
       1
       0
       0
       0
       0
       0
       0
       0
       0
       0
       0
       0
       1
       0
       0
       1
       0
       0
       0
       0
       0
       0
       0
       0
       0
       0
       0
       0
       0
       0
       0
       0
       0
       0
       0
       0
       0
       0
       0
       0
       0
       0
       0
       0
       0
       0
       0
       1
       0
       0
       1
       0
       0
       0
       1
       0
       0
       0
       0
       0
       0
       0
       0
       0
       0
       0
       1
       0
       0
       0
       0
       0
       0
       0
       0
       0
       1
       0
       0
       0
       0
       0
       0
       0
       0
       2
       0
       1
       0
       0
       0
       0
       0
       0
       0
       0
       0
       0
       0
       0
       0
       0
       1
       0
       0
       0
       0
       1
       0
       0
       0
       0
       0
       0
       0
       0
       0
       0
       0
       0
       0
       0
       0
       0
       0
       1
       0
       0
       0
       0
       0
       0
       0
       0
       0
       0
       0
       0
       0
       0
       0
       0
       0
       0
       0
       0
       0
       0
       0
       0
       0
       0
       0
       0
       0
       0
       0
       0
       0
       0
       0
       0
       0
       0
       0
       0
       0
       0
       0
       0
       0
       0
       0
       0
       0
       0
       0
       0
       0
       0
       0
       0
       0
       0
       0
       0
       0
       0
       0
       0
       0
       0
       0
       0
       0
       0
       0
       0
       0
       0
       0
       0
       0
       0
       0
       0
       0
       0
       0
       0
       0
       0
       0
       0
       0
       0
       0
       0
       0
       0
       0
       0
       0
       0
       0
       0
       0
       0
       0
       0
       0
       0
       0
       0
       0
       0
       0
       0
       0
       0
       0
       0
       0
       0
       0
       0
       0
       0
       0
       0
       0
       0
       0
       0
       0
       0
       0
       0
       0
       0
       0
       0
       0
       0
       0
       0
       0
       0
       0
       0
       0
       0
       0
       0
       0
       0
       0
       0
       0
       0
       0
       0
       0
       0
$ROI:
0
$PRESETS:
None
0
0
$ENER_FIT:
0.000000 0.000000
$MCA_CAL:
3
0.000000E+000 0.000000E+000 0.000000E+000 
$SHAPE_CAL:
3
0.000000E+000 0.000000E+000 0.000000E+000
