$SPEC_ID:
No sample description was entered.
$SPEC_REM:
DET# 1
DETDESC# SCE-SOPA-00035 MCB 133
AP# Maestro Version 7.01
$DATE_MEA:
10/04/2019 14:17:05
$MEAS_TIM:
6516 6553
$DATA:
0 4095
       0
       0
       0
       0
       0
       1
       0
       0
       0
       0
       0
       1
       1
       0
       0
       0
       0
       2
       0
       1
       0
       1
       0
       0
       1
       0
       0
       0
       1
       0
       0
       1
       2
      15
      83
     137
     306
     353
    1229
    9714
    8063
    7934
    7731
    7705
    7564
    7541
    7664
    7515
    7706
    7357
    7609
    7610
    7292
    7499
    7402
    7323
    7414
    7329
    7533
    7481
    7347
    7485
    7245
    7216
    7524
    7273
    7296
    7299
    7291
    7257
    7323
    7273
    7398
    7313
    7346
    7288
    7257
    7192
    7175
    7066
    7400
    7204
    7262
    7236
    7012
    7213
    7106
    7072
    7175
    7090
    7271
    7044
    6940
    7319
    7032
    7150
    6967
    7007
    7088
    7140
    7065
    7041
    7237
    7136
    7257
    7078
    7056
    7190
    7310
    7394
    7587
    7480
    7448
    7670
    7593
    7687
    7621
    7817
    7490
    7713
    7689
    7684
    7748
    7715
    7647
    7685
    7689
    7601
    7822
    7721
    7570
    7714
    7701
    7585
    7890
    7793
    7689
    7942
    7750
    7611
    7845
    7835
    7749
    7814
    7884
    7828
    7731
    7754
    7934
    7849
    7955
    7938
    7988
    7862
    8057
    8114
    7947
    8119
    8033
    8207
    8209
    8153
    8130
    8247
    8228
    8251
    8545
    8496
    8321
    8497
    8585
    8732
    8640
    9002
    9020
    9054
    8997
    9279
    9316
    9750
    9992
   10258
   10870
   11487
   11982
   12927
   13645
   13895
   14030
   13864
   13628
   13502
   13180
   12806
   12386
   12170
   12035
   11969
   11559
   11073
   11261
   10715
   10587
   10737
   10559
    9991
   10064
    9980
    9753
    9549
    9383
    9170
    9318
    9112
    8961
    8850
    8978
    8544
    8699
    8427
    8550
    8320
    8325
    8201
    8112
    8134
    7902
    7756
    7721
    7711
    7654
    7616
    7499
    7476
    7440
    7353
    7450
    7504
    7474
    7433
    7194
    7203
    7244
    7214
    7058
    7239
    6947
    6787
    6869
    6765
    6825
    6990
    6873
    6874
    6833
    6729
    6608
    6752
    6622
    6758
    6439
    6637
    6643
    6665
    6530
    6684
    6519
    6530
    6531
    6590
    6478
    6311
    6341
    6558
    6378
    6575
    6482
    6557
    6455
    6447
    6427
    6322
    6467
    6511
    6266
    6470
    6481
    6360
    6241
    6380
    6254
    6299
    6398
    6307
    6336
    6241
    6420
    6345
    6341
    6377
    6295
    6276
    6135
    6312
    6188
    6309
    6245
    6303
    6364
    6331
    6392
    6139
    6236
    6327
    6273
    6304
    6239
    6424
    6293
    6300
    6265
    6396
    6283
    6426
    6348
    6332
    6176
    6366
    6339
    6279
    6326
    6357
    6293
    6214
    6570
    6462
    6487
    6368
    6296
    6407
    6347
    6371
    6464
    6467
    6477
    6464
    6510
    6516
    6526
    6536
    6401
    6567
    6587
    6631
    6573
    6656
    6650
    6758
    6681
    6594
    6603
    6666
    6718
    6850
    6774
    6729
    6737
    6783
    6747
    6844
    6801
    6691
    6862
    6982
    6936
    6863
    6806
    6760
    7014
    7163
    7033
    7023
    7115
    7007
    7095
    7082
    7178
    7266
    7295
    7224
    7364
    7413
    7207
    7366
    7386
    7419
    7580
    7484
    7450
    7516
    7523
    7520
    7668
    7676
    7731
    7768
    7727
    7736
    7886
    8087
    7894
    7856
    7963
    7972
    7991
    8054
    8016
    8182
    8279
    8256
    8410
    8396
    8457
    8397
    8667
    8557
    8762
    8621
    8754
    8813
    8764
    8869
    8985
    8919
    9176
    9166
    9128
    9231
    9552
    9508
    9366
    9314
    9626
    9747
    9797
    9595
    9904
    9890
   10025
   10051
   10144
   10119
   10184
   10615
   10503
   10339
   10345
   10620
   10831
   10871
   10985
   10655
   11005
   11025
   11118
   11181
   10992
   11001
   11327
   11096
   11121
   11097
   10920
   10754
   10475
   10417
   10002
    9452
    9008
    8336
    7804
    7350
    7000
    6846
    6383
    6427
    6262
    6013
    6055
    5789
    5589
    5735
    5498
    5496
    5407
    5321
    5316
    5075
    5138
    4963
    4920
    4907
    4819
    4996
    4711
    4678
    4539
    4579
    4641
    4491
    4388
    4425
    4229
    4329
    4129
    4108
    4094
    3937
    3914
    3870
    3775
    3737
    3799
    3678
    3654
    3656
    3525
    3375
    3299
    3290
    3316
    3202
    3141
    3113
    3183
    2981
    2969
    2952
    2891
    2772
    2669
    2623
    2591
    2542
    2431
    2490
    2228
    2293
    2283
    2187
    2212
    2075
    2062
    2017
    1928
    1885
    1885
    1873
    1839
    1824
    1627
    1688
    1627
    1628
    1626
    1560
    1590
    1463
    1394
    1421
    1476
    1461
    1460
    1365
    1298
    1333
    1357
    1309
    1388
    1304
    1314
    1301
    1240
    1287
    1263
    1266
    1238
    1263
    1230
    1219
    1169
    1187
    1227
    1174
    1203
    1145
    1195
    1191
    1177
    1121
    1129
    1150
    1157
    1148
    1181
    1035
    1113
    1123
    1170
    1060
    1154
    1151
    1024
    1140
    1115
    1113
    1116
    1134
    1100
    1087
    1076
    1082
    1132
    1101
    1058
    1033
    1077
    1068
    1076
    1215
    1318
    1389
    1414
    1381
    1299
    1359
    1452
    1453
    1487
    1616
    1695
    1865
    1932
    2110
    2158
    2289
    2444
    2579
    2734
    2974
    3319
    3499
    4109
    4430
    4886
    5522
    6342
    7537
    9447
   15289
   41287
  128362
  271018
  320876
  202749
   66228
   11425
    1583
     582
     463
     372
     318
     233
     206
     154
     139
     113
     102
      74
      75
      82
      50
      50
      38
      47
      30
      38
      44
      36
      39
      34
      34
      51
      32
      36
      35
      33
      40
      30
      19
      25
      19
      24
      31
      15
      30
      27
      24
      21
      16
      18
      26
      17
      25
      23
      17
      23
      15
      27
      16
      17
      20
      16
      23
      32
      25
      24
      17
      28
      31
      19
      27
      28
      12
      17
      15
      17
      23
      27
      27
      18
      22
      20
      26
      23
      24
      17
      14
      15
      20
      11
      18
      13
      23
      19
      20
      20
      28
      15
      10
      21
      18
      18
      21
      16
      19
      15
      25
      16
      25
      18
      21
      15
      30
      18
      14
      12
      16
      16
      17
      12
      20
      12
      20
      13
      11
      12
      22
      17
      14
      19
      15
      18
      15
      11
      20
       9
      13
      14
       9
      14
      14
      18
      15
      15
      14
      14
       6
      15
      19
       7
      23
      19
      13
      11
      12
      16
      11
      20
      14
      16
      16
      13
      21
      16
      13
      17
       8
      14
       7
      10
      19
      20
      12
      15
      17
      11
      12
      15
      18
      12
      10
      21
      12
      13
      16
      13
      19
      16
      18
      18
      15
      16
      12
       9
      17
      16
      10
      12
      12
      15
      13
      14
      12
      12
      11
       9
       9
      14
       7
      12
      14
      12
      15
      20
      17
       8
      11
      13
      13
      12
      15
      15
      12
       8
      17
       8
      10
      11
       8
      14
      13
      11
      21
       9
      10
      11
      17
       7
      12
      10
      14
      12
      11
      11
       7
      12
      10
      16
      12
      11
      13
       9
      11
      11
      10
      10
      10
       4
      10
      13
      13
      10
       6
      13
       8
      14
      11
       9
      12
      11
      10
      11
      11
      10
      11
      12
       7
      10
      14
       6
       9
       7
      10
      10
       6
       5
      14
      10
       8
      10
      10
       9
       8
       7
      10
       8
       8
       7
      16
      14
      17
       8
      10
      12
       7
      13
       6
       9
      15
       9
       6
      10
      10
      13
      10
       9
       8
      12
       4
      13
       3
       7
      11
       8
      10
      10
      10
       9
       9
      15
      11
       4
       5
      11
       9
      12
       6
      10
       8
       9
       6
       6
       7
       7
       7
       5
      10
       7
      11
      11
      11
       5
       8
       8
      10
       9
      15
      11
       7
       7
       9
      10
       5
       7
       9
       6
       3
       6
      12
       7
      12
      13
       4
       7
      10
       6
       6
      11
      12
       7
       7
       6
       9
       8
       5
       9
       5
       9
       9
       7
       5
      10
      10
       8
      13
       4
       5
       5
      10
       5
       7
       4
       6
       5
       5
       9
       4
       8
      11
       6
       4
       6
      11
      11
       9
      10
      12
       7
       7
       7
       5
       4
       3
       9
       8
       2
       4
      11
       8
       5
      11
       6
      10
       6
       7
      12
      10
       3
       4
       8
       5
       4
       6
       9
       8
       9
       4
       3
       8
       4
       9
       7
       8
       7
       3
       9
      11
       5
       4
       6
       6
       5
       6
       7
       7
       7
       7
       5
       6
       7
       8
       7
       6
       5
       9
       6
       6
       2
       4
       5
       5
       5
       3
       6
       5
       4
       2
       6
       3
       4
       5
       5
       4
       7
       4
       2
       4
       3
       5
       5
       5
       7
       0
       3
       4
       5
       4
       9
       4
       2
       6
       4
       4
       4
       3
       4
       4
       4
       2
       4
       4
       3
       4
       2
       4
       4
       5
       0
       3
       6
       3
       5
       2
       4
       4
       4
       7
       2
       7
       9
       4
       2
       2
       4
       6
       5
       7
       5
       5
       2
       2
       3
       4
       4
       2
       1
       2
       3
       4
       4
       3
       0
       5
       3
       8
       2
       3
       2
       3
       1
       5
       0
       5
       1
       1
       3
       3
       1
       5
       5
       2
       2
       8
       3
       5
       5
       3
       1
       4
       6
       4
       1
       3
       3
       6
       6
       4
       4
       1
       4
       4
       5
       5
       2
       2
       0
       2
       0
       2
       2
       4
       2
       0
       5
       4
       3
       2
       4
       4
       4
       3
       1
       3
       6
       2
       3
       4
       3
       3
       2
       5
       2
      10
       5
       3
       2
       1
       4
       1
       7
       6
       4
       3
       2
       4
       3
       2
       3
       2
       5
       1
       7
       6
       8
       2
       4
       5
       5
      11
       3
       6
       9
       7
       7
      10
      10
       4
       1
       1
       2
       2
       4
       0
       1
       2
       1
       1
       3
       0
       0
       1
       1
       2
       3
       3
       4
       3
       0
       1
       2
       1
       2
       1
       1
       4
       2
       2
       1
       0
       0
       1
       5
       0
       2
       0
       1
       0
       1
       2
       0
       0
       2
       3
       4
       0
       2
       1
       0
       2
       0
       3
       0
       1
       0
       2
       1
       2
       0
       2
       1
       3
       0
       1
       3
       6
       2
       4
       0
       0
       4
       2
       3
       2
       2
       3
       0
       3
       2
       3
       0
       0
       0
       3
       2
       0
       3
       1
       1
       1
       0
       0
       3
       1
       0
       1
       1
       1
       1
       2
       5
       2
       3
       2
       2
       1
       4
       4
       2
       2
       0
       2
       1
       1
       2
       5
       6
       3
       2
       3
       2
       2
       1
       3
       2
       3
       3
       0
       1
       3
       2
       0
       8
      10
       3
       4
       2
       2
       1
       1
       2
       1
       1
       1
       0
       0
       1
       2
       0
       3
       0
       2
       1
       2
       2
       0
       1
       0
       1
       1
       1
       0
       3
       1
       2
       1
       0
       1
       2
       2
       0
       1
       1
       2
       0
       2
       3
       1
       0
       1
       1
       1
       0
       0
       2
       0
       0
       2
       0
       1
       0
       2
       2
       0
       0
       0
       2
       2
       1
       0
       0
       1
       1
       1
       1
       1
       2
       1
       1
       0
       0
       1
       1
       1
       0
       3
       2
       0
       1
       2
       3
       3
       2
       0
       4
       1
       1
       3
       3
       2
       1
       1
       2
       2
       1
       1
       2
       0
       2
       1
       1
       0
       0
       4
       0
       3
       0
       3
       4
       2
       2
       2
       2
       0
       0
       1
       0
       1
       2
       0
       1
       1
       0
       4
       0
       2
       1
       1
       1
       3
       1
       2
       0
       2
       2
       1
       0
       3
       3
       1
       0
       1
       2
       0
       1
       1
       1
       3
       0
       1
       1
       1
       0
       0
       2
       1
       1
       2
       0
       1
       0
       2
       2
       1
       0
       3
       0
       2
       0
       2
       0
       1
       1
       0
       1
       0
       2
       2
       0
       0
       0
       0
       1
       0
       0
       0
       0
       0
       1
       1
       0
       0
       0
       0
       0
       0
       1
       1
       3
       0
       3
       0
       1
       0
       2
       2
       2
       2
       0
       2
       0
       2
       2
       0
       1
       1
       1
       1
       2
       0
       0
       0
       1
       0
       0
       0
       4
       3
       0
       1
       1
       0
       1
       1
       2
       3
       2
       1
       0
       0
       0
       0
       1
       1
       1
       2
       0
       0
       2
       2
       3
       0
       2
       1
       3
       2
       2
       0
       2
       0
       2
       1
       1
       1
       0
       0
       0
       1
       2
       0
       0
       1
       1
       0
       1
       0
       0
       0
       2
       1
       0
       0
       1
       2
       1
       1
       1
       0
       0
       2
       0
       0
       0
       0
       2
       5
       1
       1
       2
       2
       2
       1
       1
       1
       1
       1
       1
       1
       0
       0
       1
       0
       0
       0
       1
       0
       0
       0
       2
       1
       1
       1
       1
       3
       0
       0
       2
       0
       1
       1
       0
       0
       0
       0
       2
       1
       1
       0
       0
       1
       0
       0
       1
       1
       0
       1
       1
       0
       0
       0
       0
       1
       2
       0
       1
       0
       2
       0
       2
       0
       0
       2
       0
       0
       0
       0
       0
       0
       0
       2
       1
       0
       1
       0
       0
       3
       0
       1
       0
       0
       1
       1
       2
       1
       0
       0
       1
       0
       1
       0
       2
       1
       0
       4
       0
       1
       1
       0
       0
       2
       1
       0
       1
       0
       0
       0
       0
       0
       0
       1
       6
       1
       0
       1
       0
       1
       0
       0
       0
       0
       1
       0
       2
       0
       1
       2
       0
       0
       0
       1
       1
       0
       0
       0
       0
       0
       0
       2
       3
       2
       0
       0
       4
       0
       0
       1
       1
       0
       0
       1
       0
       0
       0
       2
       1
       1
       0
       0
       0
       0
       0
       2
       1
       1
       0
       0
       1
       0
       1
       1
       1
       1
       0
       0
       1
       0
       0
       0
       0
       1
       1
       0
       1
       0
       0
       1
       1
       1
       0
       0
       0
       0
       1
       1
       0
       0
       0
       0
       1
       1
       0
       1
       1
       1
       1
       1
       1
       0
       0
       1
       3
       0
       0
       0
       0
       0
       2
       1
       1
       1
       0
       1
       0
       0
       1
       0
       0
       1
       0
       1
       0
       1
       1
       1
       0
       0
       0
       0
       1
       0
       1
       0
       1
       1
       1
       1
       0
       1
       0
       1
       1
       0
       0
       0
       1
       2
       0
       2
       0
       0
       0
       0
       1
       0
       2
       1
       0
       0
       1
       1
       1
       1
       0
       0
       2
       0
       1
       0
       0
       0
       0
       0
       0
       1
       0
       0
       1
       0
       1
       0
       1
       0
       0
       1
       0
       0
       0
       0
       0
       0
       0
       0
       1
       1
       1
       0
       1
       0
       0
       0
       1
       1
       1
       0
       1
       0
       1
       1
       0
       1
       0
       1
       1
       1
       1
       1
       1
       1
       0
       0
       2
       0
       1
       0
       1
       0
       1
       0
       0
       3
       1
       0
       0
       0
       0
       0
       2
       2
       1
       0
       2
       3
       0
       0
       1
       0
       1
       0
       0
       2
       0
       0
       0
       1
       1
       1
       1
       0
       0
       0
       0
       0
       0
       1
       0
       0
       0
       0
       1
       1
       1
       0
       1
       0
       0
       0
       0
       1
       3
       0
       3
       0
       0
       1
       1
       1
       0
       2
       1
       0
       1
       0
       1
       0
       0
       0
       0
       0
       0
       1
       1
       0
       0
       0
       2
       0
       0
       2
       0
       0
       1
       0
       2
       1
       0
       0
       0
       1
       0
       1
       1
       0
       1
       3
       0
       2
       0
       1
       2
       0
       0
       2
       1
       0
       1
       0
       0
       1
       1
       1
       1
       0
       1
       0
       0
       1
       0
       0
       0
       2
       0
       0
       1
       1
       0
       1
       1
       0
       1
       0
       2
       0
       0
       0
       1
       1
       1
       2
       0
       0
       1
       0
       0
       0
       0
       1
       0
       0
       0
       0
       1
       0
       0
       1
       1
       1
       1
       1
       0
       0
       0
       0
       0
       0
       0
       0
       0
       0
       1
       1
       0
       0
       0
       0
       1
       0
       0
       0
       0
       0
       0
       1
       0
       0
       0
       0
       1
       0
       2
       2
       2
       0
       1
       1
       0
       0
       0
       0
       0
       1
       0
       2
       0
       1
       0
       1
       0
       0
       0
       1
       0
       0
       1
       0
       0
       2
       1
       0
       0
       1
       1
       0
       1
       0
       0
       0
       0
       1
       0
       1
       0
       2
       1
       1
       0
       1
       0
       0
       1
       0
       0
       0
       1
       0
       0
       0
       2
       2
       1
       2
       0
       0
       0
       2
       1
       0
       1
       0
       0
       1
       2
       1
       0
       0
       1
       2
       1
       0
       1
       0
       0
       0
       1
       0
       0
       0
       0
       0
       3
       0
       0
       0
       0
       1
       0
       0
       0
       1
       1
       0
       2
       0
       0
       1
       0
       0
       2
       1
       0
       0
       0
       0
       1
       0
       0
       1
       0
       0
       0
       0
       0
       0
       0
       0
       0
       0
       0
       1
       0
       0
       0
       0
       1
       0
       1
       0
       0
       1
       0
       0
       0
       0
       0
       2
       0
       0
       1
       0
       2
       1
       1
       1
       0
       2
       1
       0
       1
       0
       1
       0
       1
       0
       1
       0
       0
       0
       0
       0
       0
       0
       0
       1
       0
       0
       0
       2
       0
       0
       0
       0
       0
       0
       0
       1
       1
       1
       1
       0
       0
       1
       0
       0
       0
       0
       0
       0
       0
       0
       1
       1
       0
       1
       0
       1
       1
       0
       0
       0
       0
       1
       0
       0
       1
       1
       0
       0
       0
       0
       1
       0
       0
       0
       1
       0
       1
       0
       0
       0
       0
       1
       0
       0
       0
       0
       0
       0
       1
       1
       0
       0
       1
       0
       0
       0
       0
       1
       0
       0
       0
       0
       1
       1
       0
       0
       0
       0
       0
       0
       1
       1
       0
       0
       1
       1
       0
       0
       0
       1
       0
       0
       0
       0
       0
       0
       0
       1
       0
       0
       0
       1
       0
       0
       2
       1
       1
       0
       1
       0
       0
       0
       1
       0
       0
       1
       0
       1
       0
       0
       0
       0
       0
       0
       1
       0
       0
       0
       0
       1
       1
       0
       2
       2
       0
       1
       0
       0
       4
       3
       1
       0
       1
       0
       0
       0
       0
       0
       0
       0
       0
       0
       0
       1
       0
       0
       1
       0
       1
       0
       0
       0
       0
       1
       0
       0
       0
       1
       0
       0
       0
       0
       0
       0
       0
       0
       0
       0
       0
       0
       1
       1
       0
       0
       0
       0
       0
       0
       0
       0
       1
       0
       0
       0
       1
       0
       1
       0
       1
       2
       1
       0
       0
       0
       0
       0
       0
       0
       0
       0
       0
       1
       0
       1
       0
       0
       1
       0
       0
       0
       0
       0
       0
       0
       0
       0
       0
       0
       0
       0
       0
       0
       0
       0
       0
       0
       0
       1
       0
       0
       0
       0
       0
       1
       0
       1
       1
       0
       0
       0
       0
       0
       1
       0
       0
       0
       0
       0
       0
       0
       0
       0
       0
       2
       0
       0
       0
       0
       0
       0
       0
       0
       0
       0
       1
       1
       0
       0
       0
       0
       1
       1
       0
       1
       0
       0
       0
       0
       0
       0
       0
       0
       0
       0
       0
       0
       1
       0
       1
       0
       0
       0
       0
       0
       0
       0
       0
       0
       0
       0
       0
       0
       0
       0
       1
       1
       0
       0
       0
       0
       0
       0
       0
       1
       0
       0
       1
       0
       0
       0
       0
       1
       0
       1
       0
       0
       0
       0
       0
       0
       0
       0
       0
       0
       0
       1
       0
       0
       0
       0
       0
       1
       0
       1
       0
       0
       0
       1
       0
       0
       0
       0
       0
       0
       0
       0
       0
       0
       0
       0
       1
       1
       0
       0
       0
       0
       0
       0
       0
       0
       1
       0
       0
       0
       0
       0
       0
       0
       0
       0
       0
       0
       1
       0
       0
       0
       0
       0
       1
       0
       1
       0
       0
       0
       0
       0
       0
       0
       0
       0
       0
       0
       0
       1
       0
       0
       0
       0
       0
       0
       0
       0
       0
       0
       0
       1
       0
       0
       0
       0
       0
       0
       1
       0
       0
       1
       0
       0
       0
       0
       0
       0
       0
       1
       0
       0
       0
       0
       0
       0
       1
       1
       0
       0
       0
       0
       0
       0
       0
       1
       0
       0
       1
       0
       0
       0
       0
       1
       0
       0
       0
       0
       0
       0
       0
       0
       0
       0
       0
       0
       1
       1
       0
       0
       0
       0
       0
       0
       0
       0
       0
       0
       0
       1
       1
       0
       1
       0
       0
       0
       0
       0
       0
       0
       1
       0
       0
       0
       1
       0
       0
       0
       0
       0
       0
       1
       0
       2
       0
       0
       0
       0
       0
       0
       0
       0
       0
       0
       1
       1
       0
       1
       0
       0
       0
       0
       0
       0
       0
       0
       0
       0
       0
       0
       0
       1
       0
       1
       1
       0
       0
       0
       0
       2
       0
       0
       0
       0
       0
       0
       0
       0
       0
       0
       0
       0
       0
       1
       0
       0
       0
       0
       0
       0
       0
       0
       0
       0
       0
       0
       0
       0
       0
       1
       0
       0
       0
       1
       0
       0
       0
       1
       0
       2
       1
       0
       1
       0
       1
       0
       0
       0
       0
       0
       0
       0
       0
       0
       0
       1
       0
       1
       1
       1
       1
       0
       0
       1
       0
       0
       0
       0
       0
       0
       0
       0
       1
       0
       0
       0
       0
       0
       0
       0
       1
       0
       0
       1
       0
       1
       0
       0
       0
       0
       0
       1
       0
       1
       0
       2
       0
       0
       0
       0
       1
       0
       0
       0
       0
       0
       0
       0
       0
       0
       0
       0
       0
       0
       0
       0
       1
       0
       0
       1
       0
       0
       0
       1
       0
       1
       0
       0
       0
       0
       0
       0
       0
       1
       0
       0
       0
       0
       1
       0
       0
       0
       0
       0
       0
       0
       0
       0
       1
       0
       0
       1
       0
       1
       0
       0
       0
       0
       0
       1
       0
       0
       0
       0
       0
       0
       0
       0
       0
       0
       0
       0
       1
       1
       1
       0
       1
       0
       1
       0
       0
       0
       0
       0
       0
       0
       1
       0
       0
       0
       0
       0
       0
       0
       0
       0
       0
       0
       0
       1
       0
       0
       0
       0
       0
       0
       0
       0
       0
       0
       0
       0
       0
       0
       3
       0
       0
       0
       0
       0
       0
       1
       1
       0
       0
       2
       0
       0
       1
       0
       0
       0
       0
       0
       0
       0
       0
       0
       0
       0
       0
       0
       0
       0
       0
       0
       0
       0
       0
       0
       0
       1
       0
       0
       0
       0
       1
       1
       0
       1
       1
       0
       0
       0
       1
       0
       0
       2
       0
       1
       0
       0
       0
       0
       1
       0
       0
       0
       0
       0
       0
       0
       1
       0
       0
       0
       1
       0
       1
       0
       0
       1
       1
       0
       0
       1
       0
       0
       0
       0
       0
       0
       0
       0
       0
       0
       1
       0
       3
       1
       1
       0
       0
       0
       0
       0
       1
       1
       0
       0
       0
       0
       0
       1
       0
       0
       0
       0
       0
       0
       0
       0
       2
       0
       1
       0
       0
       0
       1
       0
       0
       0
       1
       0
       1
       0
       0
       0
       0
       1
       0
       0
       1
       0
       0
       0
       1
       0
       0
       1
       0
       0
       0
       1
       0
       0
       0
       0
       0
       0
       0
       0
       0
       0
       1
       0
       0
       1
       0
       0
       0
       0
       0
       1
       0
       1
       0
       0
       0
       0
       0
       1
       0
       1
       0
       1
       0
       0
       0
       1
       1
       0
       0
       0
       0
       0
       0
       0
       1
       0
       0
       0
       0
       0
       0
       0
       0
       0
       0
       0
       0
       0
       0
       0
       0
       0
       1
       0
       0
       0
       0
       0
       1
       0
       0
       0
       0
       0
       1
       0
       1
       0
       0
       0
       0
       0
       0
       1
       0
       1
       0
       0
       0
       0
       0
       0
       1
       0
       0
       0
       0
       0
       0
       1
       0
       1
       0
       0
       0
       1
       0
       0
       1
       0
       0
       0
       0
       0
       0
       0
       0
       0
       0
       0
       0
       1
       0
       0
       0
       0
       0
       0
       1
       0
       0
       0
       0
       0
       0
       0
       0
       0
       2
       0
       0
       1
       0
       0
       0
       0
       0
       0
       0
       0
       0
       0
       0
       1
       2
       0
       0
       0
       0
       0
       0
       0
       0
       0
       0
       0
       0
       1
       1
       1
       0
       1
       0
       0
       0
       0
       0
       0
       0
       0
       1
       0
       1
       0
       0
       0
       0
       1
       0
       0
       0
       0
       0
       0
       2
       0
       0
       0
       1
       0
       0
       0
       0
       2
       0
       0
       0
       0
       0
       0
       0
       0
       0
       0
       0
       0
       0
       0
       0
       1
       0
       0
       0
       1
       0
       0
       0
       0
       1
       0
       0
       0
       0
       0
       0
       0
       0
       0
       0
       0
       1
       0
       0
       0
       0
       0
       0
       0
       0
       0
       1
       0
       0
       0
       1
       0
       0
       0
       0
       0
       0
       0
       0
       0
       0
       0
       0
       0
       0
       0
       0
       0
       1
       0
       0
       1
       0
       1
       0
       0
       0
       0
       0
       0
       0
       0
       0
       0
       0
       0
       1
       1
       0
       0
       0
       0
       0
       0
       1
       0
       0
       0
       0
       0
       0
       0
       0
       0
       0
       0
       0
       0
       0
       1
       0
       0
       0
       0
       0
       0
       1
       0
       0
       0
       1
       0
       1
       0
       0
       0
       2
       0
       0
       0
       1
       0
       0
       0
       0
       0
       0
       0
       0
       0
       0
       1
       0
       0
       2
       0
       0
       0
       1
       0
       0
       0
       0
       0
       2
       0
       0
       0
       0
       1
       0
       0
       0
       0
       0
       0
       1
       0
       0
       0
       0
       0
       0
       0
       1
       0
       0
       0
       0
       0
       0
       0
       0
       0
       0
       0
       0
       0
       0
       0
       0
       0
       0
       0
       0
       0
       0
       0
       0
       0
       0
       0
       0
       0
       0
       0
       0
       0
       0
       0
       0
       0
       2
       0
       0
       0
       0
       1
       0
       0
       0
       0
       0
       0
       0
       0
       0
       0
       0
       0
       0
       0
       0
       0
       0
       0
       0
       0
       0
       1
       0
       0
       0
       0
       0
       0
       0
       0
       0
       0
       0
       0
       0
       0
       0
       0
       0
       0
       0
       0
       0
       0
       0
       0
       0
       0
       0
       0
       0
       0
       0
       0
       0
       0
       0
       0
       0
       1
       0
       1
       0
       0
       0
       0
       0
       0
       1
       0
       1
       1
       0
       1
       0
       1
       0
       0
       0
       0
       0
       0
       0
       0
       0
       1
       1
       0
       0
       0
       0
       0
       0
       0
       0
       0
       0
       0
       0
       1
       0
       0
       0
       0
       0
       0
       1
       0
       0
       0
       0
       0
       0
       1
       0
       0
       0
       0
       0
       0
       0
       0
       1
       0
       0
       0
       0
       0
       0
       0
       0
       0
       0
       0
       0
       0
       0
       0
       0
       0
       0
       0
       0
       0
       0
       0
       0
       0
       0
       0
       0
       0
       0
       0
       0
       0
       0
       0
       0
       0
       0
       0
       0
       0
       0
       0
       0
       0
       0
       0
       0
       0
       0
       0
       0
       0
       0
       0
       0
       0
       0
       0
       0
       0
       0
       0
       0
       0
       0
       0
       0
       0
       0
       0
       0
       0
       0
       0
       0
       0
       0
       0
       0
       0
       0
       0
       0
       0
       0
       0
       0
       0
       0
       0
       0
       0
       0
       0
       0
       0
       0
       0
       0
       0
       0
       0
       0
       0
       0
       0
       0
       0
       0
       0
       0
       0
       0
       0
       0
       0
       0
       0
       0
       0
       0
       0
       0
       0
       0
       0
       0
       0
       0
       0
       0
       0
       0
       0
       0
       0
       0
       0
       0
       0
       0
       0
       0
       0
       0
       0
       0
       0
       0
       0
       0
       0
       0
       0
$ROI:
0
$PRESETS:
None
0
0
$ENER_FIT:
0.000000 0.000000
$MCA_CAL:
3
0.000000E+000 0.000000E+000 0.000000E+000 
$SHAPE_CAL:
3
0.000000E+000 0.000000E+000 0.000000E+000
