$SPEC_ID:
No sample description was entered.
$SPEC_REM:
DET# 1
DETDESC# SCE-SOPA-00035 MCB 133
AP# Maestro Version 7.01
$DATE_MEA:
10/22/2019 10:58:49
$MEAS_TIM:
3059 3070
$DATA:
0 4095
       0
       0
       0
       0
       0
       0
       0
       0
       0
       0
       0
       0
       0
       0
       0
       0
       0
       0
       0
       0
       0
       0
       0
       0
       0
       0
       8
     185
     419
   11462
  161019
  212268
  135795
   51054
   39683
   53629
   42855
   18140
    5217
    2359
    1872
    1907
    1908
    1960
    2068
    2042
    2118
    2025
    2055
    2200
    2507
    3097
    4982
    7201
    6786
    4253
    2820
    2614
    2981
    3577
    5114
    8176
   10068
    8426
    6201
    6191
    7111
    6319
    4800
    4058
    4082
    4242
    3917
    3838
    3821
    3949
    4196
    4719
    6748
   16433
   46211
   83427
   75196
   32565
    7711
    2570
    1942
    1804
    1821
    1874
    1737
    1680
    1762
    1880
    1850
    1854
    1879
    1944
    1892
    1986
    1982
    2076
    2155
    2119
    1953
    2022
    2028
    2147
    2218
    2578
    3518
    5304
    7261
    6339
    3883
    2858
    3013
    2950
    2436
    1969
    1791
    1836
    1743
    1796
    1769
    1825
    1833
    1958
    1867
    2014
    1915
    2018
    2022
    2149
    2239
    2291
    2263
    2325
    2240
    2345
    2364
    2451
    2489
    2504
    2511
    2454
    2481
    2536
    2657
    2746
    2868
    3002
    3055
    3005
    2852
    2904
    2899
    2977
    2838
    2900
    3383
    4070
    3858
    3002
    2615
    2481
    2340
    2377
    2332
    2406
    2240
    2323
    2257
    2223
    2227
    2107
    2171
    2185
    2170
    2205
    2137
    2271
    2161
    2189
    2277
    2136
    2276
    2167
    2172
    2199
    2218
    2240
    2223
    2259
    2285
    2232
    2161
    2174
    2197
    2189
    2215
    2095
    2163
    2054
    2092
    2077
    2036
    1922
    1863
    1794
    1621
    1574
    1541
    1506
    1430
    1391
    1369
    1373
    1383
    1367
    1324
    1338
    1362
    1624
    1760
    1740
    1400
    1260
    1209
    1159
    1208
    1141
    1082
    1127
    1120
    1047
    1068
    1001
    1017
     940
     918
     930
     917
     898
     877
     851
     823
     850
     818
     760
     810
     767
     794
     777
     771
     822
     743
     712
     711
     702
     705
     616
     734
     625
     698
     618
     622
     654
     618
     551
     604
     646
     590
     636
     707
    1265
    3356
    6618
    6690
    3477
    1222
     567
     558
     511
     547
     522
     535
     502
     521
     480
     487
     502
     483
     473
     498
     489
     509
     574
     609
     594
     709
    1235
    3892
   11050
   16461
   12338
    4487
    1464
    1278
    1096
     719
     506
     537
     529
     454
     374
     356
     340
     342
     303
     337
     320
     311
     346
     404
     381
     388
     351
     332
     384
     366
     472
     543
     990
    1872
    2257
    1623
     851
     736
     791
     753
     513
     354
     369
     376
     340
     392
     403
     429
     448
     481
     506
     611
     861
    1774
    7424
   25087
   45789
   41605
   18234
    4012
     564
     205
     210
     205
     218
     224
     182
     168
     172
     179
     164
     158
     132
     173
     196
     229
     286
     336
     298
     247
     267
     482
    1535
    4579
    7699
    7318
    5342
    4974
    3695
    1714
     943
    1115
     951
     521
     183
      72
      34
      39
      34
      41
      40
      33
      35
      56
      46
      74
      50
      54
      49
      56
      51
      91
     120
     241
     479
     668
     565
     318
     275
     305
     252
     194
     133
     118
     102
      94
      82
      82
      83
      88
      64
      83
      75
      98
     122
     363
    1174
    2079
    1909
     916
     202
      38
      11
      17
      16
      23
      23
      23
       9
      13
      14
      14
      16
      11
      19
      16
      20
      11
      14
      11
      10
      10
      15
      21
      15
      22
      38
      73
     125
     111
      48
      43
      26
      49
      19
      11
       6
       3
       3
       7
       1
       5
       3
       8
       5
       5
       6
       3
       9
       5
       5
       6
       8
       5
       6
       4
       4
       2
       5
       6
       4
       9
       3
       3
       1
       5
       3
       9
       4
       5
      12
      19
      11
       8
       9
       3
       6
       5
       5
       5
       3
       2
       5
       7
       3
       4
       3
       4
       2
       2
       3
       4
       5
       5
       9
      10
       2
       3
       4
       4
       2
       5
       1
       6
       2
       6
       6
       7
       2
       5
       2
       3
       4
       4
       7
       5
       3
       4
       1
       8
       3
       2
       5
       2
       5
       5
       4
       0
       5
       5
       5
       4
       3
       7
       3
       5
       5
       2
       1
       4
       4
       1
       4
       2
       2
       7
       6
       9
       0
       5
       1
       6
       6
       3
       4
       6
       1
       5
       4
       3
       1
       4
       4
       6
       1
       3
       5
       3
      10
      13
      14
       9
       7
       2
       2
       2
       3
       2
       4
       2
       1
       7
       6
       3
       6
       2
       4
       3
       1
       4
       5
       2
       5
       4
       2
       1
       5
       4
       5
       3
       3
       2
       0
       3
       1
       1
       3
       4
       2
       2
       4
       2
       3
       3
       1
       3
       4
       3
       2
       2
       2
       3
       3
       2
       0
       2
       3
       2
       4
       2
       4
       3
       1
       4
       4
       1
       3
       4
       2
       2
       3
       2
       3
       3
       1
       3
       1
       5
       2
       4
       2
       2
       2
       2
       3
       2
       5
       5
       0
       2
       4
       6
       2
       6
       4
       1
       2
       1
       1
       3
       2
       4
       5
       3
       0
       1
       0
       1
       3
       5
       0
       3
       2
       3
       1
       2
       0
       2
       2
       5
       5
       5
       2
       2
       3
       2
       4
       0
       1
       1
       1
       4
       2
       3
       1
       1
       4
       4
       0
       3
       1
       2
       2
       2
       3
       5
       2
       3
       3
       0
       3
       1
       3
       0
       3
       2
       2
       2
       2
       6
       5
       1
       4
       2
       3
       2
       1
       4
       3
       1
       4
       0
       4
       1
       2
       0
       5
       5
       4
       3
       2
       1
       1
       1
       5
       3
       3
       4
       1
       3
       2
       2
       1
       2
       5
       4
       0
       3
       3
       1
       5
       0
       0
       1
       0
       3
       1
       1
       4
       1
       1
       1
       2
       1
       5
       0
       1
       4
       0
       6
       2
       0
       0
       2
       2
       6
       3
       5
       3
       4
       1
       1
       2
       1
       1
       2
       2
       4
       1
       5
       2
       3
       1
       3
       1
       1
       1
       3
       1
       2
       2
       4
       2
       1
       2
       2
       0
       1
       3
       2
       1
       3
       2
       5
       2
       2
       1
       0
       2
       2
       2
       3
       2
       0
       1
       4
       1
       2
       3
       2
       1
       1
       1
       2
       3
       2
       2
       2
       3
       1
       2
       1
       3
       1
       1
       0
       3
       1
       1
       1
       1
       0
       2
       1
       2
       3
       0
       1
       1
       1
       2
       3
       2
       1
       0
       3
       3
       1
       0
       3
       0
       0
       2
       3
       2
       1
       4
       4
       1
       1
       0
       1
       0
       0
       1
       1
       2
       3
       1
       4
       2
       0
       2
       0
       0
       2
       2
       1
       1
       1
       0
       4
       1
       3
       2
       2
       1
       1
       4
       3
       1
       3
       3
       1
       3
       2
       3
       3
       0
       3
       3
       1
       2
       3
       0
       0
       1
       1
       3
       0
       1
       0
       3
       1
       0
       1
       3
       0
       0
       3
       1
       0
       3
       1
       2
       0
       0
       1
       1
       2
       3
       1
       4
       3
       1
       2
       1
       2
       2
       1
       3
       2
       1
       2
       0
       2
       0
       1
       1
       1
       0
       1
       1
       2
       1
       1
       3
       3
       2
       3
       3
       2
       1
       1
       1
       1
       1
       0
       1
       0
       2
       2
       2
       1
       0
       0
       1
       1
       0
       3
       0
       2
       1
       0
       1
       2
       1
       2
       2
       2
       1
       0
       0
       2
       2
       0
       1
       2
       0
       0
       1
       0
       3
       1
       0
       1
       1
       1
       3
       1
       2
       0
       5
       1
       2
       1
       4
       5
       1
       2
       2
       1
       3
       1
       0
       2
       1
       2
       0
       3
       2
       1
       2
       1
       1
       2
       4
       1
       1
       0
       2
       1
       4
       2
       2
       3
       0
       1
       1
       2
       0
       1
       1
       1
       3
       1
       4
       1
       1
       0
       0
       2
       0
       2
       2
       2
       0
       0
       1
       1
       0
       2
       0
       0
       2
       4
       4
       2
       3
       0
       0
       0
       2
       1
       0
       2
       2
       0
       1
       1
       1
       0
       2
       1
       2
       2
       4
       2
       4
       2
       1
       1
       2
       2
       2
       1
       1
       1
       2
       0
       1
       1
       1
       0
       0
       1
       1
       3
       0
       3
       0
       2
       0
       3
       0
       1
       1
       2
       1
       3
       1
       4
       1
       0
       2
       2
       0
       1
       2
       0
       1
       0
       0
       1
       1
       1
       1
       0
       1
       0
       0
       1
       3
       1
       1
       2
       1
       0
       2
       1
       2
       2
       1
       0
       1
       0
       0
       0
       1
       1
       1
       1
       4
       1
       2
       0
       0
       1
       1
       1
       1
       1
       2
       2
       2
       0
       3
       0
       0
       1
       0
       0
       0
       2
       2
       1
       0
       1
       0
       0
       0
       0
       1
       0
       2
       1
       1
       1
       0
       0
       1
       0
       1
       0
       0
       0
       1
       0
       0
       1
       0
       0
       1
       0
       1
       0
       1
       0
       2
       0
       2
       0
       0
       0
       0
       1
       2
       1
       1
       0
       2
       1
       0
       1
       0
       0
       1
       2
       0
       1
       1
       0
       0
       1
       0
       0
       0
       1
       0
       1
       1
       2
       0
       0
       0
       1
       1
       0
       1
       3
       3
       1
       0
       3
       0
       2
       0
       2
       0
       0
       0
       2
       0
       1
       1
       1
       1
       0
       2
       0
       1
       3
       2
       1
       1
       1
       0
       2
       0
       2
       1
       2
       1
       1
       1
       0
       1
       2
       4
       1
       0
       0
       1
       2
       1
       0
       1
       2
       0
       0
       0
       3
       1
       3
       0
       0
       0
       0
       1
       2
       2
       1
       1
       2
       2
       0
       1
       2
       2
       0
       1
       0
       1
       0
       0
       1
       2
       1
       0
       1
       1
       1
       1
       0
       1
       0
       0
       2
       0
       1
       1
       1
       2
       2
       1
       1
       1
       0
       1
       2
       1
       1
       1
       0
       2
       1
       0
       0
       0
       0
       0
       1
       4
       5
       3
       2
       0
       1
       1
       0
       2
       2
       1
       0
       0
       0
       0
       1
       1
       0
       2
       1
       1
       0
       0
       0
       0
       2
       3
       0
       0
       0
       0
       1
       0
       2
       1
       2
       2
       1
       1
       1
       1
       0
       0
       0
       1
       0
       1
       1
       1
       1
       0
       1
       1
       1
       0
       0
       1
       0
       0
       1
       1
       2
       1
       1
       0
       0
       0
       0
       0
       0
       0
       1
       1
       2
       2
       1
       1
       2
       1
       0
       0
       1
       2
       0
       0
       1
       0
       0
       0
       0
       0
       0
       0
       2
       0
       0
       1
       0
       0
       0
       1
       2
       0
       1
       0
       1
       2
       0
       1
       0
       1
       0
       1
       1
       0
       0
       1
       1
       2
       1
       0
       2
       1
       0
       1
       0
       1
       2
       0
       1
       0
       0
       3
       2
       0
       0
       0
       1
       0
       0
       0
       0
       0
       0
       0
       0
       1
       0
       1
       0
       1
       0
       1
       1
       0
       1
       1
       2
       0
       0
       1
       1
       0
       0
       0
       0
       0
       0
       0
       0
       2
       0
       0
       2
       1
       0
       0
       0
       0
       1
       0
       0
       0
       0
       1
       0
       0
       0
       0
       0
       1
       0
       0
       0
       0
       0
       0
       1
       1
       0
       1
       0
       1
       0
       0
       0
       0
       3
       0
       0
       0
       0
       1
       0
       0
       0
       0
       0
       0
       0
       0
       0
       1
       0
       0
       0
       1
       0
       0
       1
       1
       0
       1
       2
       0
       0
       0
       1
       1
       1
       1
       0
       0
       0
       0
       0
       0
       0
       2
       0
       0
       0
       0
       0
       0
       0
       1
       0
       1
       2
       0
       0
       2
       0
       0
       0
       0
       1
       0
       0
       0
       1
       0
       0
       1
       1
       0
       1
       0
       0
       1
       0
       0
       0
       0
       0
       0
       0
       0
       1
       0
       1
       0
       1
       1
       0
       1
       0
       1
       0
       0
       1
       1
       0
       1
       5
       2
       1
       1
       1
       1
       0
       0
       0
       0
       0
       0
       0
       0
       0
       2
       0
       1
       0
       1
       1
       2
       1
       1
       0
       0
       0
       0
       0
       0
       0
       1
       0
       0
       0
       0
       0
       0
       0
       2
       1
       0
       1
       1
       0
       0
       1
       0
       0
       0
       0
       0
       1
       0
       0
       1
       0
       2
       0
       0
       0
       0
       0
       0
       0
       0
       0
       0
       0
       0
       0
       1
       0
       0
       1
       0
       0
       0
       0
       1
       1
       0
       1
       1
       0
       1
       1
       1
       1
       0
       0
       0
       0
       0
       1
       0
       0
       0
       0
       0
       0
       1
       0
       0
       0
       0
       0
       0
       0
       0
       0
       0
       0
       0
       0
       0
       0
       0
       0
       0
       0
       0
       0
       2
       0
       0
       1
       1
       0
       0
       0
       0
       0
       0
       0
       0
       0
       0
       0
       0
       0
       0
       0
       0
       0
       0
       0
       0
       0
       1
       1
       0
       2
       0
       0
       1
       2
       0
       0
       0
       0
       1
       0
       0
       0
       0
       0
       0
       1
       0
       1
       1
       0
       0
       1
       0
       0
       0
       0
       1
       0
       0
       0
       0
       0
       0
       0
       0
       0
       1
       1
       1
       0
       1
       1
       0
       1
       0
       0
       0
       0
       1
       0
       0
       0
       2
       0
       0
       0
       0
       1
       1
       0
       0
       0
       0
       1
       0
       0
       1
       0
       0
       0
       0
       0
       0
       0
       0
       0
       1
       0
       0
       0
       0
       1
       1
       0
       0
       1
       0
       0
       0
       1
       0
       1
       1
       0
       1
       0
       1
       0
       0
       1
       0
       0
       0
       1
       0
       1
       1
       0
       0
       1
       0
       0
       0
       0
       0
       0
       0
       0
       0
       1
       0
       0
       0
       1
       0
       1
       0
       0
       0
       1
       1
       0
       1
       1
       0
       0
       0
       2
       0
       1
       0
       0
       0
       0
       0
       0
       0
       0
       0
       0
       0
       1
       0
       0
       2
       0
       1
       2
       0
       0
       0
       1
       0
       0
       1
       0
       0
       0
       0
       0
       0
       0
       0
       0
       0
       1
       0
       0
       0
       0
       0
       1
       0
       0
       1
       0
       0
       0
       1
       0
       0
       0
       0
       1
       0
       1
       1
       0
       0
       1
       0
       0
       0
       1
       0
       0
       0
       0
       0
       0
       2
       0
       1
       0
       2
       0
       0
       0
       0
       0
       0
       0
       1
       0
       0
       0
       1
       0
       1
       0
       1
       1
       1
       0
       0
       0
       0
       1
       0
       1
       0
       0
       0
       1
       0
       1
       0
       1
       0
       0
       2
       0
       0
       0
       0
       0
       0
       0
       0
       0
       0
       0
       0
       1
       1
       0
       0
       0
       0
       1
       0
       0
       0
       0
       0
       0
       2
       0
       1
       1
       0
       1
       0
       0
       1
       0
       0
       0
       0
       1
       1
       0
       1
       0
       0
       2
       0
       0
       1
       1
       0
       0
       0
       0
       0
       0
       0
       1
       0
       0
       0
       0
       1
       0
       0
       0
       0
       0
       1
       0
       2
       0
       0
       0
       0
       2
       0
       0
       0
       0
       0
       0
       0
       0
       0
       1
       0
       1
       0
       0
       0
       0
       0
       0
       0
       1
       0
       0
       0
       0
       0
       1
       0
       0
       1
       0
       0
       1
       0
       0
       0
       1
       0
       0
       1
       1
       0
       0
       1
       0
       0
       0
       0
       0
       0
       1
       0
       0
       1
       0
       0
       0
       0
       0
       0
       0
       1
       0
       0
       0
       0
       0
       0
       0
       2
       0
       0
       0
       1
       0
       0
       2
       0
       0
       0
       0
       0
       0
       0
       0
       0
       1
       0
       0
       1
       0
       1
       0
       1
       0
       0
       0
       0
       1
       1
       0
       1
       0
       0
       0
       0
       0
       0
       0
       0
       1
       0
       0
       0
       0
       0
       1
       0
       0
       1
       1
       0
       0
       1
       0
       0
       0
       0
       0
       0
       0
       0
       0
       0
       0
       0
       0
       0
       0
       0
       0
       0
       0
       0
       0
       1
       1
       0
       1
       0
       0
       0
       0
       0
       0
       0
       0
       0
       0
       1
       0
       0
       0
       0
       1
       1
       0
       0
       0
       0
       1
       0
       1
       0
       0
       0
       0
       0
       1
       0
       0
       0
       0
       0
       0
       0
       0
       1
       0
       0
       0
       0
       0
       1
       1
       0
       0
       1
       0
       0
       0
       1
       1
       0
       0
       0
       1
       0
       0
       0
       1
       1
       0
       1
       0
       1
       1
       0
       0
       0
       0
       0
       1
       0
       0
       0
       0
       0
       0
       1
       0
       0
       0
       0
       0
       0
       0
       0
       0
       1
       0
       0
       1
       0
       0
       0
       0
       0
       0
       0
       0
       0
       0
       0
       0
       0
       0
       0
       0
       0
       0
       0
       0
       1
       0
       0
       0
       0
       0
       0
       0
       0
       0
       0
       0
       1
       0
       0
       0
       0
       0
       1
       1
       0
       0
       1
       0
       1
       0
       0
       2
       0
       0
       0
       0
       0
       1
       0
       0
       0
       1
       0
       0
       0
       0
       0
       0
       0
       2
       0
       0
       0
       0
       0
       0
       0
       1
       0
       0
       0
       0
       0
       0
       0
       0
       0
       0
       0
       1
       0
       0
       0
       0
       0
       0
       0
       0
       2
       0
       0
       0
       0
       0
       0
       1
       0
       0
       0
       0
       0
       0
       0
       0
       0
       0
       0
       0
       2
       0
       0
       0
       1
       0
       0
       0
       0
       0
       0
       1
       0
       1
       1
       0
       2
       0
       4
       0
       1
       0
       0
       0
       0
       0
       0
       0
       1
       0
       1
       0
       2
       0
       0
       0
       0
       0
       0
       0
       0
       0
       0
       0
       1
       0
       0
       0
       1
       0
       0
       0
       1
       0
       0
       0
       0
       1
       0
       0
       1
       0
       1
       0
       1
       0
       0
       0
       1
       0
       0
       1
       0
       0
       0
       0
       0
       0
       2
       0
       0
       0
       0
       0
       0
       1
       0
       0
       0
       0
       0
       0
       1
       0
       0
       0
       0
       1
       0
       0
       0
       0
       0
       0
       0
       0
       0
       0
       0
       0
       0
       0
       0
       0
       0
       0
       0
       1
       1
       0
       0
       0
       0
       0
       0
       0
       1
       0
       0
       0
       0
       0
       0
       0
       0
       0
       0
       1
       0
       0
       0
       0
       0
       0
       0
       0
       0
       0
       0
       0
       0
       0
       1
       0
       0
       0
       0
       0
       0
       0
       0
       0
       0
       1
       0
       0
       0
       0
       0
       0
       0
       0
       0
       0
       0
       0
       0
       0
       0
       0
       0
       0
       0
       0
       0
       0
       0
       0
       0
       0
       0
       0
       0
       0
       0
       0
       0
       0
       0
       1
       0
       0
       1
       0
       0
       0
       0
       0
       0
       0
       0
       0
       1
       0
       0
       0
       0
       0
       0
       0
       0
       1
       0
       0
       0
       0
       0
       0
       0
       0
       0
       0
       1
       0
       1
       0
       0
       0
       0
       0
       0
       0
       0
       0
       0
       0
       0
       0
       0
       1
       0
       0
       0
       0
       0
       1
       0
       0
       0
       0
       0
       1
       0
       0
       1
       0
       0
       0
       0
       0
       0
       0
       1
       0
       0
       0
       0
       0
       1
       0
       1
       0
       0
       0
       0
       0
       0
       1
       0
       0
       0
       0
       0
       0
       0
       0
       0
       0
       0
       2
       0
       0
       0
       0
       0
       0
       0
       0
       0
       0
       0
       0
       0
       0
       0
       0
       0
       0
       0
       0
       0
       0
       0
       0
       0
       0
       0
       0
       0
       0
       0
       0
       0
       0
       0
       1
       0
       0
       0
       0
       0
       0
       0
       1
       0
       0
       0
       0
       0
       0
       0
       0
       0
       0
       0
       0
       0
       0
       0
       1
       0
       0
       0
       0
       0
       0
       0
       0
       0
       1
       0
       0
       0
       0
       0
       0
       0
       0
       0
       0
       0
       0
       0
       0
       0
       0
       0
       0
       0
       1
       0
       0
       0
       0
       0
       0
       0
       1
       0
       0
       0
       0
       1
       1
       0
       1
       0
       0
       0
       0
       0
       0
       0
       0
       1
       0
       1
       0
       0
       0
       0
       0
       0
       0
       0
       0
       0
       0
       0
       1
       0
       0
       0
       0
       0
       1
       0
       0
       0
       0
       0
       0
       0
       0
       0
       0
       0
       0
       0
       0
       0
       0
       0
       0
       0
       0
       0
       0
       0
       0
       0
       0
       0
       0
       0
       0
       0
       0
       0
       0
       1
       0
       0
       0
       0
       0
       0
       0
       0
       0
       0
       0
       0
       1
       0
       0
       1
       0
       0
       0
       0
       0
       0
       0
       0
       0
       0
       0
       0
       0
       0
       0
       0
       0
       0
       0
       0
       0
       1
       0
       0
       0
       0
       0
       0
       1
       0
       0
       0
       0
       0
       0
       0
       0
       0
       1
       0
       0
       0
       0
       0
       0
       0
       0
       0
       0
       0
       0
       0
       0
       0
       0
       0
       1
       0
       0
       0
       0
       0
       0
       0
       0
       0
       0
       0
       0
       0
       0
       0
       0
       0
       1
       0
       0
       0
       0
       0
       0
       1
       0
       0
       0
       0
       0
       0
       0
       0
       0
       0
       0
       0
       0
       0
       0
       0
       0
       0
       0
       0
       0
       0
       0
       0
       0
       0
       0
       0
       0
       0
       0
       0
       0
       0
       0
       0
       0
       0
       1
       0
       0
       0
       0
       0
       0
       1
       0
       0
       1
       0
       0
       0
       0
       1
       0
       0
       0
       0
       0
       0
       0
       0
       0
       1
       0
       0
       0
       0
       1
       2
       0
       0
       1
       0
       0
       0
       0
       0
       0
       0
       0
       0
       0
       0
       0
       2
       0
       0
       0
       0
       0
       0
       0
       0
       0
       0
       0
       1
       0
       0
       0
       1
       0
       0
       0
       1
       0
       0
       2
       0
       0
       0
       0
       0
       0
       0
       0
       0
       0
       0
       0
       0
       0
       0
       0
       0
       0
       0
       0
       0
       1
       0
       1
       0
       0
       0
       0
       0
       0
       0
       0
       0
       0
       0
       1
       0
       0
       1
       0
       0
       0
       0
       0
       0
       0
       0
       0
       0
       0
       0
       0
       0
       0
       0
       0
       0
       0
       0
       0
       0
       0
       0
       0
       0
       0
       0
       0
       0
       0
       0
       0
       0
       0
       0
       0
       0
       0
       0
       0
       0
       0
       0
       0
       0
       1
       1
       0
       0
       0
       0
       0
       0
       0
       0
       0
       0
       0
       0
       0
       0
       0
       0
       0
       0
       0
       0
       0
       0
       0
       0
       0
       0
       0
       0
       0
       0
       0
       0
       0
       0
       0
       0
       2
       0
       0
       0
       0
       0
       0
       0
       0
       1
       0
       0
       0
       1
       0
       0
       0
       0
       0
       0
       0
       0
       0
       1
       0
       0
       0
       0
       0
       0
       0
       0
       0
       0
       0
       0
       0
       0
       0
       0
       0
       0
       0
       0
       0
       0
       0
       0
       0
       0
       0
       0
       1
       0
       0
       0
       0
       0
       0
       0
       0
       0
       0
       0
       0
       0
       0
       0
       0
       0
       0
       0
       0
       0
       0
       0
       0
       0
       0
       0
       0
       0
       0
       0
       0
       0
       0
       0
       0
       0
       0
       0
       0
       0
       0
       0
       0
       0
       0
       0
       0
       0
       0
       1
       0
       0
       0
       0
       0
       0
       0
       0
       0
       0
       0
       0
       1
       0
       0
       0
       0
       0
       0
       0
       0
       0
       0
       0
       0
       0
       0
       0
       0
       0
       0
       0
       0
       0
       0
       0
       0
       0
       0
       0
       0
       0
       0
       1
       0
       0
       0
       0
       0
       0
       0
       0
       0
       0
       0
       0
       0
       0
       0
       0
       0
       0
       0
       0
       0
       0
       0
       0
       0
       0
       0
       0
       0
       1
       0
       0
       0
       0
       0
       0
       0
       0
       0
       0
       1
       0
       0
       0
       0
       0
       0
       0
       0
       0
       0
       0
       0
       0
       0
       0
       0
       0
       0
       0
       0
       0
       0
       0
       0
       0
       0
       0
       0
       1
       0
       0
       0
       0
       0
       0
       0
       0
       0
       0
       0
       0
       0
       0
       0
       1
       0
       0
       0
       0
       0
       0
       0
       0
       1
       0
       0
       0
       0
       0
       0
       0
       0
       0
       0
       0
       0
       0
       0
       0
       1
       0
       0
       0
       0
       0
       1
       0
       0
       0
       0
       0
       0
       0
       0
       0
       0
       0
       0
       0
       0
       0
       0
       0
       0
       0
       0
       0
       0
       0
       0
       0
       0
       0
       0
       0
       1
       0
       0
       1
       0
       0
       0
       0
       0
       0
       0
       0
       1
       0
       0
       0
       0
       1
       0
       0
       0
       0
       1
       0
       0
       0
       0
       0
       0
       0
       0
       0
       0
       0
       0
       0
       0
       0
       0
       0
       0
       0
       0
       0
       0
       0
       0
       0
       1
       0
       0
       0
       0
       0
       1
       0
       1
       0
       0
       0
       0
       0
       0
       0
       1
       0
       0
       0
       0
       0
       0
       0
       0
       0
       0
       0
       0
       0
       0
       0
       1
       1
       0
       0
       0
       0
       0
       0
       0
       0
       0
       0
       0
       0
       0
       0
       0
       0
       0
       0
       0
       0
       0
       0
       0
       0
       0
       0
       0
       0
       0
       0
       0
       0
       0
       0
       0
       0
       0
       1
       0
       0
       0
       0
       0
       0
       0
       0
       0
       1
       1
       0
       0
       0
       1
       0
       0
       0
       1
       0
       0
       0
       0
       0
       0
       0
       0
       0
       0
       1
       0
       0
       0
       0
       0
       0
       0
       0
       0
       0
       0
       0
       0
       0
       0
       0
       0
       0
       0
       0
       1
       0
       0
       0
       0
       0
       0
       0
       0
       0
       0
       0
       0
       0
       0
       0
       0
       0
       0
       0
       0
       0
       0
       0
       0
       0
       0
       0
       2
       0
       0
       1
       0
       0
       0
       0
       0
       0
       0
       0
       0
       0
       0
       1
       0
       0
       0
       0
       0
       0
       0
       0
       0
       0
       0
       0
       0
       0
       0
       0
       0
       0
       0
       0
       0
       0
       2
       0
       0
       0
       0
       0
       0
       0
       0
       0
       0
       0
       0
       0
       0
       0
       0
       0
       0
       0
       0
       0
       0
       0
       0
       0
       0
       0
       0
       0
       0
       0
       0
       0
       0
       0
       0
       0
       0
       0
       0
       0
       0
       0
       0
       0
       0
       0
       0
       0
       0
       0
       0
       0
       0
       0
       0
       0
       0
       0
       0
       0
       0
       0
       0
       0
       0
       0
       0
       0
       0
       0
       0
       0
       0
       0
       0
       0
       0
       0
       0
       0
       0
       0
       0
       0
       0
       0
       0
       0
       0
       0
       0
       0
       0
       0
       0
       0
       0
       0
       0
       0
       0
       0
       0
       0
       0
       0
       0
       0
       0
       0
       0
       0
       0
       0
       0
       0
       0
       0
       0
       0
       0
       0
       0
       0
       0
       0
       0
       0
       0
       0
       0
       0
       0
       0
       0
       0
       0
       0
       0
       0
       0
       0
       0
       0
       0
       0
       0
       0
       0
       0
       0
       0
       0
       0
       0
       0
       0
       0
       0
       0
$ROI:
0
$PRESETS:
None
0
0
$ENER_FIT:
0.000000 0.000000
$MCA_CAL:
3
0.000000E+000 0.000000E+000 0.000000E+000 
$SHAPE_CAL:
3
0.000000E+000 0.000000E+000 0.000000E+000
