$SPEC_ID:
No sample description was entered.
$SPEC_REM:
DET# 1
DETDESC# SCE-SOPA-00035 MCB 133
AP# Maestro Version 7.01
$DATE_MEA:
11/01/2019 15:14:42
$MEAS_TIM:
1390 1406
$DATA:
0 4095
       0
       0
       0
       0
       1
       0
       2
       0
       0
       0
       0
       0
       0
       0
       0
       1
       0
       0
       0
       0
       0
       0
       0
       0
       0
       1
      67
     503
     119
     174
    1172
    1589
    2361
    3128
    2714
    1823
    1294
    1210
    1384
    1685
    1966
    2483
    3380
    4455
    5291
    5366
    6884
   10601
   17607
   25896
   29979
   28931
   26314
   25356
   26461
   31163
   49140
  102214
  267955
  585431
  696165
  393430
   98916
   12750
    2480
    1688
    1417
    1340
    1140
    1048
    1014
     872
     944
    1139
    1116
    1042
    1285
    1507
    1315
     898
     738
     641
     439
     360
     260
     256
     262
     263
     220
     207
     221
     185
     210
     213
     199
     241
     229
     260
     399
     585
     592
     449
     490
     622
     591
     395
     270
     246
     305
     223
     246
     244
     271
     293
     305
     290
     359
     398
     445
     468
     369
     139
      44
      27
      44
     102
      95
      48
      21
      15
      12
      20
      10
       8
      13
      15
      15
      13
      16
      11
       9
       7
      12
       7
      11
      13
      18
      10
      10
       9
      11
      13
       5
       9
      16
      11
      12
      15
      20
      20
      19
      17
      12
       7
      14
       7
      11
       6
       6
       3
      12
       8
      11
       7
       8
       8
       9
      12
       9
       9
       4
       9
       9
       5
       2
       3
      11
      14
       4
       4
       5
       2
       3
       6
       4
       5
      10
       3
       6
       6
       7
       3
       6
       4
       4
      11
       5
       5
      12
      14
      18
       4
       4
       3
       5
       6
       4
       1
       6
       7
       1
       5
       7
       4
       6
       8
       7
       6
       4
       6
       6
       6
       5
       4
       4
       5
       4
       4
       9
       5
       5
       5
       5
       8
       3
       3
       6
       4
       6
       3
       4
       3
       3
       5
       2
       6
       3
       3
       1
       6
       1
       0
       3
       5
       9
      10
       7
       2
       6
       4
       5
       5
       3
       7
       2
       5
       2
       1
       6
       5
       5
       2
       1
       6
       7
       8
       4
       2
       7
       1
       2
       0
       3
       9
       2
       7
       0
       1
       7
       3
       5
       2
       0
       4
       2
       5
       6
       4
       4
       2
       4
       6
       8
       8
       5
       6
       4
       3
       2
       4
       4
       2
       2
       4
       4
       4
       3
       2
       1
       2
       5
       3
       1
       9
       1
       4
       4
       6
       2
       3
       3
       4
       4
       4
       0
       2
       0
       4
       3
       5
       3
       1
       6
       2
       2
       7
       5
       7
       4
       1
       4
       1
       6
       4
       2
       3
       4
       3
       1
       1
       4
       4
       3
       1
       1
       4
       2
       2
       3
       4
       4
       1
       0
       3
       4
       1
       2
       1
       6
       1
       1
       5
       2
       1
       1
       0
       1
       2
       6
       2
       2
       2
       0
       6
       0
       1
       3
       1
       1
       5
       0
       4
       1
       0
       0
       7
       1
       1
       2
       2
       1
       3
       2
       4
       1
       3
       1
       1
       2
       4
       1
       3
       0
       3
       1
       1
       3
       2
       2
       0
       0
       1
       2
       3
       2
       1
       3
       0
       4
       3
       2
       1
       1
       2
       4
       0
       3
       1
       3
       3
       2
       1
       0
       2
       1
       0
       1
       2
       1
       1
       2
       1
       2
       1
       3
       0
       0
       4
       1
       1
       1
       3
       2
       2
       1
       0
       3
       1
       1
       0
       1
       1
       4
       0
       2
       4
       2
       2
       1
       0
       1
       3
       1
       0
       1
       1
       0
       1
       0
       1
       4
       7
       7
      10
       4
       3
       3
       1
       3
       0
       3
       2
       2
       2
       0
       0
       0
       0
       0
       5
       0
       1
       2
       2
       3
       2
       1
       0
       0
       2
       2
       0
       0
       2
       5
       3
       1
       2
       1
       1
       0
       0
       3
       2
       2
       3
       0
       1
       4
       1
       1
       1
       1
       0
       2
       2
       1
       0
       0
       1
       2
       0
       1
       2
       2
       2
       1
       2
       1
       0
       2
       1
       1
       0
       2
       2
       1
       1
       1
       0
       2
       0
       0
       1
       0
       0
       2
       2
       1
       1
       2
       1
       1
       0
       2
       0
       1
       1
       0
       1
       0
       1
       1
       2
       1
       2
       0
       0
       2
       3
       2
       2
       0
       1
       0
       2
       1
       0
       0
       0
       0
       1
       2
       1
       0
       0
       1
       0
       1
       1
       0
       0
       5
       1
       1
       1
       0
       0
       1
       1
       4
       0
       3
       2
       0
       1
       0
       0
       1
       5
       2
       0
       0
       2
       6
       2
       2
       1
       2
       2
       2
       1
       2
       1
       2
       0
       2
       1
       0
       0
       1
       1
       3
       0
       0
       1
       0
       2
       0
       0
       0
       1
       2
       1
       0
       1
       2
       1
       2
       1
       3
       2
       2
       0
       2
       0
       1
       1
       0
       0
       0
       0
       1
       2
       1
       1
       1
       1
       2
       3
       1
       0
       2
       2
       0
       2
       0
       1
       0
       5
       0
       0
       0
       0
       0
       1
       2
       2
       0
       1
       1
       0
       0
       1
       1
       0
       2
       0
       0
       1
       0
       0
       2
       1
       1
       1
       1
       1
       2
       1
       1
       2
       0
       1
       2
       1
       1
       1
       1
       2
       1
       1
       1
       1
       1
       1
       2
       0
       1
       2
       0
       2
       2
       0
       0
       0
       2
       1
       2
       1
       3
       0
       3
       2
       0
       0
       1
       2
       1
       1
       0
       0
       0
       2
       0
       0
       0
       2
       1
       0
       1
       1
       1
       0
       0
       0
       3
       0
       2
       0
       2
       1
       4
       0
       1
       1
       0
       0
       0
       1
       0
       2
       0
       0
       0
       0
       0
       2
       0
       0
       0
       0
       3
       0
       0
       1
       0
       1
       0
       2
       1
       3
       1
       0
       1
       0
       0
       0
       1
       1
       2
       3
       0
       2
       0
       0
       0
       0
       1
       0
       0
       0
       2
       0
       0
       1
       1
       2
       1
       0
       0
       1
       0
       0
       3
       3
       0
       1
       1
       3
       0
       1
       0
       0
       1
       1
       0
       1
       2
       1
       2
       2
       1
       1
       0
       1
       0
       1
       2
       1
       1
       0
       1
       2
       0
       0
       2
       0
       0
       2
       1
       1
       0
       1
       1
       0
       1
       0
       1
       2
       1
       0
       0
       0
       2
       1
       3
       3
       0
       1
       0
       1
       0
       0
       1
       0
       1
       0
       0
       0
       0
       0
       3
       2
       0
       1
       1
       0
       2
       0
       0
       3
       0
       2
       2
       0
       1
       1
       5
       0
       0
       0
       0
       2
       1
       0
       1
       3
       1
       1
       0
       0
       0
       0
       0
       2
       1
       0
       0
       0
       1
       0
       1
       0
       1
       2
       0
       3
       0
       1
       0
       2
       1
       0
       1
       0
       0
       1
       0
       0
       0
       0
       1
       2
       0
       0
       0
       0
       2
       0
       1
       0
       2
       0
       0
       0
       1
       0
       3
       0
       0
       0
       1
       2
       0
       1
       0
       4
       1
       0
       0
       1
       0
       0
       0
       1
       1
       1
       1
       2
       0
       0
       1
       0
       0
       2
       1
       2
       1
       1
       1
       0
       0
       1
       0
       1
       0
       0
       0
       0
       0
       1
       0
       0
       1
       0
       1
       0
       0
       0
       0
       1
       0
       1
       0
       0
       0
       1
       1
       1
       2
       1
       1
       1
       0
       0
       0
       2
       1
       2
       3
       2
       0
       0
       1
       1
       0
       0
       1
       0
       0
       2
       0
       1
       0
       1
       0
       0
       1
       0
       1
       1
       2
       1
       1
       0
       1
       1
       0
       0
       1
       1
       1
       1
       1
       0
       0
       0
       2
       0
       0
       0
       1
       0
       0
       1
       1
       0
       0
       1
       2
       1
       0
       0
       0
       1
       0
       0
       0
       1
       1
       0
       0
       2
       1
       0
       0
       1
       0
       0
       1
       0
       1
       2
       0
       1
       0
       0
       0
       0
       0
       1
       1
       1
       1
       1
       3
       0
       0
       0
       1
       0
       2
       0
       0
       1
       0
       1
       1
       1
       0
       1
       1
       0
       0
       0
       3
       1
       2
       0
       0
       1
       0
       1
       1
       1
       0
       0
       1
       1
       0
       0
       2
       1
       0
       1
       1
       0
       0
       2
       1
       1
       0
       2
       1
       1
       1
       0
       0
       0
       0
       0
       0
       1
       0
       0
       0
       1
       1
       0
       1
       1
       0
       0
       0
       0
       0
       1
       0
       1
       0
       0
       0
       0
       0
       2
       1
       2
       1
       0
       2
       0
       0
       1
       1
       0
       0
       0
       0
       2
       0
       0
       0
       0
       0
       0
       0
       1
       0
       0
       0
       0
       0
       0
       2
       1
       0
       1
       1
       1
       0
       1
       0
       0
       1
       0
       0
       1
       0
       1
       1
       0
       0
       1
       0
       1
       0
       3
       1
       0
       0
       0
       0
       0
       0
       0
       0
       0
       0
       0
       0
       2
       0
       2
       1
       0
       1
       0
       0
       0
       1
       0
       1
       0
       0
       0
       0
       1
       0
       0
       1
       1
       2
       0
       0
       0
       0
       1
       0
       0
       0
       0
       0
       1
       0
       0
       0
       2
       2
       0
       0
       0
       0
       2
       0
       0
       1
       0
       0
       0
       0
       1
       0
       0
       2
       0
       2
       1
       1
       0
       0
       0
       2
       0
       0
       2
       0
       0
       0
       0
       0
       0
       0
       1
       0
       0
       0
       0
       0
       1
       1
       0
       0
       0
       0
       1
       0
       0
       0
       0
       0
       1
       0
       0
       0
       0
       0
       2
       0
       0
       1
       0
       0
       1
       0
       0
       0
       1
       0
       0
       0
       0
       1
       1
       0
       0
       0
       0
       0
       1
       0
       0
       1
       0
       0
       0
       0
       0
       2
       0
       0
       0
       0
       0
       3
       1
       2
       0
       1
       0
       0
       1
       0
       0
       0
       0
       1
       0
       0
       0
       0
       0
       0
       0
       0
       0
       0
       0
       0
       0
       0
       0
       0
       0
       0
       0
       0
       0
       1
       0
       0
       1
       1
       0
       0
       0
       1
       0
       0
       0
       0
       0
       0
       0
       1
       0
       0
       0
       0
       0
       0
       0
       1
       0
       2
       0
       0
       0
       1
       0
       0
       0
       0
       0
       0
       0
       1
       1
       0
       0
       0
       1
       0
       0
       0
       0
       0
       1
       0
       0
       0
       1
       0
       1
       0
       0
       0
       0
       1
       0
       1
       1
       1
       1
       0
       0
       0
       1
       0
       0
       0
       0
       0
       1
       1
       0
       0
       0
       0
       0
       0
       0
       0
       0
       0
       0
       0
       1
       0
       1
       0
       0
       0
       0
       1
       0
       1
       0
       0
       0
       0
       0
       0
       0
       0
       0
       0
       1
       1
       0
       0
       1
       0
       1
       0
       0
       0
       0
       0
       0
       0
       0
       0
       0
       0
       0
       0
       1
       0
       0
       0
       0
       0
       0
       0
       0
       0
       0
       1
       0
       0
       1
       1
       0
       0
       0
       0
       0
       1
       0
       0
       0
       0
       0
       0
       1
       0
       0
       1
       0
       0
       0
       0
       0
       0
       0
       0
       0
       0
       0
       0
       0
       1
       2
       1
       0
       0
       0
       0
       0
       0
       1
       0
       0
       0
       0
       0
       0
       0
       0
       0
       0
       0
       0
       0
       0
       1
       0
       0
       1
       0
       0
       0
       0
       0
       0
       1
       0
       0
       0
       0
       0
       0
       1
       0
       0
       0
       0
       0
       2
       0
       1
       0
       0
       0
       1
       0
       0
       1
       0
       0
       1
       0
       0
       1
       0
       1
       1
       0
       0
       0
       0
       0
       0
       0
       1
       1
       0
       0
       0
       1
       0
       1
       0
       0
       0
       0
       0
       0
       0
       0
       0
       0
       0
       1
       1
       0
       0
       0
       0
       2
       0
       0
       1
       0
       0
       0
       0
       1
       0
       1
       0
       0
       0
       0
       0
       1
       0
       0
       0
       1
       0
       0
       0
       0
       0
       3
       0
       0
       0
       0
       0
       0
       0
       0
       0
       0
       0
       0
       0
       0
       0
       0
       0
       0
       0
       0
       1
       0
       0
       0
       0
       0
       1
       0
       1
       1
       0
       0
       0
       0
       0
       1
       1
       0
       0
       0
       0
       0
       0
       0
       0
       0
       0
       0
       0
       0
       0
       0
       0
       0
       0
       0
       1
       1
       1
       0
       0
       0
       0
       0
       0
       0
       0
       0
       0
       1
       1
       0
       0
       0
       0
       0
       0
       1
       0
       0
       0
       0
       0
       0
       1
       0
       0
       0
       0
       0
       0
       0
       0
       0
       0
       0
       0
       0
       0
       0
       0
       0
       0
       0
       0
       0
       0
       0
       0
       0
       0
       1
       0
       0
       1
       0
       0
       0
       0
       0
       0
       0
       0
       0
       0
       1
       0
       0
       0
       0
       0
       0
       1
       1
       1
       0
       1
       0
       0
       0
       0
       0
       0
       0
       0
       0
       0
       0
       1
       0
       0
       0
       0
       0
       0
       0
       0
       0
       0
       0
       1
       0
       0
       0
       0
       0
       1
       0
       0
       0
       1
       0
       0
       0
       0
       0
       0
       0
       0
       0
       0
       0
       0
       0
       0
       0
       0
       0
       0
       0
       0
       0
       0
       0
       0
       0
       0
       0
       0
       0
       0
       0
       0
       0
       1
       0
       0
       0
       1
       0
       1
       0
       0
       0
       0
       0
       0
       0
       0
       0
       1
       1
       0
       0
       0
       0
       0
       0
       0
       0
       1
       0
       0
       0
       0
       0
       0
       1
       0
       0
       0
       0
       0
       0
       0
       0
       0
       0
       0
       0
       0
       0
       0
       0
       0
       0
       0
       0
       0
       0
       0
       0
       0
       0
       1
       0
       1
       0
       0
       0
       0
       0
       0
       0
       1
       0
       0
       0
       0
       0
       0
       0
       0
       0
       0
       1
       1
       0
       1
       0
       0
       0
       0
       1
       0
       0
       0
       0
       1
       0
       0
       0
       0
       0
       0
       0
       0
       0
       0
       0
       1
       0
       0
       0
       0
       1
       0
       0
       0
       0
       0
       0
       0
       0
       0
       0
       0
       0
       0
       0
       0
       0
       0
       0
       0
       0
       0
       0
       0
       0
       1
       0
       0
       0
       0
       0
       1
       0
       0
       0
       0
       0
       0
       0
       0
       0
       1
       0
       0
       0
       0
       0
       0
       0
       0
       0
       0
       0
       0
       0
       0
       0
       0
       0
       0
       0
       0
       0
       1
       0
       1
       0
       0
       0
       0
       0
       0
       0
       0
       0
       0
       0
       0
       0
       0
       0
       0
       0
       0
       0
       0
       0
       0
       0
       0
       0
       0
       0
       0
       0
       1
       0
       0
       0
       1
       0
       0
       0
       0
       0
       1
       0
       0
       0
       0
       0
       0
       0
       0
       0
       0
       0
       0
       0
       0
       1
       0
       0
       0
       0
       0
       0
       0
       0
       0
       0
       0
       0
       0
       0
       0
       0
       0
       0
       0
       1
       1
       0
       0
       0
       0
       0
       0
       0
       0
       0
       0
       0
       0
       0
       0
       0
       0
       0
       0
       0
       0
       0
       0
       0
       0
       0
       0
       0
       0
       1
       0
       0
       1
       0
       0
       0
       0
       0
       0
       0
       0
       0
       0
       1
       0
       0
       0
       0
       0
       0
       0
       1
       0
       0
       0
       1
       0
       0
       0
       1
       1
       0
       0
       0
       0
       1
       0
       0
       0
       1
       0
       1
       0
       0
       0
       0
       0
       1
       0
       0
       1
       0
       1
       0
       0
       0
       0
       0
       0
       0
       0
       0
       0
       0
       0
       0
       0
       0
       0
       0
       0
       0
       0
       0
       0
       0
       0
       0
       1
       0
       0
       0
       0
       0
       0
       0
       0
       1
       0
       0
       0
       0
       0
       0
       0
       0
       0
       0
       0
       0
       0
       1
       1
       1
       0
       0
       0
       0
       0
       0
       0
       0
       1
       0
       0
       0
       0
       0
       0
       0
       0
       0
       0
       0
       0
       0
       0
       0
       0
       0
       1
       0
       0
       0
       0
       0
       0
       0
       0
       0
       0
       0
       0
       0
       0
       0
       0
       0
       0
       0
       0
       0
       0
       0
       0
       0
       0
       0
       1
       0
       0
       0
       0
       0
       0
       0
       0
       0
       0
       0
       0
       0
       0
       0
       0
       0
       1
       0
       0
       1
       0
       1
       1
       0
       0
       0
       0
       0
       0
       1
       0
       0
       0
       0
       0
       0
       0
       0
       0
       0
       0
       0
       0
       0
       1
       0
       0
       0
       0
       2
       0
       0
       0
       0
       1
       0
       0
       0
       0
       0
       0
       0
       0
       0
       0
       0
       0
       0
       0
       0
       0
       0
       0
       0
       0
       0
       0
       0
       0
       0
       0
       0
       0
       0
       0
       0
       0
       0
       0
       0
       0
       0
       1
       0
       0
       0
       0
       0
       0
       1
       0
       0
       0
       0
       0
       1
       0
       0
       0
       0
       0
       0
       0
       0
       0
       1
       0
       0
       0
       0
       0
       0
       0
       1
       0
       0
       0
       0
       0
       0
       0
       0
       0
       0
       0
       1
       0
       0
       0
       0
       0
       0
       0
       0
       0
       0
       0
       0
       0
       0
       0
       0
       0
       0
       1
       0
       0
       0
       1
       0
       0
       0
       0
       0
       0
       0
       0
       0
       0
       0
       1
       0
       0
       0
       1
       0
       0
       0
       1
       1
       1
       0
       0
       0
       0
       0
       0
       0
       0
       0
       1
       0
       0
       0
       0
       0
       0
       0
       1
       0
       0
       1
       0
       0
       0
       0
       0
       0
       0
       0
       0
       0
       0
       0
       0
       0
       0
       0
       0
       0
       0
       0
       0
       0
       0
       0
       0
       0
       0
       0
       0
       1
       0
       0
       0
       0
       0
       0
       1
       0
       0
       0
       0
       0
       0
       0
       0
       0
       0
       0
       0
       0
       0
       0
       0
       0
       0
       0
       1
       0
       0
       0
       0
       0
       0
       0
       0
       0
       0
       0
       0
       0
       0
       0
       0
       0
       0
       0
       0
       0
       0
       0
       0
       0
       0
       0
       0
       0
       0
       0
       0
       0
       0
       0
       0
       0
       0
       0
       0
       0
       0
       0
       0
       0
       0
       0
       0
       0
       0
       0
       0
       0
       1
       0
       0
       0
       0
       1
       0
       0
       0
       0
       0
       0
       0
       0
       0
       0
       0
       0
       1
       0
       0
       0
       0
       0
       0
       0
       0
       1
       0
       0
       0
       0
       0
       0
       0
       0
       0
       0
       1
       0
       0
       0
       0
       0
       0
       0
       1
       0
       0
       1
       0
       0
       0
       0
       0
       0
       0
       0
       0
       0
       0
       0
       0
       0
       0
       0
       0
       0
       0
       0
       0
       0
       0
       0
       1
       0
       0
       0
       0
       0
       0
       0
       0
       0
       0
       0
       0
       0
       0
       0
       0
       0
       0
       0
       0
       0
       0
       0
       0
       0
       0
       0
       0
       0
       0
       0
       0
       0
       0
       0
       0
       0
       0
       0
       0
       0
       0
       0
       1
       0
       0
       0
       0
       0
       0
       0
       0
       0
       0
       0
       0
       0
       0
       0
       0
       0
       0
       0
       0
       0
       1
       0
       1
       0
       0
       0
       0
       0
       0
       0
       0
       0
       0
       0
       1
       0
       0
       0
       0
       0
       0
       0
       0
       0
       0
       0
       0
       1
       0
       0
       1
       0
       0
       0
       0
       0
       0
       0
       0
       0
       0
       0
       0
       0
       0
       0
       0
       0
       0
       0
       0
       0
       0
       0
       0
       0
       0
       0
       0
       0
       0
       0
       0
       0
       0
       0
       0
       0
       0
       0
       0
       0
       0
       0
       0
       0
       0
       0
       0
       0
       0
       0
       0
       0
       0
       0
       0
       0
       1
       0
       0
       0
       0
       0
       0
       0
       0
       0
       0
       0
       0
       0
       0
       0
       0
       0
       1
       0
       0
       0
       0
       0
       0
       0
       0
       0
       0
       0
       0
       0
       0
       0
       0
       0
       0
       0
       0
       0
       0
       0
       0
       0
       0
       0
       0
       1
       0
       0
       0
       0
       0
       0
       0
       0
       0
       0
       0
       0
       0
       0
       0
       0
       0
       0
       0
       0
       0
       0
       0
       0
       0
       0
       0
       0
       0
       0
       0
       1
       0
       0
       0
       0
       0
       0
       0
       1
       0
       1
       0
       0
       0
       0
       0
       0
       0
       0
       0
       0
       0
       0
       0
       0
       1
       1
       0
       0
       0
       0
       0
       0
       0
       0
       0
       0
       0
       0
       1
       0
       0
       0
       0
       0
       0
       0
       0
       0
       0
       0
       0
       0
       0
       0
       0
       0
       0
       0
       0
       1
       0
       0
       0
       0
       0
       0
       1
       0
       0
       1
       0
       1
       0
       0
       0
       0
       0
       0
       0
       0
       0
       0
       0
       0
       0
       0
       0
       0
       0
       0
       1
       0
       0
       0
       0
       0
       0
       0
       0
       0
       0
       0
       0
       0
       0
       0
       0
       0
       0
       0
       0
       0
       0
       0
       0
       0
       0
       0
       0
       0
       0
       0
       0
       0
       0
       0
       0
       0
       0
       0
       0
       0
       0
       0
       0
       0
       0
       0
       0
       0
       0
       0
       0
       0
       0
       0
       0
       0
       0
       0
       0
       0
       0
       0
       0
       0
       0
       0
       0
       0
       0
       0
       0
       0
       0
       0
       1
       0
       0
       0
       0
       0
       0
       0
       0
       0
       0
       0
       0
       0
       0
       0
       0
       0
       0
       0
       0
       0
       0
       0
       0
       0
       0
       0
       0
       0
       0
       0
       0
       1
       0
       0
       0
       0
       0
       0
       0
       0
       0
       0
       0
       1
       1
       0
       0
       0
       0
       0
       0
       0
       0
       0
       0
       0
       0
       0
       0
       1
       0
       0
       0
       0
       0
       0
       0
       0
       1
       0
       0
       0
       0
       0
       0
       0
       0
       0
       0
       0
       0
       0
       0
       0
       0
       1
       0
       0
       0
       0
       0
       0
       0
       0
       0
       1
       0
       0
       0
       0
       0
       0
       0
       0
       0
       0
       0
       0
       0
       0
       0
       0
       0
       0
       0
       0
       0
       0
       0
       0
       0
       0
       0
       0
       0
       0
       0
       0
       0
       0
       0
       0
       0
       0
       0
       0
       1
       0
       0
       1
       0
       0
       0
       0
       0
       0
       0
       0
       0
       0
       0
       0
       0
       0
       0
       0
       0
       0
       0
       0
       0
       0
       0
       0
       0
       0
       0
       0
       0
       0
       0
       0
       0
       0
       0
       1
       0
       0
       0
       0
       0
       0
       0
       0
       0
       0
       0
       0
       0
       0
       0
       0
       0
       0
       0
       0
       0
       0
       0
       0
       0
       0
       0
       0
       0
       0
       0
       0
       0
       0
       0
       0
       0
       0
       0
       0
       0
       0
       0
       0
       0
       0
       0
       0
       0
       0
       0
       0
       0
       0
       0
       0
       1
       0
       0
       0
       0
       0
       0
       0
       0
       1
       0
       0
       0
       0
       0
       0
       0
       0
       0
       0
       0
       0
       0
       1
       0
       0
       0
       0
       0
       0
       0
       0
       0
       0
       0
       0
       0
       0
       0
       0
       1
       1
       1
       0
       0
       0
       0
       0
       0
       0
       0
       0
       0
       0
       0
       0
       0
       0
       0
       0
       0
       0
       0
       0
       0
       0
       0
       0
       0
       0
       0
       0
       0
       0
       0
       0
       0
       0
       0
       0
       0
       0
       0
       0
       0
       0
       0
       0
       0
       0
       0
       0
       1
       0
       0
       0
       0
       0
       0
       0
       0
       0
       0
       0
       0
       0
       0
       0
       0
       0
       0
       0
       0
       0
       0
       0
       0
       0
       0
       0
       0
       0
       0
       0
       0
       0
       0
       0
       0
       0
       0
       0
       0
       0
       0
       0
       0
       1
       0
       0
       0
       0
       0
       0
       0
       0
       0
       0
       0
       0
       0
       0
       0
       0
       0
       0
       0
       0
       0
       0
       0
       0
       0
       0
       0
       1
       0
       0
       0
       0
       0
       0
       0
       0
       0
       0
       0
       0
       0
       0
       0
       0
       0
       0
       0
       0
       0
       0
       0
       0
       0
       0
       0
       0
       0
       0
       0
       0
       0
       0
       0
       0
       0
       0
       0
       0
       0
       0
       0
       0
       0
       0
       0
       0
       0
       0
       0
       0
       0
       0
       0
       0
       0
       0
       0
       0
       0
       0
       0
       0
       0
       0
       0
       0
       0
       0
       0
       0
       0
       0
       0
       0
       0
       0
       0
       0
       0
       0
       0
       0
       0
       0
       1
       0
       0
       0
       0
       0
       0
       0
       0
       0
       0
       0
       0
       0
       1
       0
       0
       0
       0
       0
       0
       1
       0
       0
       0
       0
       0
       0
       0
       0
       0
       0
       0
       0
       0
       0
       0
       1
       0
       0
       0
       0
       0
       0
       0
       0
       0
       0
       0
       0
       0
       0
       0
       0
       0
       0
       0
       0
       0
       0
       0
       0
       0
       2
       0
       0
       0
       1
       0
       0
       0
       0
       0
       0
       0
       0
       0
       0
       0
       0
       0
       0
       0
       0
       0
       0
       0
       0
       0
       0
       0
       0
       0
       0
       0
       0
       0
       0
       0
       1
       0
       0
       0
       0
       0
       0
       0
       0
       0
       0
       0
       0
       0
       0
       0
       0
       0
       0
       0
       0
       0
       0
       0
       0
       0
       0
       0
       1
       0
       0
       0
       0
       0
       0
       0
       0
       0
       0
       0
       0
       0
       0
       0
       0
       0
       0
       0
       1
       0
       0
       0
       1
       0
       0
       0
       0
       0
       0
       0
       0
       0
       0
       0
       0
       0
       0
       0
       0
       0
       0
       0
       0
       0
       1
       0
       0
       0
       0
       0
       0
       0
       0
       0
       0
       0
       0
       0
       0
       0
       0
       0
       0
       0
       0
       0
       0
       0
       0
       0
       0
       0
       0
       0
       0
       0
       0
       0
       0
       0
       0
       0
       0
       0
       0
       0
       0
       0
       0
       0
       0
       0
       0
       0
       1
       0
       0
       0
       0
       0
       0
       0
       0
       0
       0
       0
       0
       0
       0
       0
       0
       0
       0
       0
       0
       0
       0
       0
       0
       0
       0
       0
       0
       0
       0
       0
       0
       0
       0
       0
       0
       0
       0
       0
       0
       0
       0
       0
       0
       0
       0
       0
       0
       0
       0
       0
       0
       0
       0
       0
       0
       0
       0
       0
       0
       0
       0
       0
       0
       0
       0
       0
       0
       0
       0
       0
       0
       0
       0
       0
       0
       0
       0
       0
       0
       0
       0
       0
       0
       0
       0
       0
       0
       0
       0
       0
       0
       0
       0
       0
       0
       0
       0
       0
       0
       0
       0
       0
       0
       0
       0
       0
       0
       0
       0
       0
       0
       0
       0
       0
       0
       0
       0
       0
       0
       0
       0
       0
       0
       0
       0
       0
       0
       0
       0
       0
       0
       0
       0
       0
       0
       0
       0
       0
       0
       0
       0
       0
       0
       0
       0
       0
       0
       0
       0
       0
       0
       0
       0
       0
       0
       0
$ROI:
0
$PRESETS:
None
0
0
$ENER_FIT:
0.000000 0.000000
$MCA_CAL:
3
0.000000E+000 0.000000E+000 0.000000E+000 
$SHAPE_CAL:
3
0.000000E+000 0.000000E+000 0.000000E+000
