$SPEC_ID:
No sample description was entered.
$SPEC_REM:
DET# 1
DETDESC# SCE-SOPA-00035 MCB 133
AP# Maestro Version 7.01
$DATE_MEA:
10/29/2019 14:28:19
$MEAS_TIM:
2625 2650
$DATA:
0 4095
       0
       0
       0
       0
       0
       0
       1
       0
       0
       2
       0
       0
       0
       0
       0
       1
       1
       0
       0
       0
       0
       0
       0
       0
       0
       1
       8
      55
      63
     447
    2730
    2930
    2918
    3025
    2957
    2997
    2948
    2906
    2962
    2952
    2892
    2853
    2744
    2958
    2856
    2883
    2864
    2838
    2790
    2839
    2832
    2815
    2837
    2799
    2849
    2793
    2689
    2741
    2745
    2750
    2808
    2859
    2793
    2774
    2827
    2803
    2855
    2799
    2705
    2786
    2810
    2798
    2762
    2737
    2717
    2752
    2686
    2785
    2781
    2761
    2953
    2830
    2787
    2856
    2852
    2766
    2887
    2762
    2895
    2834
    2942
    2839
    2816
    2843
    2934
    2853
    2794
    2917
    2929
    2950
    2847
    2791
    2810
    2835
    2804
    2826
    2790
    2839
    2783
    2909
    2878
    2811
    2785
    2925
    2875
    2857
    2904
    2928
    2984
    2826
    2978
    2955
    2895
    3117
    2865
    2900
    3009
    2965
    3014
    2982
    2958
    2976
    2923
    3038
    2933
    2940
    2956
    2983
    3015
    2965
    3052
    3036
    2921
    3002
    2948
    2968
    2854
    2970
    2896
    2908
    2978
    3005
    3098
    2989
    2995
    3001
    2957
    2940
    2782
    2922
    2989
    2846
    2939
    2975
    2940
    2905
    2933
    3042
    2960
    2917
    2933
    2837
    2937
    3059
    3007
    2928
    2954
    3008
    3113
    2934
    3041
    2928
    3005
    3067
    2993
    2983
    2997
    3064
    3044
    3085
    3043
    3084
    3087
    3003
    3054
    3164
    3171
    3163
    3188
    3138
    3254
    3376
    3317
    3372
    3321
    3539
    3404
    3553
    3651
    3788
    3890
    4085
    4234
    4353
    4554
    4463
    4661
    4537
    4476
    4543
    4480
    4326
    4341
    4139
    4241
    4074
    3943
    3843
    3788
    3796
    3592
    3604
    3610
    3519
    3547
    3473
    3519
    3298
    3238
    3360
    3271
    3264
    3216
    3149
    3136
    3084
    3110
    3032
    3093
    3019
    2918
    2911
    2908
    2881
    2877
    2828
    2692
    2832
    2841
    2790
    2714
    2678
    2578
    2735
    2595
    2669
    2561
    2603
    2582
    2637
    2565
    2617
    2555
    2446
    2541
    2489
    2424
    2428
    2424
    2376
    2379
    2359
    2450
    2352
    2283
    2462
    2321
    2344
    2316
    2304
    2303
    2387
    2296
    2328
    2293
    2319
    2345
    2299
    2296
    2291
    2254
    2309
    2176
    2273
    2243
    2258
    2252
    2258
    2149
    2207
    2323
    2416
    2421
    2314
    2196
    2190
    2197
    2162
    2136
    2159
    2126
    2130
    2249
    2062
    2133
    2212
    2098
    2126
    2144
    2077
    2123
    2133
    2095
    2064
    2088
    2040
    2073
    2051
    2128
    2038
    2143
    2064
    2074
    2063
    2023
    2093
    2083
    2105
    2032
    2054
    1975
    2010
    2023
    2094
    2050
    2028
    2031
    2028
    2023
    2025
    2037
    2003
    2037
    2025
    2055
    1956
    2009
    1972
    2059
    1972
    2007
    2083
    2018
    1967
    2054
    1966
    1970
    2056
    1975
    1890
    1969
    2010
    2013
    1963
    1978
    1917
    2012
    1975
    2003
    2015
    1958
    1949
    1914
    1959
    1934
    2073
    1921
    2051
    1933
    1980
    2015
    1917
    1941
    1992
    1799
    1925
    2005
    1939
    1978
    1950
    1951
    1925
    1941
    1942
    1980
    2001
    1892
    1929
    1939
    1952
    1807
    1914
    1953
    1932
    1936
    1941
    1945
    1914
    1923
    1898
    1849
    2026
    1875
    1960
    1912
    1871
    1960
    1845
    1868
    1906
    1879
    1961
    1868
    1865
    1925
    1951
    1965
    1913
    1903
    1942
    1904
    1914
    1995
    1935
    1981
    1879
    1861
    1881
    1989
    1930
    1993
    1887
    1884
    1902
    1862
    1953
    1938
    1885
    1849
    1883
    1872
    1792
    1864
    1929
    1945
    1922
    1955
    1901
    1904
    1932
    1904
    1894
    1933
    1874
    1920
    1896
    1896
    1962
    1856
    1963
    1871
    1963
    1887
    1952
    1931
    1877
    1876
    1939
    1950
    1895
    1903
    1893
    1825
    1955
    1939
    1945
    1922
    1801
    1964
    1862
    1874
    1970
    1938
    1901
    1965
    1905
    1907
    1917
    1920
    1845
    1906
    1882
    1872
    1874
    1951
    1949
    1878
    1852
    1907
    1931
    1843
    1986
    1892
    1905
    1916
    1874
    1907
    1880
    1895
    1881
    1970
    1886
    1941
    1914
    1920
    1857
    1921
    1916
    1850
    1858
    1937
    1912
    1922
    1996
    1951
    1880
    1912
    1893
    1891
    1904
    1969
    1944
    1989
    1924
    1981
    2014
    1887
    1956
    1920
    1923
    1937
    1930
    1998
    1926
    1866
    1955
    1978
    1835
    2016
    1958
    1965
    1948
    1894
    2019
    1910
    1870
    1934
    2051
    1994
    1969
    1899
    1947
    1987
    1908
    1909
    1954
    1932
    1917
    1942
    1945
    1876
    1859
    1883
    2006
    1955
    1924
    1979
    1963
    1992
    1936
    1913
    1864
    1969
    2002
    1915
    1976
    2039
    2017
    2030
    1990
    2000
    1945
    1920
    1943
    1906
    1970
    1937
    1988
    1952
    2052
    1967
    2004
    2022
    2003
    2021
    2060
    2038
    1979
    2083
    2055
    2033
    2004
    2034
    1957
    2051
    2050
    2014
    2023
    1999
    1972
    1970
    1982
    2040
    2011
    1997
    2099
    2023
    2055
    2059
    2066
    1999
    1996
    2135
    2087
    2013
    2025
    2064
    2124
    1949
    2037
    2057
    2045
    2024
    2021
    2131
    2098
    2026
    2042
    2000
    2009
    1947
    2031
    2022
    2042
    2052
    2060
    2068
    2119
    2033
    2074
    2037
    2038
    2162
    2094
    2086
    2137
    2151
    2128
    1983
    2035
    1987
    2046
    2080
    2123
    2113
    2161
    2101
    2203
    2098
    2214
    2051
    2118
    2121
    2168
    2108
    2118
    2191
    2131
    2082
    2137
    2179
    2191
    2151
    2094
    2201
    2109
    2170
    2118
    2202
    2194
    2199
    2163
    2203
    2260
    2146
    2205
    2195
    2165
    2153
    2233
    2235
    2289
    2211
    2196
    2248
    2295
    2228
    2202
    2283
    2327
    2237
    2246
    2218
    2342
    2278
    2265
    2319
    2206
    2236
    2257
    2305
    2260
    2234
    2232
    2349
    2249
    2235
    2199
    2304
    2352
    2238
    2294
    2341
    2362
    2361
    2348
    2330
    2410
    2322
    2325
    2350
    2343
    2287
    2340
    2292
    2308
    2339
    2436
    2380
    2429
    2357
    2439
    2392
    2381
    2386
    2354
    2332
    2485
    2385
    2435
    2397
    2366
    2435
    2427
    2427
    2434
    2434
    2535
    2446
    2495
    2460
    2493
    2535
    2419
    2516
    2464
    2550
    2516
    2551
    2550
    2500
    2578
    2574
    2690
    2775
    2770
    2635
    2679
    2613
    2607
    2568
    2547
    2652
    2600
    2654
    2590
    2627
    2605
    2594
    2701
    2660
    2589
    2742
    2664
    2639
    2684
    2644
    2811
    2706
    2682
    2709
    2671
    2658
    2707
    2744
    2698
    2758
    2710
    2787
    2825
    2885
    2801
    2915
    2848
    2889
    2823
    2911
    2871
    2909
    2821
    2933
    2775
    2901
    2893
    2939
    2949
    2906
    2973
    2986
    2965
    2893
    3008
    2914
    2994
    3080
    3067
    3142
    3062
    3009
    3163
    3102
    3165
    3214
    3072
    3125
    3169
    3215
    3203
    3084
    3225
    3181
    3178
    3117
    3247
    3238
    3209
    3192
    3199
    3421
    3426
    3327
    3242
    3317
    3403
    3330
    3396
    3423
    3382
    3428
    3496
    3486
    3485
    3520
    3557
    3577
    3546
    3614
    3611
    3624
    3544
    3554
    3562
    3600
    3790
    3574
    3713
    3694
    3774
    3718
    3717
    3722
    3761
    3705
    3834
    3837
    3885
    3930
    3719
    3740
    3928
    3909
    3916
    3787
    4011
    3842
    3955
    3896
    3827
    3948
    3962
    3900
    3763
    3845
    3807
    3716
    3600
    3520
    3415
    3174
    3286
    3198
    3017
    3027
    2911
    2875
    3006
    3028
    2917
    2875
    2757
    2947
    2772
    2769
    2789
    2787
    2825
    2771
    2794
    2795
    2772
    2748
    2789
    2726
    2697
    2659
    2733
    2671
    2741
    2669
    2682
    2735
    2726
    2693
    2633
    2734
    2714
    2705
    2659
    2664
    2791
    2677
    2595
    2655
    2647
    2779
    2610
    2592
    2553
    2623
    2647
    2594
    2689
    2633
    2717
    2662
    2652
    2623
    2558
    2726
    2560
    2500
    2583
    2648
    2578
    2588
    2604
    2600
    2532
    2612
    2562
    2581
    2598
    2551
    2556
    2399
    2584
    2553
    2507
    2557
    2462
    2445
    2523
    2509
    2479
    2416
    2492
    2532
    2462
    2331
    2376
    2449
    2441
    2494
    2298
    2480
    2473
    2440
    2466
    2331
    2443
    2350
    2432
    2410
    2530
    2448
    2442
    2393
    2410
    2508
    2399
    2448
    2490
    2468
    2394
    2421
    2438
    2440
    2506
    2462
    2527
    2523
    2560
    2483
    2559
    2617
    2586
    2527
    2467
    2567
    2571
    2525
    2594
    2554
    2646
    2582
    2583
    2594
    2617
    2644
    2576
    2587
    2608
    2690
    2658
    2535
    2502
    2512
    2573
    2505
    2430
    2451
    2245
    2220
    2084
    1967
    1926
    1878
    1841
    1889
    1775
    1881
    1788
    1837
    1756
    1772
    1757
    1758
    1755
    1753
    1750
    1760
    1746
    1734
    1747
    1774
    1804
    1781
    1800
    1725
    1828
    1802
    1757
    1807
    1868
    1862
    1914
    1926
    1964
    2018
    2075
    1989
    2074
    2189
    2212
    2244
    2532
    2416
    2709
    2760
    3059
    3336
    3743
    4585
    7143
   14202
   29666
   50803
   59850
   44989
   20645
    6384
    2013
    1203
    1061
    1018
    1032
    1002
     961
     971
     949
     896
     909
     849
     898
     837
     909
     815
     839
     816
     824
     789
     701
     771
     760
     739
     726
     743
     719
     697
     705
     626
     628
     652
     619
     652
     588
     565
     623
     548
     515
     527
     505
     550
     547
     533
     495
     487
     478
     481
     470
     489
     460
     477
     461
     415
     417
     412
     434
     373
     390
     401
     355
     370
     390
     372
     333
     352
     366
     329
     338
     360
     329
     321
     322
     348
     329
     307
     319
     309
     337
     288
     331
     311
     321
     323
     313
     329
     301
     312
     295
     325
     346
     363
     318
     333
     301
     370
     334
     357
     352
     363
     412
     379
     366
     410
     410
     397
     430
     399
     435
     414
     425
     430
     479
     456
     436
     469
     495
     437
     462
     490
     496
     480
     530
     579
     553
     576
     549
     582
     589
     607
     644
     631
     714
     703
     739
     725
     798
     849
     853
     906
     938
    1027
    1100
    1198
    1285
    1433
    1538
    1624
    1898
    2097
    2712
    4072
    7116
   15625
   30686
   46564
   48563
   33125
   14108
    3849
     827
     249
     203
     144
     156
     159
     132
     128
     120
      99
     125
     111
     117
     127
     123
     102
     100
     114
     113
     113
     111
     102
      87
     114
     109
     102
      94
     107
      97
     102
      93
     104
      96
     111
      93
     105
     104
      99
      92
     113
      97
     108
     105
     128
     102
     103
     108
     111
     112
     113
     108
     111
     117
     119
     111
      90
     109
     108
     106
     101
      94
     112
      96
     119
     103
     102
     103
      82
      98
     109
      91
      99
      93
     102
      92
      83
     106
     112
      84
     109
     101
      82
      99
     104
     101
     123
      95
     103
      90
      97
      83
      95
      99
     112
      97
      95
      87
      87
      73
     100
     110
      92
     112
      88
      79
     101
      97
      93
      91
      94
      96
      87
      84
     100
      96
     101
      93
      95
      97
      73
      91
     108
      92
      95
     107
     106
      85
     110
      82
      97
      91
      96
      73
      92
     107
      92
      79
      94
      86
     102
      88
      75
      97
      81
      83
     118
      93
      78
      75
      87
      93
     100
     105
      92
      91
      99
      88
     104
      76
      93
      95
      72
      97
      70
      89
     101
     101
      84
      89
      85
     106
      97
      86
      99
     101
      88
      87
      83
      96
      89
      75
      85
      98
      82
      77
      87
     101
      79
      96
     111
      82
      86
      73
      91
      79
      78
      89
      80
      85
      96
      97
     101
      90
      77
      89
      90
      86
      86
      95
      97
     104
      73
      95
      94
      89
      86
      90
     104
     104
      90
     100
     101
      68
      91
      76
      86
      84
      94
      75
      82
      86
      91
      70
      95
      91
      86
      80
      82
      80
      85
      82
      86
     101
      81
      75
      80
      87
      75
      86
      77
      71
      76
      70
      95
      83
      79
      78
      87
      85
      82
      76
      75
      70
      76
      68
      64
      76
      65
      60
      60
      73
      76
      77
      68
      86
      92
      82
      73
      77
      90
      70
      79
      87
      77
      76
      96
      73
      73
      82
      69
      79
      85
      86
      87
      81
      79
      79
      58
      82
      66
      65
      71
      76
      67
      70
      66
      82
      69
      72
      65
      93
      72
      78
      58
      74
      68
      82
      90
      74
      56
      79
      82
      69
      64
      72
      65
      78
      82
      84
      58
      69
      86
      63
      71
      67
      84
      63
      64
      66
      81
      73
      85
      89
      64
      62
      96
      71
      82
      74
      63
      72
      82
      82
      64
      72
      72
      75
      80
      63
      80
      70
      83
      73
      77
      89
      72
      74
      76
      64
      88
      74
      73
      77
      74
      58
      64
      65
      56
      73
      73
      58
      69
      60
      59
      67
      73
      88
      80
      72
      79
      70
      71
      67
      74
      72
      73
      57
      68
      73
      56
      77
      60
      69
      70
      61
      72
      61
      59
      76
      66
      75
      49
      73
      73
      54
      66
      78
      69
      68
      75
      68
      72
      68
      74
      73
      71
      62
      63
      68
      65
      69
      64
      74
      72
      66
      71
      52
      69
      56
      72
      78
      85
      71
      76
      51
      70
      85
      81
      57
      70
      71
      84
      64
      75
      66
      69
      77
      71
      81
      61
      60
      58
      77
      74
      80
      57
      69
      62
      80
      77
      77
      71
      69
      56
      66
      65
      70
      78
      74
      73
      75
      50
      81
      48
      71
      63
      62
      55
      73
      72
      79
      67
      88
      65
      65
      61
      50
      57
      59
      76
      64
      86
      66
      61
      67
      52
      77
      61
      78
      69
      62
      72
      72
      65
      64
      74
      70
      78
      69
      68
      79
      70
      73
      62
      73
      64
      67
      69
      58
      58
      49
      53
      53
      59
      74
      67
      69
      73
      56
      57
      70
      63
      60
      66
      71
      53
      63
      63
      69
      70
      64
      76
      60
      62
      51
      64
      52
      77
      66
      83
      73
      70
      54
      70
      66
      61
      61
      76
      63
      58
      67
      66
      58
      48
      66
      75
      55
      63
      60
      64
      76
      59
      59
      69
      61
      56
      64
      72
      71
      59
      69
      78
      66
      80
      65
      54
      65
      63
      60
      71
      59
      71
      79
      52
      53
      57
      59
      66
      80
      48
      57
      46
      59
      60
      69
      66
      71
      64
      54
      53
      55
      64
      70
      49
      53
      75
      87
      67
      56
      66
      81
      78
      69
      76
      65
      68
      71
      66
      56
      73
      54
      72
      51
      63
      61
      64
      62
      72
      74
      62
      54
      63
      81
      66
      71
      60
      62
      61
      68
      75
      54
      51
      58
      72
      64
      54
      71
      59
      73
      63
      69
      55
      63
      67
      54
      57
      59
      46
      66
      63
      67
      61
      55
      73
      68
      51
      59
      67
      40
      69
      63
      50
      58
      55
      58
      54
      70
      62
      80
      66
      61
      48
      75
      51
      52
      60
      59
      70
      59
      48
      57
      70
      56
      73
      60
      63
      66
      46
      69
      69
      52
      55
      57
      62
      75
      48
      57
      58
      43
      54
      65
      69
      54
      57
      66
      57
      65
      46
      65
      56
      58
      56
      45
      58
      68
      45
      61
      48
      60
      57
      57
      55
      35
      44
      44
      49
      54
      58
      43
      45
      70
      58
      47
      53
      60
      41
      45
      53
      52
      49
      54
      56
      57
      47
      52
      51
      45
      45
      54
      56
      54
      59
      59
      49
      55
      47
      54
      59
      49
      57
      58
      54
      52
      52
      54
      52
      42
      46
      49
      45
      44
      42
      40
      47
      40
      49
      49
      49
      49
      45
      43
      50
      49
      48
      39
      51
      55
      35
      49
      59
      51
      60
      46
      56
      53
      48
      57
      31
      45
      51
      48
      44
      51
      36
      51
      51
      49
      39
      40
      62
      50
      52
      39
      37
      58
      37
      47
      46
      52
      57
      48
      35
      45
      40
      47
      32
      44
      57
      46
      47
      40
      50
      49
      62
      37
      43
      49
      63
      63
      50
      46
      56
      52
      46
      55
      43
      43
      59
      54
      56
      59
      62
      51
      50
      43
      66
      53
      39
      54
      46
      39
      48
      57
      48
      50
      52
      54
      60
      47
      55
      58
      48
      57
      41
      50
      51
      49
      55
      48
      38
      45
      72
      57
      54
      62
      65
      59
      61
      52
      51
      66
      54
      58
      63
      54
      53
      49
      47
      63
      55
      80
      59
      58
      62
      58
      57
      76
      68
      56
      54
      64
      71
      48
      63
      65
      56
      61
      57
      58
      48
      60
      53
      55
      58
      57
      45
      51
      55
      58
      55
      51
      42
      37
      40
      43
      34
      35
      41
      48
      33
      26
      29
      36
      37
      37
      34
      26
      41
      38
      24
      34
      27
      40
      37
      34
      37
      15
      23
      47
      26
      36
      28
      31
      10
      27
      28
      31
      33
      26
      22
      27
      21
      37
      36
      30
      36
      28
      22
      26
      23
      22
      31
      21
      16
      27
      31
      28
      19
      26
      19
      28
      17
      18
      32
      19
      24
      19
      19
      25
      16
      21
      20
      17
      19
      20
      23
      22
      15
       7
      17
      18
      21
      17
      22
      14
      16
      10
       9
      18
      12
      11
      18
      15
      14
      13
      15
      16
      13
       9
      11
      14
       7
      11
      12
      15
      10
      10
       8
       5
       8
       6
       5
       6
      10
       9
      13
      10
      13
      11
       7
       8
      10
       5
       9
       6
       7
       8
      11
       7
       9
       5
       4
       4
       1
       8
       5
       7
       7
       8
       4
       5
      10
       5
       7
       4
       5
       6
       5
       4
       6
       9
       8
       3
       7
       6
      13
       7
       8
       9
       3
       5
       8
       5
       4
      10
      11
       9
      10
       7
      14
       7
      12
      11
       4
       6
      13
       9
       7
       4
      12
       7
      11
      11
      15
      16
       9
       9
      14
       9
      10
      14
      16
       7
      12
      14
      16
      11
      14
      12
      19
      24
      23
      17
      23
      33
      45
      53
      90
     115
     223
     330
     425
     481
     419
     233
     101
      36
       9
       2
       3
       0
       0
       0
       0
       3
       0
       0
       0
       2
       0
       1
       1
       1
       1
       1
       2
       1
       0
       1
       0
       1
       2
       0
       0
       0
       1
       0
       0
       0
       2
       0
       0
       0
       3
       0
       1
       1
       0
       1
       1
       0
       1
       0
       0
       0
       0
       0
       0
       0
       1
       1
       0
       0
       2
       2
       0
       2
       1
       0
       0
       0
       0
       1
       0
       1
       0
       0
       0
       0
       1
       1
       0
       1
       1
       0
       0
       0
       0
       0
       0
       0
       0
       0
       0
       1
       0
       1
       1
       0
       0
       0
       0
       1
       2
       0
       0
       0
       1
       0
       3
       1
       2
       1
       3
       0
       0
       0
       0
       0
       0
       2
       2
       0
       1
       0
       0
       0
       0
       2
       0
       1
       0
       0
       0
       2
       0
       1
       0
       0
       1
       0
       0
       0
       2
       0
       0
       0
       2
       3
       2
       0
       0
       0
       1
       0
       1
       0
       0
       0
       1
       3
       0
       0
       1
       1
       0
       0
       0
       0
       0
       1
       0
       2
       0
       0
       0
       0
       0
       0
       0
       1
       0
       0
       0
       1
       1
       2
       0
       0
       0
       0
       0
       0
       0
       0
       0
       1
       0
       0
       1
       0
       0
       1
       1
       0
       0
       0
       0
       0
       0
       0
       1
       0
       0
       0
       0
       0
       0
       1
       0
       0
       0
       0
       0
       0
       1
       0
       0
       2
       0
       1
       0
       0
       0
       1
       0
       0
       0
       0
       0
       0
       0
       0
       0
       0
       0
       0
       0
       0
       0
       0
       1
       0
       0
       0
       0
       0
       0
       0
       0
       1
       0
       0
       0
       0
       0
       1
       0
       0
       0
       0
       0
       0
       0
       1
       0
       0
       0
       0
       0
       1
       0
       1
       1
       0
       0
       1
       0
       0
       0
       0
       1
       0
       0
       1
       0
       0
       0
       0
       0
       0
       1
       0
       0
       0
       0
       1
       0
       0
       2
       0
       0
       0
       0
       1
       0
       1
       0
       0
       1
       0
       0
       1
       1
       0
       0
       0
       1
       1
       1
       0
       0
       0
       0
       0
       0
       0
       0
       0
       0
       0
       0
       2
       1
       0
       1
       0
       0
       1
       1
       0
       0
       1
       2
       0
       0
       0
       0
       0
       0
       0
       0
       0
       0
       0
       0
       0
       0
       1
       1
       0
       0
       0
       1
       0
       0
       1
       0
       1
       0
       0
       1
       0
       0
       0
       0
       0
       0
       0
       1
       0
       0
       1
       0
       1
       0
       1
       0
       1
       0
       0
       0
       0
       0
       0
       0
       0
       0
       0
       0
       1
       0
       0
       0
       0
       1
       0
       0
       0
       0
       0
       0
       0
       0
       2
       0
       0
       0
       0
       0
       0
       0
       1
       0
       0
       0
       1
       0
       1
       0
       0
       0
       0
       0
       0
       0
       0
       0
       0
       0
       0
       0
       0
       0
       0
       0
       0
       0
       0
       1
       0
       0
       0
       0
       0
       0
       0
       0
       0
       0
       0
       0
       1
       0
       0
       0
       0
       0
       0
       0
       0
       0
       2
       0
       0
       0
       0
       0
       0
       0
       0
       0
       1
       0
       0
       1
       1
       0
       0
       0
       0
       0
       1
       0
       1
       0
       0
       0
       0
       0
       0
       0
       0
       0
       0
       0
       0
       0
       0
       0
       0
       1
       0
       0
       0
       0
       0
       0
       0
       0
       0
       0
       0
       0
       0
       1
       0
       0
       0
       1
       0
       0
       0
       0
       0
       0
       0
       0
       1
       0
       0
       0
       0
       0
       0
       0
       0
       1
       0
       0
       0
       0
       0
       0
       0
       0
       0
       0
       0
       0
       0
       0
       0
       0
       0
       1
       0
       0
       0
       0
       0
       0
       0
       0
       0
       0
       0
       0
       0
       0
       0
       0
       1
       1
       0
       0
       0
       0
       1
       0
       1
       1
       2
       0
       1
       0
       1
       0
       0
       1
       0
       0
       0
       0
       0
       1
       0
       0
       0
       0
       0
       0
       0
       2
       1
       0
       0
       0
       0
       0
       0
       0
       1
       0
       0
       0
       0
       0
       0
       0
       0
       0
       0
       1
       1
       0
       0
       0
       0
       0
       1
       0
       0
       0
       0
       0
       0
       0
       1
       0
       0
       0
       0
       0
       0
       1
       0
       0
       0
       0
       0
       0
       0
       0
       0
       0
       1
       1
       0
       0
       0
       0
       0
       0
       0
       0
       0
       0
       0
       0
       0
       0
       0
       0
       0
       0
       0
       0
       0
       0
       0
       0
       1
       0
       0
       0
       0
       0
       0
       0
       0
       0
       0
       0
       0
       0
       1
       0
       0
       0
       0
       0
       0
       0
       0
       0
       0
       0
       0
       1
       0
       0
       0
       0
       0
       0
       0
       0
       0
       0
       1
       0
       0
       0
       1
       0
       0
       0
       0
       0
       0
       0
       0
       0
       0
       1
       0
       0
       0
       0
       0
       0
       0
       0
       0
       0
       0
       0
       0
       0
       0
       0
       0
       0
       0
       1
       0
       0
       0
       0
       0
       0
       0
       0
       0
       0
       0
       0
       0
       0
       0
       1
       0
       0
       0
       0
       0
       0
       0
       0
       0
       1
       1
       0
       0
       0
       0
       0
       0
       0
       0
       0
       0
       0
       0
       0
       1
       0
       0
       0
       0
       1
       0
       0
       0
       0
       0
       1
       0
       0
       0
       1
       0
       0
       1
       0
       0
       0
       0
       0
       0
       0
       0
       0
       0
       0
       0
       0
       0
       0
       1
       0
       0
       0
       0
       0
       0
       0
       0
       0
       0
       0
       0
       0
       0
       0
       1
       0
       0
       0
       0
       0
       0
       0
       0
       0
       0
       0
       1
       0
       0
       0
       0
       0
       0
       0
       0
       0
       0
       0
       0
       0
       0
       0
       0
       0
       0
       0
       0
       0
       0
       0
       1
       0
       0
       0
       0
       1
       0
       0
       0
       0
       0
       0
       0
       1
       0
       0
       0
       1
       0
       0
       0
       0
       0
       0
       0
       0
       0
       0
       0
       0
       0
       0
       0
       0
       0
       0
       0
       0
       0
       1
       0
       0
       0
       0
       0
       0
       0
       0
       0
       0
       1
       1
       0
       0
       0
       0
       0
       0
       0
       0
       0
       0
       0
       0
       1
       0
       0
       0
       0
       0
       0
       0
       0
       2
       1
       0
       0
       1
       0
       0
       0
       0
       0
       0
       0
       0
       0
       0
       0
       0
       0
       0
       0
       0
       0
       0
       0
       0
       0
       0
       0
       0
       0
       0
       0
       0
       0
       0
       0
       0
       0
       0
       0
       0
       0
       0
       0
       0
       0
       0
       0
       0
       0
       0
       0
       1
       0
       0
       0
       0
       0
       0
       0
       0
       1
       0
       0
       0
       0
       1
       0
       0
       0
       1
       0
       0
       0
       0
       0
       0
       0
       0
       0
       0
       0
       0
       0
       0
       0
       0
       0
       0
       0
       0
       0
       0
       0
       0
       0
       0
       0
       0
       0
       0
       0
       0
       0
       0
       0
       0
       0
       0
       1
       0
       0
       1
       0
       0
       0
       0
       0
       0
       0
       0
       0
       0
       0
       0
       0
       0
       0
       0
       0
       0
       0
       0
       0
       0
       0
       0
       0
       0
       0
       0
       1
       0
       0
       0
       0
       0
       0
       0
       0
       0
       0
       1
       0
       0
       0
       0
       0
       0
       0
       0
       0
       0
       0
       1
       0
       0
       0
       0
       0
       0
       0
       0
       0
       0
       0
       0
       0
       0
       1
       0
       0
       0
       0
       0
       0
       0
       1
       0
       0
       0
       0
       0
       0
       1
       0
       0
       0
       0
       0
       0
       0
       0
       0
       0
       0
       0
       0
       0
       0
       0
       0
       0
       0
       0
       0
       0
       0
       1
       0
       0
       0
       1
       0
       0
       0
       0
       0
       0
       0
       0
       0
       0
       0
       0
       0
       0
       0
       0
       0
       0
       0
       0
       0
       0
       0
       0
       0
       0
       0
       0
       0
       0
       0
       0
       0
       0
       1
       0
       0
       0
       0
       0
       0
       1
       0
       0
       0
       0
       0
       0
       0
       0
       0
       0
       0
       0
       0
       0
       0
       0
       0
       0
       0
       0
       0
       0
       0
       0
       0
       0
       0
       1
       0
       0
       0
       0
       1
       0
       0
       0
       0
       0
       0
       1
       0
       0
       0
       0
       0
       0
       0
       1
       0
       0
       0
       0
       0
       0
       0
       0
       0
       0
       0
       0
       0
       0
       0
       0
       0
       0
       0
       0
       0
       0
       0
       0
       0
       0
       0
       0
       0
       0
       0
       0
       0
       0
       0
       0
       0
       0
       0
       0
       0
       0
       0
       0
       0
       0
       0
       0
       0
       0
       0
       0
       0
       0
       0
       0
       0
       0
       0
       0
       0
       0
       0
       0
       0
       0
       1
       0
       0
       1
       0
       0
       0
       0
       0
       0
       0
       0
       1
       0
       0
       0
       0
       0
       0
       0
       0
       0
       0
       0
       0
       0
       0
       0
       0
       0
       0
       0
       0
       1
       0
       0
       0
       0
       0
       0
       0
       0
       0
       0
       1
       1
       0
       0
       0
       0
       0
       0
       0
       0
       0
       0
       1
       0
       0
       0
       0
       0
       0
       0
       0
       0
       0
       0
       0
       0
       0
       0
       0
       0
       0
       0
       0
       0
       0
       0
       0
       0
       0
       0
       0
       0
       0
       0
       0
       0
       0
       0
       0
       0
       0
       0
       0
       0
       0
       0
       0
       0
       0
       0
       0
       0
       0
       0
       0
       0
       0
       0
       0
       0
       0
       0
       0
       0
       0
       0
       0
       0
       0
       0
       0
       0
       0
       0
       0
       0
       0
       0
       0
       0
       0
       0
       0
       0
       0
       0
       0
       0
       0
       0
       0
       0
       0
       0
       0
       0
       0
       0
       0
       0
       0
       0
       0
       0
       0
       0
       0
       0
       0
       0
       0
       0
       0
       0
       0
       0
       0
       0
       0
       0
       0
       0
       0
       0
       0
       0
       0
       0
       0
       0
       0
       0
       0
       0
       0
       0
       0
       0
       0
       0
       0
       0
       0
       0
       0
       0
       0
       0
       0
       0
       0
       0
       0
       0
       0
       0
       0
       0
       0
       0
       0
       0
       0
       0
       0
       0
       0
       0
       0
       0
       0
       0
       0
       0
       0
       0
       0
$ROI:
0
$PRESETS:
None
0
0
$ENER_FIT:
0.000000 0.000000
$MCA_CAL:
3
0.000000E+000 0.000000E+000 0.000000E+000 
$SHAPE_CAL:
3
0.000000E+000 0.000000E+000 0.000000E+000
