$SPEC_ID:
No sample description was entered.
$SPEC_REM:
DET# 1
DETDESC# SCE-SOPA-00035 MCB 133
AP# Maestro Version 7.01
$DATE_MEA:
10/04/2019 11:24:04
$MEAS_TIM:
9400 9402
$DATA:
0 4095
       0
       0
       0
       0
       0
       0
       1
       0
       5
       1
       0
       2
       1
       2
       2
       5
       0
       2
       1
       1
       0
       0
       2
       0
       0
       1
       5
      21
      11
      39
     273
     289
     303
     341
     284
     310
     297
     317
     313
     297
     295
     294
     293
     307
     267
     325
     315
     336
     297
     320
     283
     300
     303
     287
     299
     325
     275
     325
     294
     298
     261
     301
     312
     359
     320
     296
     303
     281
     281
     305
     278
     304
     312
     297
     304
     335
     317
     286
     295
     323
     301
     356
     305
     321
     338
     287
     323
     331
     324
     343
     333
     369
     365
     403
     384
     315
     330
     300
     349
     361
     337
     344
     350
     331
     348
     331
     368
     380
     372
     351
     362
     334
     379
     368
     360
     341
     393
     363
     368
     384
     389
     379
     378
     369
     398
     385
     405
     384
     380
     396
     390
     421
     378
     407
     420
     396
     386
     390
     410
     410
     393
     398
     393
     434
     440
     389
     368
     393
     385
     398
     399
     407
     397
     400
     402
     386
     411
     378
     373
     396
     406
     384
     385
     381
     417
     363
     363
     386
     371
     350
     372
     377
     375
     389
     378
     380
     363
     353
     384
     383
     325
     376
     394
     371
     381
     379
     387
     403
     380
     339
     356
     375
     364
     358
     356
     372
     367
     365
     380
     358
     366
     375
     365
     368
     408
     423
     347
     374
     401
     415
     404
     416
     432
     441
     458
     430
     500
     459
     490
     476
     418
     480
     454
     440
     439
     429
     418
     408
     432
     378
     408
     390
     365
     398
     366
     391
     376
     376
     380
     373
     375
     365
     359
     374
     347
     338
     328
     345
     332
     326
     308
     341
     325
     302
     311
     285
     314
     340
     321
     325
     291
     288
     291
     279
     285
     295
     262
     262
     267
     276
     286
     284
     288
     267
     267
     283
     276
     269
     274
     263
     260
     253
     222
     222
     292
     252
     286
     241
     243
     262
     230
     234
     247
     225
     258
     225
     226
     232
     270
     221
     239
     233
     235
     209
     223
     219
     210
     225
     218
     221
     229
     239
     254
     222
     230
     216
     238
     206
     195
     191
     204
     200
     202
     213
     227
     218
     203
     206
     200
     220
     199
     206
     182
     212
     198
     227
     208
     190
     220
     205
     217
     207
     212
     198
     196
     183
     171
     182
     200
     187
     192
     195
     200
     194
     156
     202
     202
     191
     173
     184
     184
     185
     186
     202
     198
     175
     180
     178
     177
     164
     187
     182
     173
     187
     189
     200
     198
     200
     153
     173
     183
     174
     154
     184
     188
     172
     174
     170
     187
     202
     182
     167
     173
     179
     183
     160
     182
     163
     185
     200
     171
     166
     161
     171
     152
     193
     171
     166
     169
     155
     171
     176
     173
     156
     168
     155
     157
     154
     171
     151
     171
     184
     170
     162
     160
     159
     142
     162
     178
     151
     149
     151
     171
     151
     138
     150
     180
     172
     157
     152
     158
     158
     149
     181
     156
     174
     170
     154
     169
     119
     171
     154
     176
     143
     141
     173
     169
     148
     153
     167
     142
     158
     156
     158
     166
     150
     140
     150
     141
     151
     152
     177
     138
     144
     142
     152
     140
     141
     152
     144
     129
     163
     152
     163
     138
     152
     140
     149
     133
     145
     132
     154
     148
     128
     181
     160
     148
     151
     140
     135
     155
     153
     157
     145
     131
     151
     178
     158
     144
     166
     163
     176
     208
     178
     168
     172
     147
     144
     130
     164
     135
     141
     139
     147
     143
     152
     134
     151
     137
     126
     150
     142
     138
     139
     140
     125
     117
     149
     134
     143
     146
     120
     129
     148
     130
     141
     136
     130
     149
     140
     126
     140
     144
     153
     124
     162
     132
     127
     161
     149
     161
     126
     152
     141
     153
     125
     141
     117
     138
     156
     161
     172
     118
     141
     128
     127
     130
     121
     121
     135
     135
     150
     132
     131
     149
     129
     154
     125
     115
     143
     143
     131
     143
     136
     143
     141
     130
     141
     134
     142
     107
     131
     134
     128
     133
     136
     132
     138
     137
     114
     134
     130
     130
     130
     137
     128
     125
     138
     121
     134
     136
     146
     141
     123
     116
     125
     154
     143
     148
     143
     145
     141
     142
     119
     150
     154
     144
     142
     132
     163
     134
     154
     137
     139
     120
     138
     133
     115
     137
     137
     136
     132
     133
     133
     143
     108
     126
     121
     145
     135
     152
     158
     143
     131
     127
     121
     122
     113
     124
     142
     141
     138
     142
     145
     135
     132
     142
     131
     139
     136
     154
      99
     158
     120
     146
     137
     116
     145
     139
     142
     138
     139
     131
     128
     152
     133
     127
     112
     129
     130
     133
     122
     157
     138
     138
     134
     150
     147
     142
     129
     131
     164
     132
     171
     133
     131
     146
     132
     168
     152
     124
     122
     129
     159
     146
     145
     138
     151
     118
     153
     143
     144
     132
     139
     138
     129
     143
     151
     137
     139
     150
     138
     140
     145
     144
     154
     141
     144
     151
     127
     149
     142
     142
     154
     150
     133
     156
     148
     144
     139
     165
     142
     151
     146
     128
     158
     134
     136
     161
     160
     138
     155
     131
     135
     150
     144
     137
     126
     139
     148
     138
     137
     146
     130
     138
     144
     140
     137
     141
     157
     150
     146
     138
     141
     137
     129
     135
     155
     134
     167
     151
     133
     169
     135
     172
     155
     159
     145
     135
     141
     144
     145
     153
     157
     164
     150
     161
     149
     147
     164
     138
     158
     168
     178
     138
     145
     145
     138
     144
     138
     137
     153
     138
     160
     157
     169
     167
     161
     143
     138
     155
     158
     163
     149
     160
     173
     146
     170
     158
     137
     149
     168
     171
     153
     140
     182
     140
     166
     167
     162
     163
     176
     184
     172
     163
     159
     167
     160
     188
     154
     171
     166
     176
     169
     162
     175
     171
     194
     151
     188
     163
     175
     189
     171
     181
     185
     164
     177
     187
     187
     172
     166
     178
     149
     187
     152
     162
     188
     161
     198
     187
     189
     200
     164
     167
     173
     174
     184
     192
     195
     175
     206
     204
     202
     190
     181
     213
     183
     185
     202
     204
     206
     199
     195
     204
     199
     187
     210
     189
     188
     197
     202
     213
     209
     183
     209
     195
     204
     210
     205
     202
     204
     208
     202
     201
     225
     206
     203
     218
     198
     231
     218
     235
     202
     226
     221
     227
     184
     214
     227
     220
     214
     209
     186
     213
     180
     176
     180
     183
     188
     194
     165
     173
     192
     152
     172
     192
     155
     147
     144
     145
     154
     146
     129
     139
     164
     137
     160
     144
     155
     138
     155
     160
     167
     147
     140
     165
     144
     147
     140
     146
     172
     173
     162
     164
     161
     130
     155
     133
     156
     165
     138
     151
     154
     165
     142
     118
     152
     144
     159
     139
     157
     145
     161
     124
     157
     145
     148
     162
     134
     154
     166
     122
     151
     127
     163
     153
     161
     138
     140
     139
     152
     137
     146
     143
     149
     154
     146
     127
     121
     130
     139
     117
     159
     141
     139
     128
     135
     156
     137
     122
     125
     144
     145
     128
     127
     125
     136
     143
     125
     148
     124
     134
     140
     118
     146
     133
     146
     152
     127
     133
     136
     136
     154
     158
     130
     132
     117
     129
     139
     114
     141
     137
     134
     139
     155
     143
     150
     130
     151
     137
     134
     121
     157
     153
     158
     151
     150
     171
     127
     140
     138
     134
     118
     133
     118
     146
     140
     135
     116
     110
      95
     115
     111
      95
     103
     105
     113
     103
      97
      99
      96
      82
      64
      92
      83
      74
     104
      89
      74
     112
     101
      96
      76
      70
      74
      74
      91
      93
      84
      77
      82
      80
      73
      82
      77
      85
      98
      81
      84
      71
      96
      94
      90
      74
      74
      81
      84
      87
      87
     106
     202
     493
    1433
    2893
    3687
    2917
    1382
     417
     123
      62
      66
      53
      59
      57
      42
      51
      52
      50
      61
      49
      47
      47
      41
      67
      46
      44
      47
      44
      41
      40
      51
      56
      42
      49
      41
      43
      42
      50
      45
      37
      40
      34
      32
      34
      36
      36
      32
      27
      24
      28
      29
      27
      29
      25
      24
      17
      35
      30
      29
      20
      21
      30
      36
      24
      27
      22
      21
      28
      25
      28
      29
      23
      25
      24
      31
      16
      26
      25
      20
      26
      12
      29
      20
      15
      25
      27
      14
      15
      23
      19
      20
      15
      20
      17
      12
      23
      20
      21
      26
      22
      21
      10
      19
       7
      23
      23
      11
      26
      24
      18
      15
      25
      23
      16
      20
      15
      22
      16
      13
      17
      18
      24
      32
      22
      21
      20
      21
      21
      16
      19
      17
      24
      15
      21
      16
      23
      13
      22
      13
      22
      21
      18
      16
      18
      13
      17
      24
      21
      13
      17
      16
      27
      20
      25
      18
      31
      23
      22
      33
      88
     286
     856
    1959
    3096
    2974
    1790
     696
     159
      26
       7
      17
       7
       9
      10
       5
       4
       4
       5
       2
       6
       5
       6
       5
       4
       7
       5
       6
       6
       7
       6
       6
       3
       3
       6
       5
       8
       3
       6
       7
      14
       6
       7
       5
       7
       7
      10
       9
       7
       5
       7
       6
       4
       4
       5
       4
       3
       9
       7
       3
       6
       3
       7
       3
       6
       6
       4
       4
       7
       6
       3
       4
       3
       2
       8
       3
       7
      12
       5
       7
       8
       7
       4
       6
       4
       4
       6
       7
       4
       4
       4
       7
       6
       3
       5
       8
       6
      10
       4
      10
       3
       4
       5
       3
       9
       5
       4
       6
       6
       3
       7
       8
       4
       4
       5
       6
       2
       5
       3
       6
       2
      10
       4
       5
       7
       3
       2
       6
       4
       2
       8
      15
      15
      18
      15
      14
       5
       5
       1
       5
       5
       1
       5
       9
       5
       4
       2
       1
       4
       3
       7
       5
       4
       6
       4
       2
       3
       5
       1
       2
       3
       7
       7
       7
       7
       1
       2
       0
       6
       3
       1
       4
       4
       2
       7
       3
       4
       4
       4
       6
       9
       6
       5
       0
       7
       7
       4
       8
       8
       4
       5
       5
       3
       3
       4
       6
       3
       6
       3
       2
       4
       4
       6
       3
       3
       3
       1
       5
       5
       4
       4
       0
       3
       6
       2
       5
       1
       3
       5
       3
       3
       6
       5
       2
       3
       4
       1
       3
       4
       3
       4
       3
       5
       4
       5
       5
       2
       7
       1
       3
       8
       3
       3
       3
       2
       5
       4
       2
       4
       1
       5
       5
       5
       7
       6
       4
       4
       7
       4
       5
       3
       4
       2
       2
       5
       8
       3
       3
       4
       3
       1
       6
       0
       3
       3
       5
       5
       4
       0
       8
       5
       2
       5
       4
       3
       5
       8
       1
       5
       4
       4
       1
       3
       2
       5
       3
       3
       3
       3
       1
       5
       3
       6
       2
       3
       3
       4
       2
       4
       7
       4
       6
       3
       3
       2
       2
       5
       2
       1
       4
       6
       2
       4
       3
       1
       5
       1
       3
       3
       5
       3
       2
       5
       5
       2
       5
       4
       4
       3
       4
       4
       1
       1
       4
       1
       1
       3
       2
       5
       4
       2
       5
       1
       5
       4
       2
       6
       4
       5
       2
       2
       3
       2
       3
       1
       3
       2
       5
       4
       5
       4
       2
       3
       1
       2
       3
       4
       1
       4
       6
       3
       6
       3
       3
       4
       2
       4
       6
       3
       3
       4
       3
       4
       4
       1
       2
       0
       6
       1
       2
       2
       5
       1
       5
       6
       6
       3
       1
       3
       0
       5
       1
       2
       2
       2
       0
       1
       1
       2
       4
       5
       0
       3
       1
       8
       4
       3
       2
       1
       0
       4
       2
       0
       5
       7
       2
       5
       5
       3
       4
       5
       6
       3
       4
       2
       5
       2
       3
       2
       3
       2
       3
       2
       3
       5
       0
       4
       4
       4
       4
       3
       3
       2
       5
       2
       3
       4
       3
       5
       3
       3
       3
       4
       4
       3
       0
       1
       3
       2
       2
       3
       2
       2
       6
       1
       4
       3
       5
       0
       2
       2
       4
       5
       5
       3
       4
       2
       1
       4
       3
       4
       2
       6
       1
       2
       4
       3
       1
       1
       2
       3
       2
       2
       5
       6
       3
       4
       2
       1
       6
       1
       1
       3
       6
       2
       3
       0
       1
       2
       1
       5
       3
       2
       4
       5
       0
       1
       0
       7
       4
       2
       4
       2
       4
       3
       3
       5
       3
       5
       1
       1
       2
       3
       3
       1
       0
       4
       1
       2
       2
       1
       2
       4
       3
       7
       4
       5
       3
       1
       1
       6
       1
       4
       0
       6
       2
       3
       2
       1
       3
       3
       2
       2
       1
       1
       0
       1
       3
       1
       3
       3
       0
       4
       3
       2
       2
       1
       3
       3
       2
       0
       1
       3
       0
       1
       2
       4
       3
       1
       3
       3
       2
       1
       1
       2
       2
       3
       1
       2
       1
       0
       3
       2
       3
       2
       4
       1
       5
       1
       4
       3
       1
       4
       2
       1
       6
       3
       1
       1
       7
       2
       3
       2
       4
       4
       2
       3
       1
       1
       1
       1
       5
       5
       0
       1
       0
       0
       1
       1
       0
       4
       2
       3
       0
       2
       1
       1
       8
       2
       1
       4
       0
       1
       1
       2
       1
       3
       1
       1
       0
       2
       2
       2
       4
       1
       5
       2
       1
       2
       1
       2
       1
       1
       1
       2
       1
       1
       5
       1
       2
       0
       6
       3
       2
       1
       6
       2
       5
       1
       3
       3
       1
       1
       3
       0
       1
       1
       4
       1
       1
       1
       2
       0
       2
       0
       1
       5
       0
       2
       3
       5
       2
       1
       3
       4
       2
       1
       1
       2
       1
       1
       1
       1
       3
       3
       1
       0
       2
       2
       1
       4
       3
       2
       4
       3
       3
       2
       2
       6
       3
       1
       4
       1
       0
       2
       6
       1
       1
       3
       4
       0
       1
       2
       0
       3
       3
       3
       1
       2
       0
       1
       5
       2
       5
       3
       2
       2
       1
       1
       1
       0
       2
       2
       1
       1
       2
       2
       3
       1
       1
       0
       1
       2
       3
       0
       2
       4
       2
       2
       0
       3
       2
       4
       3
       0
       3
       3
       2
       1
       0
       1
       4
       2
       3
       2
       3
       1
       0
       1
       2
       3
       1
       1
       2
       1
       0
       0
       2
       3
       2
       3
       3
       0
       0
       2
       0
       2
       4
       1
       0
       1
       2
       0
       0
       1
       2
       4
       2
       2
       3
       0
       2
       4
       2
       2
       2
       2
       4
       2
       0
       1
       2
       2
       2
       1
       4
       3
       1
       0
       1
       2
       4
       1
       0
       1
       2
       3
       0
       3
       1
       0
       0
       2
       4
       0
       1
       3
       1
       1
       4
       2
       1
       0
       1
       1
       1
       1
       2
       1
       1
       3
       3
       2
       2
       1
       2
       1
       2
       2
       1
       3
       2
       1
       1
       1
       1
       0
       1
       2
       1
       2
       0
       1
       0
       1
       4
       5
       0
       3
       1
       1
       2
       1
       1
       1
       2
       1
       3
       1
       2
       2
       3
       6
       2
       2
       0
       2
       3
       2
       3
       1
       0
       4
       2
       1
       1
       4
       0
       2
       3
       2
       3
       1
       1
       2
       2
       1
       4
       3
       2
       2
       1
       2
       0
       1
       1
       0
       1
       2
       1
       1
       0
       1
       1
       2
       5
       2
       0
       0
       1
       0
       2
       0
       2
       0
       0
       2
       2
       1
       0
       1
       1
       1
       0
       2
       3
       1
       2
       2
       1
       1
       0
       2
       2
       2
       1
       0
       2
       2
       1
       0
       1
       2
       0
       1
       2
       0
       0
       0
       0
       1
       0
       0
       1
       0
       0
       0
       0
       0
       1
       1
       2
       1
       2
       1
       0
       2
       0
       2
       1
       2
       1
       0
       1
       2
       1
       0
       2
       0
       0
       0
       1
       1
       2
       0
       0
       0
       2
       1
       3
       1
       1
       2
       1
       0
       0
       0
       0
       2
       0
       0
       2
       0
       1
       1
       0
       0
       0
       2
       2
       1
       1
       1
       1
       1
       0
       0
       0
       0
       1
       0
       0
       2
       0
       1
       1
       0
       0
       0
       1
       1
       2
       3
       0
       0
       0
       1
       2
       0
       4
       0
       1
       1
       1
       1
       0
       1
       0
       2
       1
       0
       1
       0
       1
       0
       1
       2
       2
       0
       1
       0
       1
       1
       0
       0
       0
       2
       0
       1
       0
       0
       0
       0
       0
       2
       0
       0
       2
       1
       0
       1
       0
       0
       2
       2
       4
       7
       5
      11
      10
       7
       2
       1
       2
       0
       2
       0
       1
       0
       0
       0
       0
       0
       0
       0
       0
       1
       1
       2
       0
       0
       1
       0
       1
       0
       0
       2
       0
       1
       0
       0
       0
       2
       0
       0
       1
       0
       0
       0
       1
       1
       1
       0
       1
       0
       0
       0
       0
       1
       1
       1
       1
       0
       0
       2
       0
       0
       1
       1
       1
       0
       0
       0
       1
       0
       0
       1
       0
       0
       1
       1
       0
       0
       1
       3
       0
       1
       1
       0
       1
       0
       0
       1
       0
       0
       0
       1
       0
       1
       0
       0
       0
       0
       1
       0
       0
       1
       0
       0
       0
       0
       0
       1
       0
       0
       2
       4
       5
       2
       3
       3
       1
       1
       0
       0
       0
       0
       0
       0
       0
       1
       0
       0
       0
       1
       1
       0
       1
       2
       2
       0
       0
       0
       0
       0
       0
       1
       0
       0
       2
       0
       0
       0
       1
       0
       0
       0
       0
       1
       0
       0
       0
       0
       0
       1
       0
       0
       1
       0
       2
       0
       1
       0
       0
       1
       0
       1
       0
       0
       0
       0
       0
       1
       0
       0
       0
       0
       0
       0
       1
       0
       0
       0
       0
       0
       1
       0
       0
       1
       1
       1
       0
       0
       1
       2
       1
       0
       0
       0
       0
       0
       0
       0
       1
       0
       0
       2
       0
       0
       0
       2
       0
       1
       1
       0
       0
       0
       0
       0
       0
       0
       0
       1
       0
       1
       2
       0
       1
       1
       0
       1
       0
       1
       0
       0
       0
       0
       0
       2
       1
       0
       1
       0
       0
       0
       0
       0
       0
       2
       0
       0
       0
       1
       0
       0
       1
       0
       1
       0
       0
       0
       0
       0
       0
       0
       1
       0
       1
       0
       0
       1
       1
       0
       0
       1
       1
       1
       0
       0
       0
       0
       0
       0
       0
       1
       0
       0
       1
       0
       0
       0
       0
       0
       1
       1
       0
       0
       0
       0
       0
       0
       1
       0
       0
       0
       0
       0
       0
       0
       2
       0
       0
       0
       1
       0
       0
       0
       0
       1
       1
       1
       0
       0
       0
       0
       0
       2
       0
       0
       0
       0
       0
       0
       0
       1
       0
       0
       0
       0
       0
       1
       0
       0
       1
       0
       0
       1
       0
       0
       0
       0
       1
       0
       0
       0
       0
       0
       0
       1
       0
       1
       0
       0
       0
       0
       0
       0
       0
       0
       1
       0
       2
       0
       0
       0
       0
       1
       1
       0
       0
       1
       0
       1
       0
       0
       1
       0
       0
       0
       0
       0
       0
       0
       0
       0
       0
       0
       0
       1
       1
       0
       0
       1
       0
       0
       0
       0
       1
       0
       0
       1
       0
       0
       1
       0
       0
       0
       0
       0
       0
       0
       1
       2
       0
       0
       0
       0
       0
       0
       3
       1
       0
       0
       1
       0
       1
       0
       0
       0
       0
       0
       0
       0
       0
       0
       0
       1
       0
       0
       0
       0
       1
       2
       0
       0
       0
       0
       0
       0
       0
       0
       0
       0
       0
       0
       0
       1
       0
       0
       0
       1
       0
       0
       0
       0
       0
       0
       0
       0
       1
       1
       0
       0
       0
       0
       1
       0
       0
       1
       2
       1
       0
       0
       1
       0
       1
       0
       0
       0
       1
       1
       1
       0
       1
       0
       1
       0
       0
       0
       0
       0
       0
       0
       0
       0
       0
       1
       0
       0
       0
       0
       0
       0
       0
       0
       0
       0
       0
       0
       0
       0
       0
       0
       0
       0
       0
       0
       0
       0
       0
       1
       0
       0
       0
       1
       0
       0
       1
       0
       0
       0
       0
       0
       0
       0
       0
       0
       0
       1
       1
       0
       0
       0
       1
       1
       0
       0
       0
       0
       1
       2
       1
       1
       0
       1
       1
       1
       0
       0
       0
       0
       0
       0
       1
       0
       0
       0
       0
       0
       0
       0
       1
       0
       0
       0
       0
       0
       0
       0
       0
       0
       0
       0
       1
       2
       0
       0
       1
       0
       1
       0
       0
       1
       0
       0
       0
       1
       0
       1
       0
       0
       0
       0
       0
       0
       2
       0
       1
       0
       0
       0
       0
       0
       1
       1
       1
       0
       0
       1
       0
       0
       0
       2
       0
       0
       0
       0
       0
       0
       1
       0
       0
       0
       0
       0
       1
       1
       0
       1
       1
       0
       0
       0
       1
       0
       0
       0
       0
       0
       2
       0
       0
       0
       0
       1
       0
       0
       1
       1
       0
       0
       0
       0
       1
       1
       0
       1
       0
       1
       0
       0
       0
       0
       0
       0
       0
       0
       0
       0
       0
       0
       0
       1
       1
       0
       0
       0
       0
       0
       1
       0
       0
       1
       0
       0
       1
       2
       2
       0
       0
       0
       0
       1
       1
       1
       1
       0
       0
       0
       1
       0
       0
       0
       0
       1
       0
       0
       0
       1
       0
       0
       0
       0
       1
       0
       0
       0
       0
       0
       2
       0
       0
       0
       0
       0
       1
       0
       1
       0
       0
       1
       0
       0
       0
       1
       0
       0
       0
       0
       0
       0
       0
       1
       1
       0
       0
       0
       0
       1
       0
       0
       1
       0
       1
       0
       1
       0
       0
       0
       0
       1
       0
       0
       0
       0
       1
       0
       0
       1
       0
       1
       0
       0
       0
       0
       2
       0
       0
       0
       0
       0
       0
       1
       0
       1
       0
       0
       0
       0
       0
       1
       0
       0
       0
       0
       0
       1
       0
       0
       0
       0
       1
       0
       0
       2
       0
       0
       1
       0
       1
       0
       0
       0
       0
       0
       0
       0
       0
       0
       0
       0
       1
       0
       1
       0
       0
       1
       0
       0
       0
       0
       2
       1
       0
       0
       0
       0
       0
       0
       0
       0
       0
       0
       0
       0
       1
       0
       1
       0
       0
       1
       1
       0
       1
       1
       0
       0
       1
       0
       0
       0
       1
       0
       0
       0
       0
       0
       0
       0
       0
       0
       0
       1
       0
       1
       0
       1
       0
       1
       2
       0
       0
       0
       0
       0
       0
       0
       0
       0
       0
       1
       0
       0
       0
       0
       1
       0
       0
       1
       0
       0
       1
       0
       1
       1
       0
       0
       0
       0
       1
       0
       0
       2
       0
       0
       0
       1
       0
       1
       0
       0
       0
       2
       1
       1
       0
       0
       0
       0
       0
       0
       1
       0
       0
       0
       1
       0
       1
       0
       0
       0
       2
       0
       0
       0
       0
       0
       0
       1
       0
       0
       0
       0
       0
       1
       0
       0
       0
       0
       0
       1
       1
       0
       0
       0
       1
       0
       0
       1
       0
       1
       0
       1
       0
       2
       0
       0
       0
       0
       2
       0
       0
       0
       0
       0
       0
       0
       0
       0
       0
       0
       0
       1
       0
       1
       0
       1
       0
       1
       0
       0
       1
       0
       1
       0
       1
       1
       1
       0
       0
       0
       0
       0
       0
       1
       0
       0
       1
       1
       0
       0
       0
       1
       0
       0
       0
       0
       0
       0
       0
       0
       0
       0
       0
       1
       0
       0
       0
       0
       0
       1
       0
       0
       0
       0
       0
       1
       0
       1
       0
       2
       0
       0
       0
       1
       0
       0
       1
       0
       0
       0
       1
       0
       0
       0
       0
       0
       0
       0
       1
       1
       0
       0
       1
       1
       0
       0
       0
       0
       0
       1
       0
       0
       0
       0
       0
       0
       0
       0
       2
       0
       0
       0
       0
       0
       0
       0
       0
       0
       0
       0
       0
       1
       1
       0
       0
       0
       0
       1
       0
       0
       2
       0
       0
       0
       0
       0
       0
       0
       0
       0
       3
       0
       0
       2
       0
       0
       0
       0
       0
       3
       0
       1
       0
       1
       0
       0
       0
       2
       0
       0
       1
       0
       0
       0
       0
       0
       0
       0
       0
       0
       0
       0
       0
       0
       1
       2
       1
       0
       0
       0
       2
       1
       0
       0
       0
       0
       0
       0
       1
       1
       0
       0
       0
       0
       1
       0
       1
       0
       0
       0
       0
       1
       1
       0
       0
       0
       0
       0
       0
       0
       0
       1
       0
       0
       0
       0
       0
       0
       0
       0
       0
       0
       0
       0
       0
       0
       0
       0
       0
       0
       1
       0
       0
       0
       1
       0
       0
       0
       0
       0
       1
       1
       0
       0
       0
       0
       0
       0
       0
       0
       0
       1
       0
       0
       0
       1
       0
       1
       0
       0
       1
       0
       1
       0
       0
       0
       0
       0
       1
       0
       0
       0
       0
       1
       2
       0
       1
       0
       0
       2
       1
       0
       0
       0
       0
       1
       0
       0
       0
       0
       0
       0
       0
       0
       0
       0
       0
       0
       0
       1
       1
       0
       1
       0
       1
       0
       0
       0
       1
       0
       0
       0
       1
       0
       0
       0
       0
       2
       0
       0
       0
       0
       0
       1
       0
       0
       1
       0
       0
       0
       0
       0
       1
       2
       1
       0
       0
       0
       0
       0
       0
       0
       0
       0
       0
       0
       1
       0
       0
       0
       1
       0
       0
       0
       0
       0
       0
       1
       0
       0
       0
       0
       0
       0
       0
       0
       0
       0
       0
       0
       1
       0
       0
       0
       0
       1
       0
       0
       1
       0
       0
       0
       1
       0
       1
       0
       0
       0
       1
       1
       0
       0
       1
       0
       0
       0
       0
       0
       0
       1
       1
       1
       1
       1
       0
       0
       0
       0
       0
       0
       0
       0
       0
       0
       0
       1
       1
       0
       0
       0
       0
       0
       0
       0
       0
       0
       0
       0
       0
       0
       0
       0
       0
       0
       0
       0
       0
       0
       0
       0
       0
       0
       0
       0
       0
       0
       0
       0
       0
       0
       0
       0
       0
       0
       0
       0
       0
       0
       0
       0
       0
       0
       0
       0
       0
       0
       0
       0
       0
       0
       0
       0
       0
       0
       0
       0
       0
       0
       0
       0
       0
       0
       0
       0
       0
       0
       0
       0
       0
       0
       0
       0
       0
       0
       0
       0
       0
       0
       0
       0
       0
       0
       0
       0
       0
       0
       0
       0
       0
       0
       0
       0
       0
       0
       0
       0
       0
       0
       0
       0
       0
       0
       0
       0
       0
       0
       0
       0
       0
       0
       0
       0
       0
       0
       0
       0
       0
       0
       0
       0
       0
       0
       0
       0
       0
       0
       0
       0
       0
       0
       0
       0
       0
       0
       0
       0
       0
       0
       0
       0
       0
       0
       0
       0
       0
       0
       0
       0
       0
       0
       0
       0
       0
       0
       0
$ROI:
0
$PRESETS:
None
0
0
$ENER_FIT:
0.000000 0.000000
$MCA_CAL:
3
0.000000E+000 0.000000E+000 0.000000E+000 
$SHAPE_CAL:
3
0.000000E+000 0.000000E+000 0.000000E+000
