$SPEC_ID:
No sample description was entered.
$SPEC_REM:
DET# 1
DETDESC# SCE-SOPA-00035 MCB 133
AP# Maestro Version 7.01
$DATE_MEA:
10/29/2019 11:49:06
$MEAS_TIM:
1575 1664
$DATA:
0 4095
       0
       0
       0
       0
       0
       0
       0
       0
       0
       0
       0
       0
       0
       0
       0
       0
       0
       0
       0
       0
       0
       0
       0
       0
       0
       4
      48
     209
     225
    2651
   15545
   17189
   17971
   18558
   18784
   19740
   20341
   21140
   21676
   22737
   23667
   24684
   25804
   27170
   28916
   31067
   33154
   35063
   36643
   38552
   40453
   42704
   45807
   49102
   53396
   57909
   62555
   68871
   73467
   78167
   82043
   86697
   92157
   98116
  105281
  113582
  124027
  139758
  160901
  193362
  243052
  320207
  404119
  436856
  423720
  330554
  170818
   71269
   47648
   49112
   56307
   67411
   86007
  116200
  140639
  125340
   84975
   55912
   35604
   19844
   12862
   11779
   11496
   11241
   11537
   11417
   11226
   11219
   11280
   11550
   11218
   11145
   11627
   11479
   11555
   11374
   11492
   11782
   11757
   11899
   11782
   11985
   11809
   11945
   12091
   12059
   11997
   12013
   12102
   12146
   11977
   11990
   12063
   12187
   12382
   12106
   12348
   12372
   12267
   12199
   12249
   12441
   12476
   12408
   12510
   12331
   12528
   12451
   12644
   12455
   12535
   12665
   12546
   12772
   12757
   12838
   13134
   12984
   12697
   13028
   12786
   12733
   12853
   12704
   12885
   13090
   12880
   13210
   13181
   13482
   13346
   13404
   13335
   13601
   13546
   13620
   13884
   14015
   13939
   14418
   14433
   14637
   15057
   15334
   15687
   16129
   16599
   16876
   17039
   17178
   17196
   16812
   16535
   16216
   16184
   15924
   15466
   15506
   15459
   15110
   15097
   14911
   14611
   14504
   14599
   14372
   14137
   14286
   14013
   13862
   14195
   14141
   14046
   14184
   14162
   14140
   14132
   14084
   14091
   14059
   14065
   13818
   13781
   13693
   13173
   13408
   13396
   13169
   12996
   12567
   12555
   12402
   12428
   12330
   12156
   12241
   11933
   12011
   11953
   11923
   11598
   11573
   11639
   11360
   11223
   11274
   11181
   11145
   10955
   11254
   11019
   10917
   10822
   10862
   10782
   10888
   10869
   10659
   10785
   10626
   10612
   10450
   10497
   10392
   10428
   10318
   10458
   10356
   10392
   10375
   10307
   10118
   10232
   10182
   10260
   10227
   10257
   10032
   10110
   10118
    9897
   10022
   10055
   10047
    9969
   10069
    9852
   10064
    9914
   10064
    9920
    9973
    9991
    9856
    9970
    9946
   10066
    9953
   10009
    9872
    9892
   10025
   10029
   10075
   10075
    9981
    9929
   10158
    9940
   10017
   10088
   10028
    9999
   10192
   10134
   10085
    9984
   10199
    9957
   10134
   10399
   10378
   10146
   10121
   10434
   10445
   10356
   10355
   10335
   10395
   10405
   10464
   10350
   10452
   10614
   10682
   10704
   10694
   10694
   10773
   10714
   10813
   10885
   10806
   10935
   11183
   11012
   11201
   11137
   11137
   11243
   11271
   11336
   11389
   11567
   11621
   11525
   11790
   11826
   11594
   11772
   11876
   11885
   12102
   12040
   12125
   12103
   12087
   12511
   12416
   12563
   12439
   12512
   12530
   12477
   12710
   12656
   12644
   12840
   12763
   13140
   12951
   12950
   13115
   13086
   13034
   12983
   12914
   12870
   12936
   13065
   12882
   12856
   12789
   12821
   12475
   12357
   11970
   12193
   11802
   11535
   11261
   10770
   10387
   10027
    9525
    9189
    8951
    8663
    8565
    8557
    8172
    8008
    8080
    7884
    7803
    7663
    7439
    7717
    7380
    7430
    7198
    7177
    7165
    6996
    6978
    7039
    6881
    6951
    6764
    6818
    6561
    6615
    6596
    6491
    6554
    6449
    6185
    6213
    6106
    6212
    6090
    6058
    5817
    6036
    5986
    5741
    5854
    5651
    5590
    5555
    5446
    5444
    5432
    5356
    5334
    5202
    5268
    5034
    5156
    4930
    4881
    4818
    4875
    4762
    4782
    4677
    4719
    4662
    4567
    4492
    4381
    4489
    4310
    4356
    4282
    4161
    4077
    4222
    4138
    4004
    4045
    4097
    4039
    4088
    3959
    3979
    3969
    3949
    3790
    3806
    3846
    3868
    3785
    3849
    3883
    3780
    3870
    3782
    3781
    3783
    3786
    3807
    3629
    3793
    3824
    3793
    3731
    3731
    3846
    3765
    3837
    3751
    3896
    3870
    3960
    3819
    3729
    3875
    3944
    3934
    3899
    4024
    3995
    4128
    4091
    4090
    4215
    4301
    4338
    4407
    4353
    4393
    4497
    4564
    4588
    4694
    4750
    4902
    4807
    5019
    5186
    5304
    5415
    5548
    5665
    5822
    5863
    6023
    6328
    6593
    6975
    7373
    7857
    8162
    8451
    8512
    9129
    9301
    9898
   10186
   10870
   11560
   12386
   13054
   13916
   14824
   15914
   17106
   18750
   20428
   22542
   24894
   27953
   32464
   37883
   46885
   60054
   80629
  113141
  155038
  166733
  115127
   46805
   12610
    4265
    3440
    3165
    3057
    3097
    3147
    3059
    3097
    3102
    2972
    3049
    2919
    2886
    2888
    2877
    2879
    2875
    2807
    2925
    2806
    2913
    2853
    2866
    2865
    2857
    3016
    2851
    2847
    2939
    2904
    2983
    2931
    2844
    2879
    2741
    2891
    2881
    2994
    3000
    3004
    2924
    2864
    3079
    2964
    3032
    2992
    3020
    2894
    2971
    2931
    2908
    2937
    3008
    2988
    2960
    3044
    3067
    3086
    3094
    3134
    3259
    3237
    3218
    3242
    3326
    3379
    3488
    3753
    3763
    3901
    3872
    3911
    3552
    3013
    2986
    2866
    2920
    2954
    2976
    3084
    3253
    3229
    3093
    2942
    3045
    2840
    2745
    2831
    2803
    2839
    2884
    2785
    2825
    2804
    2825
    2926
    2854
    2854
    2915
    2823
    2824
    2830
    2910
    2995
    2880
    2984
    2939
    2905
    2910
    3056
    3002
    2927
    3014
    2981
    2978
    3038
    2924
    2958
    2904
    2952
    2950
    3075
    3039
    3104
    2940
    3045
    3041
    3009
    3022
    3092
    3213
    3073
    3078
    3056
    3117
    3121
    3197
    3033
    3135
    3185
    3166
    3087
    3157
    3221
    3202
    3181
    3220
    3161
    3293
    3237
    3160
    3324
    3236
    3246
    3196
    3332
    3345
    3250
    3296
    3463
    3320
    3319
    3427
    3246
    3328
    3282
    3356
    3398
    3469
    3358
    3429
    3379
    3507
    3546
    3668
    3621
    3665
    3540
    3580
    3493
    3501
    3610
    3639
    3540
    3599
    3632
    3610
    3594
    3648
    3737
    3509
    3752
    3663
    3663
    3739
    3817
    3694
    3697
    3825
    3789
    3815
    3856
    3901
    4017
    3919
    3821
    3944
    3995
    3947
    3928
    4063
    3998
    3979
    4097
    3984
    4086
    4162
    4158
    4206
    4238
    4283
    4194
    4300
    4354
    4223
    4245
    4292
    4369
    4355
    4474
    4413
    4465
    4507
    4464
    4455
    4423
    4558
    4463
    4642
    4782
    4652
    4742
    4628
    4704
    4693
    4709
    4657
    4818
    4815
    5030
    4850
    4818
    5017
    4844
    4936
    4909
    5009
    4979
    5026
    4910
    5083
    4970
    4952
    4993
    5039
    5097
    5205
    5012
    4968
    5104
    5107
    4900
    5046
    5065
    4895
    4784
    4862
    4721
    4680
    4438
    4447
    4391
    4240
    3986
    3889
    3644
    3609
    3610
    3330
    3313
    3179
    3166
    3107
    2992
    3056
    3008
    3039
    2937
    2894
    2916
    2891
    2915
    2813
    2839
    2889
    2733
    2819
    2693
    2750
    2565
    2645
    2570
    2582
    2610
    2562
    2573
    2534
    2532
    2468
    2603
    2530
    2546
    2473
    2535
    2412
    2392
    2562
    2351
    2321
    2269
    2289
    2296
    2131
    2173
    2135
    2199
    2062
    2132
    2026
    2138
    2061
    1969
    1888
    1961
    1966
    1906
    1902
    1909
    1850
    1860
    1840
    1779
    1814
    1726
    1738
    1659
    1662
    1615
    1603
    1599
    1625
    1558
    1532
    1527
    1451
    1456
    1386
    1448
    1379
    1294
    1369
    1348
    1240
    1211
    1220
    1239
    1181
    1180
    1158
    1134
    1065
    1100
    1097
    1125
    1055
    1099
    1044
    1018
     989
     996
    1023
    1021
    1006
     957
     944
     923
     960
     970
     913
     902
     919
     886
     881
     847
     829
     815
     875
     854
     847
     832
     821
     844
     831
     828
     815
     813
     849
     837
     818
     840
     805
     794
     806
     828
     851
     862
     860
     863
     931
     860
     912
     929
     911
     894
     945
     924
     949
    1042
    1038
    1114
    1073
    1114
    1095
    1199
    1117
    1153
    1260
    1309
    1226
    1367
    1413
    1403
    1483
    1498
    1536
    1688
    1665
    1787
    1933
    1912
    1919
    2194
    2395
    2552
    2653
    2786
    2805
    3067
    3095
    3332
    3583
    3877
    4044
    4335
    4774
    5009
    5459
    5742
    6401
    6897
    7674
    8618
    9592
   10786
   12262
   14614
   18353
   23395
   31088
   42804
   57718
   65442
   54787
   30470
   11068
    2792
     961
     706
     617
     555
     620
     599
     546
     544
     516
     573
     539
     504
     460
     499
     541
     519
     501
     482
     471
     505
     454
     477
     480
     493
     467
     494
     452
     443
     470
     436
     462
     457
     457
     452
     459
     479
     455
     439
     438
     439
     414
     456
     479
     434
     436
     482
     421
     423
     482
     449
     446
     479
     460
     451
     459
     479
     453
     482
     516
     508
     465
     477
     495
     486
     487
     558
     495
     539
     521
     502
     500
     499
     450
     424
     384
     397
     370
     354
     391
     398
     393
     378
     365
     363
     390
     351
     383
     353
     371
     336
     342
     357
     339
     371
     340
     332
     353
     369
     317
     346
     320
     351
     333
     350
     355
     360
     353
     352
     355
     375
     354
     360
     355
     353
     326
     301
     378
     341
     359
     363
     362
     346
     321
     345
     386
     342
     333
     317
     350
     350
     376
     340
     348
     347
     302
     371
     334
     338
     354
     373
     389
     334
     357
     363
     326
     365
     323
     330
     353
     337
     356
     351
     332
     356
     345
     381
     354
     334
     337
     349
     339
     378
     367
     332
     361
     357
     366
     333
     368
     345
     369
     368
     354
     378
     351
     346
     363
     379
     362
     368
     381
     340
     336
     389
     373
     331
     392
     380
     427
     410
     418
     428
     453
     418
     349
     335
     306
     326
     334
     341
     331
     320
     337
     342
     328
     323
     313
     295
     352
     301
     350
     328
     334
     305
     330
     295
     292
     305
     315
     300
     299
     304
     300
     356
     306
     266
     302
     308
     294
     338
     312
     309
     282
     311
     320
     311
     325
     309
     313
     292
     298
     336
     295
     324
     288
     331
     318
     336
     316
     299
     311
     300
     329
     321
     336
     293
     302
     353
     328
     314
     314
     290
     286
     300
     348
     326
     306
     280
     321
     329
     316
     289
     330
     301
     304
     324
     300
     308
     335
     310
     289
     316
     331
     319
     313
     353
     303
     328
     319
     298
     334
     304
     322
     337
     316
     340
     311
     331
     337
     290
     326
     359
     328
     320
     340
     307
     349
     329
     322
     335
     349
     338
     333
     331
     314
     333
     285
     310
     333
     328
     347
     332
     332
     354
     359
     334
     367
     328
     294
     349
     326
     355
     350
     380
     355
     351
     315
     349
     385
     374
     361
     336
     329
     343
     389
     342
     363
     400
     371
     368
     359
     368
     329
     311
     355
     377
     336
     317
     357
     373
     350
     327
     333
     366
     367
     363
     393
     333
     355
     385
     388
     382
     357
     401
     414
     416
     371
     368
     348
     336
     326
     372
     355
     333
     362
     331
     336
     362
     342
     325
     312
     344
     341
     309
     326
     292
     315
     301
     333
     312
     296
     336
     335
     332
     313
     311
     318
     304
     301
     343
     323
     315
     301
     328
     344
     317
     353
     318
     343
     353
     334
     312
     331
     322
     333
     290
     315
     353
     339
     348
     332
     306
     303
     308
     323
     346
     314
     336
     320
     315
     292
     312
     315
     316
     319
     314
     318
     312
     306
     355
     312
     293
     368
     335
     315
     357
     307
     303
     312
     327
     268
     337
     307
     338
     312
     317
     313
     308
     320
     313
     329
     318
     336
     296
     301
     313
     293
     279
     253
     260
     279
     242
     226
     217
     241
     221
     219
     226
     207
     228
     208
     196
     220
     200
     206
     184
     187
     200
     218
     216
     191
     203
     203
     200
     175
     187
     191
     192
     190
     189
     203
     191
     195
     181
     201
     180
     193
     178
     182
     190
     179
     178
     175
     169
     188
     176
     201
     175
     177
     204
     167
     181
     174
     205
     207
     161
     174
     174
     207
     189
     187
     194
     211
     168
     199
     217
     182
     232
     197
     224
     206
     224
     194
     231
     244
     245
     295
     286
     273
     333
     380
     413
     480
     677
     768
     988
    1076
     979
     607
     348
     151
     118
     100
     100
      97
      82
      92
      89
      89
      82
      80
      87
      74
      84
      77
      70
      92
      70
      78
      65
      78
      68
      70
      71
      68
      66
      58
      56
      63
      67
      57
      70
      74
      66
      53
      59
      61
      58
      57
      65
      61
      71
      54
      51
      51
      45
      55
      63
      46
      54
      55
      54
      57
      52
      55
      67
      38
      54
      44
      44
      41
      59
      46
      46
      62
      58
      49
      41
      50
      62
      51
      59
      57
      37
      51
      57
      62
      53
      58
      56
      63
      54
      67
      79
      68
      68
      65
      73
      69
      67
      69
      85
      85
      81
      88
      91
     105
      92
      89
      95
     117
     119
     118
     116
     126
     135
     152
     151
     149
     184
     174
     170
     209
     195
     253
     246
     249
     284
     282
     363
     349
     375
     411
     475
     516
     570
     667
     831
     998
    1291
    1599
    2189
    2704
    3308
    3198
    2501
    1507
     569
     217
      67
      47
      43
      37
      39
      35
      49
      33
      40
      25
      33
      39
      21
      29
      25
      24
      25
      36
      25
      15
      21
      18
      30
      24
      22
      23
      23
      28
      18
      19
      24
      25
      19
      19
      20
      23
      32
      16
      27
      18
      18
      25
      15
      27
      21
      25
      24
      21
      18
      24
      26
      40
      31
      24
      26
      19
      28
      18
      17
      17
      28
      29
      31
      21
      23
      24
      28
      25
      27
      22
      31
      25
      25
      20
      16
      26
      21
       9
      16
      15
      20
      15
      13
      18
      16
      16
      16
      16
      17
      21
      10
      10
      16
      15
      14
      14
      20
      18
      22
      17
      15
      18
      15
      17
      18
      22
      16
      22
      18
      22
      24
      13
      13
      13
      16
      17
      18
      13
       9
      12
      17
      22
      13
      16
      16
      17
      13
      12
      15
      10
      16
      18
      12
      15
      11
      10
      14
      22
      16
      18
      17
      18
      10
      18
      12
      19
      11
      17
      18
      13
      16
      13
       9
      17
      11
       7
      16
      18
      17
      19
      10
      17
      21
      14
      16
      16
      17
      20
      11
      11
      12
      18
      14
       9
      29
      15
      14
      20
      11
      10
      14
       9
      17
      13
      11
      11
      10
      16
      10
      15
       8
      11
      15
       7
      10
      13
      12
       8
      13
      13
      11
      13
      12
      13
      12
      11
      11
      13
      10
      12
      12
      14
      24
      13
      14
       8
      15
       9
       5
      18
      15
      12
      11
      14
      13
       9
       8
       7
       9
       8
      11
       7
       6
       5
      13
      11
      12
      10
      19
      12
      10
       7
       6
       7
       9
       9
      17
      10
      14
      12
       6
      13
       9
       6
      12
       6
       8
       8
      15
      16
       7
      10
      15
       9
      13
       7
       6
      13
      12
       9
      11
      15
       4
       9
      12
      14
       7
      10
      10
      10
      11
      13
       8
      11
      10
      13
      15
      15
       6
       8
       6
       6
      19
      10
       4
       9
      11
       7
       3
      10
       9
      13
       9
      10
       7
       9
      13
      18
      14
       9
      11
       6
       7
      13
      16
       4
       9
       9
      14
       6
       8
      15
      10
       4
      10
      18
       8
       5
      15
       9
      17
      11
       3
      10
      16
      13
       7
      16
       8
       7
       9
      10
      10
      12
       7
      12
       9
       6
      10
      11
      11
       7
      12
      10
      10
       9
       8
       8
      11
      14
       8
       3
       9
      11
       9
      10
       7
       7
       8
       2
      14
       3
       8
       3
       9
      10
       9
       7
       9
      13
       8
       8
       7
      12
       8
       8
       5
      11
       2
       5
       3
       5
       3
       6
       6
       5
       4
       5
       5
      11
       6
       8
       4
       4
       7
       8
       7
       2
       6
       6
       3
       6
       4
       8
       4
       1
       9
       7
       3
       4
       4
       6
       2
       3
       4
       4
       7
       5
       5
       4
       7
       3
       6
       7
       2
       2
       5
       2
       8
       2
       2
       2
       4
       1
       5
       4
       6
       5
       3
       2
       1
       2
       5
       3
       4
       1
       4
       2
       3
       2
       1
       4
       3
       4
       0
       2
       3
       4
       2
       4
       2
       3
       5
       0
       4
       7
       7
       1
       5
       5
       0
       4
       3
       4
       1
       1
       2
       2
       2
       1
       3
       3
       0
       3
       1
       3
       3
       4
       3
       6
       2
       1
       3
       4
       0
       2
       3
       3
       4
       3
       6
       1
       4
       1
       4
       1
       2
       2
       1
       0
       2
       3
       2
       0
       1
       4
       3
       3
       3
       5
       3
       1
       3
       3
       2
       0
       3
       5
       6
       6
       4
       8
       1
       1
       6
       6
       3
       9
       2
       6
       9
       6
       9
       8
       7
      13
       9
      10
       9
      11
      14
      20
      24
      23
      32
      35
      54
      37
      16
       9
       6
       0
       1
       2
       0
       0
       2
       1
       0
       1
       1
       0
       0
       0
       2
       1
       0
       1
       1
       2
       0
       1
       3
       1
       2
       0
       0
       0
       1
       0
       1
       0
       4
       2
       2
       0
       1
       1
       1
       3
       1
       1
       0
       3
       0
       3
       1
       3
       1
       0
       0
       1
       0
       0
       0
       1
       1
       0
       0
       0
       0
       1
       0
       0
       1
       0
       1
       1
       1
       1
       3
       1
       0
       0
       0
       0
       1
       0
       0
       3
       2
       0
       0
       0
       2
       2
       1
       2
       0
       3
       0
       0
       0
       0
       0
       1
       0
       0
       1
       0
       2
       1
       0
       5
       1
       0
       1
       1
       1
       2
       3
       0
       3
       0
       0
       0
       0
       1
       2
       1
       1
       1
       1
       0
       0
       0
       0
       0
       1
       0
       2
       0
       0
       2
       1
       1
       0
       0
       0
       0
       2
       0
       0
       0
       0
       1
       0
       2
       0
       0
       0
       1
       0
       1
       1
       1
       3
       1
       2
       0
       2
       0
       0
       0
       1
       2
       2
       0
       1
       1
       1
       1
       2
       0
       1
       0
       0
       0
       0
       1
       1
       1
       1
       1
       1
       1
       0
       1
       1
       1
       1
       1
       0
       2
       1
       1
       0
       1
       0
       0
       2
       1
       0
       0
       0
       3
       1
       0
       1
       0
       1
       0
       0
       1
       0
       0
       0
       1
       0
       1
       0
       2
       0
       1
       1
       2
       0
       0
       0
       1
       1
       0
       2
       0
       1
       0
       0
       0
       2
       0
       0
       2
       0
       1
       2
       0
       1
       2
       0
       2
       1
       0
       0
       0
       0
       0
       0
       2
       0
       0
       0
       1
       0
       0
       2
       2
       1
       1
       1
       2
       2
       1
       5
       3
       0
       1
       0
       0
       2
       0
       0
       1
       1
       1
       0
       0
       0
       2
       0
       0
       0
       0
       1
       1
       1
       0
       2
       0
       1
       1
       0
       0
       1
       1
       0
       0
       1
       0
       0
       0
       0
       0
       1
       0
       0
       2
       0
       1
       0
       0
       0
       1
       0
       0
       0
       0
       1
       0
       1
       0
       0
       1
       0
       0
       0
       0
       0
       1
       1
       0
       0
       0
       0
       0
       0
       0
       1
       0
       0
       0
       0
       0
       0
       0
       0
       0
       0
       0
       0
       1
       1
       1
       0
       1
       2
       1
       0
       0
       1
       0
       0
       0
       0
       0
       0
       0
       0
       1
       0
       1
       0
       0
       1
       0
       0
       0
       0
       0
       0
       0
       0
       0
       0
       0
       0
       1
       0
       1
       0
       0
       3
       0
       0
       0
       1
       0
       1
       3
       0
       0
       0
       0
       1
       0
       0
       0
       1
       2
       0
       1
       0
       0
       1
       0
       0
       0
       0
       0
       0
       0
       0
       1
       2
       0
       0
       0
       1
       1
       0
       0
       0
       0
       0
       0
       0
       1
       0
       1
       2
       0
       0
       0
       1
       0
       0
       0
       0
       0
       0
       1
       0
       0
       1
       0
       0
       0
       0
       0
       2
       0
       1
       1
       0
       0
       0
       0
       1
       0
       0
       0
       0
       0
       0
       3
       0
       1
       0
       1
       1
       1
       0
       1
       0
       1
       1
       1
       1
       0
       0
       0
       0
       1
       0
       0
       0
       0
       0
       0
       0
       0
       0
       0
       0
       0
       0
       0
       0
       0
       0
       0
       1
       0
       0
       2
       0
       0
       0
       0
       0
       0
       0
       0
       0
       0
       0
       0
       0
       1
       0
       0
       0
       0
       0
       0
       0
       0
       0
       0
       1
       0
       0
       0
       0
       0
       0
       0
       0
       0
       0
       0
       1
       0
       0
       0
       0
       0
       0
       0
       0
       0
       0
       0
       0
       0
       0
       0
       0
       0
       0
       0
       0
       0
       0
       0
       0
       0
       0
       0
       0
       1
       0
       0
       1
       0
       0
       0
       0
       0
       0
       0
       0
       0
       0
       0
       0
       0
       0
       0
       0
       0
       0
       0
       2
       0
       0
       0
       0
       0
       0
       1
       0
       0
       0
       0
       0
       0
       0
       0
       0
       0
       0
       0
       0
       1
       0
       0
       1
       0
       0
       0
       1
       0
       0
       0
       0
       0
       0
       1
       0
       0
       1
       0
       0
       0
       0
       0
       0
       0
       0
       0
       1
       0
       0
       0
       0
       0
       0
       0
       0
       0
       0
       0
       0
       1
       0
       0
       0
       0
       0
       0
       0
       0
       0
       1
       0
       0
       0
       0
       0
       0
       0
       0
       0
       0
       0
       0
       0
       0
       0
       0
       0
       0
       0
       1
       0
       0
       0
       0
       0
       0
       0
       0
       0
       0
       0
       0
       0
       0
       0
       0
       0
       0
       0
       0
       0
       0
       0
       0
       0
       0
       0
       1
       0
       0
       0
       0
       0
       0
       0
       0
       0
       0
       0
       0
       0
       0
       0
       0
       0
       0
       0
       0
       0
       0
       0
       0
       0
       0
       0
       1
       0
       0
       0
       0
       0
       1
       0
       0
       0
       0
       0
       0
       0
       0
       0
       0
       1
       0
       0
       0
       0
       0
       0
       0
       0
       0
       0
       0
       0
       0
       0
       0
       0
       2
       0
       0
       0
       0
       0
       0
       0
       0
       0
       0
       0
       0
       0
       0
       0
       0
       1
       0
       0
       0
       0
       0
       0
       0
       0
       1
       0
       0
       0
       1
       0
       0
       0
       0
       0
       0
       0
       0
       0
       0
       0
       0
       0
       0
       0
       1
       0
       0
       0
       0
       0
       0
       1
       0
       0
       0
       0
       0
       0
       0
       0
       0
       0
       0
       0
       0
       0
       1
       0
       0
       0
       0
       0
       0
       0
       0
       0
       0
       0
       0
       0
       0
       0
       1
       0
       0
       0
       0
       0
       0
       0
       0
       0
       0
       0
       0
       0
       0
       0
       0
       0
       0
       0
       0
       0
       0
       0
       0
       0
       0
       0
       0
       0
       1
       0
       0
       0
       0
       0
       0
       0
       0
       0
       0
       0
       0
       0
       0
       0
       0
       0
       0
       0
       0
       0
       0
       0
       0
       0
       0
       0
       0
       0
       0
       0
       0
       1
       0
       0
       0
       0
       0
       0
       0
       0
       0
       0
       0
       1
       0
       0
       0
       0
       0
       0
       0
       0
       0
       0
       0
       0
       0
       0
       0
       0
       0
       0
       0
       0
       0
       0
       1
       0
       0
       0
       0
       0
       0
       0
       0
       0
       0
       0
       0
       1
       1
       0
       0
       0
       0
       0
       0
       0
       0
       1
       0
       0
       0
       0
       0
       0
       0
       0
       0
       0
       0
       0
       0
       0
       0
       0
       0
       0
       0
       0
       0
       0
       0
       0
       0
       0
       0
       0
       0
       0
       0
       0
       0
       0
       0
       0
       0
       0
       0
       0
       0
       1
       0
       0
       0
       0
       0
       0
       0
       0
       0
       0
       0
       0
       0
       0
       0
       0
       0
       0
       0
       0
       0
       0
       0
       0
       0
       0
       0
       0
       0
       0
       0
       0
       0
       0
       0
       0
       0
       0
       0
       1
       0
       1
       0
       1
       0
       0
       0
       0
       0
       0
       0
       0
       0
       0
       0
       0
       0
       0
       0
       0
       0
       0
       1
       0
       0
       0
       0
       0
       0
       0
       0
       0
       0
       0
       0
       0
       0
       0
       0
       0
       0
       0
       0
       0
       0
       0
       0
       0
       0
       0
       0
       0
       0
       0
       1
       0
       0
       0
       0
       1
       0
       0
       0
       0
       0
       0
       0
       0
       0
       0
       0
       0
       0
       0
       0
       0
       0
       0
       0
       0
       0
       0
       0
       0
       0
       0
       0
       0
       0
       0
       0
       0
       0
       0
       0
       0
       0
       0
       0
       0
       0
       0
       0
       0
       0
       0
       0
       0
       0
       0
       0
       0
       0
       1
       0
       0
       0
       0
       0
       0
       0
       0
       0
       0
       0
       0
       0
       0
       0
       0
       0
       0
       0
       0
       0
       0
       0
       0
       1
       0
       0
       0
       0
       0
       0
       0
       0
       0
       0
       0
       0
       0
       0
       1
       0
       0
       0
       0
       0
       0
       0
       0
       0
       0
       0
       0
       0
       0
       0
       0
       0
       0
       0
       0
       0
       0
       0
       0
       0
       0
       0
       0
       0
       0
       0
       0
       0
       0
       0
       0
       0
       0
       1
       0
       0
       0
       0
       0
       0
       0
       0
       0
       0
       0
       0
       0
       0
       0
       0
       0
       0
       0
       0
       2
       0
       0
       0
       0
       0
       0
       0
       0
       0
       0
       0
       0
       0
       0
       0
       0
       0
       0
       0
       0
       0
       0
       0
       0
       0
       0
       0
       0
       0
       0
       0
       0
       0
       1
       0
       0
       0
       0
       0
       0
       0
       0
       0
       0
       0
       0
       0
       0
       0
       0
       0
       0
       0
       0
       0
       0
       0
       0
       0
       0
       0
       0
       0
       0
       0
       0
       0
       0
       0
       0
       0
       0
       0
       0
       0
       0
       0
       0
       0
       0
       0
       0
       0
       0
       0
       0
       0
       0
       0
       0
       0
       0
       0
       0
       0
       0
       0
       0
       0
       0
       0
       0
       0
       1
       0
       0
       0
       0
       0
       0
       0
       0
       1
       0
       0
       0
       0
       0
       0
       0
       0
       0
       0
       0
       0
       0
       0
       0
       0
       0
       0
       0
       0
       0
       0
       0
       0
       0
       0
       0
       0
       0
       0
       1
       0
       0
       0
       0
       0
       0
       0
       0
       0
       0
       0
       0
       0
       0
       0
       0
       0
       0
       0
       0
       0
       0
       0
       0
       0
       0
       0
       0
       0
       0
       1
       0
       0
       1
       0
       0
       0
       0
       0
       0
       0
       0
       0
       0
       0
       0
       0
       0
       0
       0
       0
       0
       0
       0
       0
       0
       0
       1
       0
       0
       0
       0
       0
       1
       0
       0
       0
       0
       0
       0
       0
       0
       0
       0
       0
       0
       0
       0
       0
       0
       0
       0
       0
       0
       0
       0
       0
       0
       0
       0
       0
       0
       0
       0
       0
       0
       0
       0
       1
       0
       0
       0
       0
       0
       0
       0
       0
       0
       0
       0
       0
       0
       0
       0
       0
       0
       0
       0
       0
       0
       0
       0
       0
       0
       1
       0
       0
       0
       0
       0
       0
       0
       0
       0
       0
       0
       0
       0
       0
       0
       0
       0
       0
       0
       0
       0
       0
       0
       1
       0
       0
       0
       0
       0
       0
       0
       0
       0
       0
       0
       0
       0
       0
       0
       0
       0
       0
       0
       0
       0
       0
       0
       0
       0
       0
       0
       0
       0
       0
       0
       0
       0
       0
       0
       0
       0
       0
       0
       0
       0
       0
       0
       0
       0
       0
       0
       0
       0
       0
       0
       0
       0
       0
       0
       0
       0
       0
       0
       0
       0
       0
       0
       0
       0
       0
       0
       0
       0
       0
       0
       0
       0
       0
       0
       0
       0
       0
       0
       0
       0
       0
       0
       0
       0
       0
       0
       0
       0
       0
       0
       0
       0
       0
       0
       0
       0
       0
       0
       0
       0
       0
       0
       0
       0
       0
       0
       0
       0
       0
       0
       0
       0
       0
       0
       0
       0
       0
       0
       0
       0
       0
       0
       0
       0
       0
       0
       0
       0
       0
       0
       0
       0
       0
       0
       0
       0
       0
       0
       0
       0
       0
       0
       0
       0
       0
       0
       0
       0
       0
       0
       0
       0
       0
       0
       0
       0
       0
$ROI:
0
$PRESETS:
None
0
0
$ENER_FIT:
0.000000 0.000000
$MCA_CAL:
3
0.000000E+000 0.000000E+000 0.000000E+000 
$SHAPE_CAL:
3
0.000000E+000 0.000000E+000 0.000000E+000
