$SPEC_ID:
No sample description was entered.
$SPEC_REM:
DET# 1
DETDESC# SCE-SOPA-00035 MCB 133
AP# Maestro Version 7.01
$DATE_MEA:
10/22/2019 12:12:12
$MEAS_TIM:
2462 2578
$DATA:
0 4095
       0
       0
       0
       0
       0
       0
       0
       0
       0
       0
       0
       0
       0
       0
       0
       0
       0
       0
       0
       1
       0
       0
       0
       0
       0
       4
      41
     270
     257
    3370
   18774
   20582
   21318
   22458
   22850
   23518
   24466
   24863
   25943
   26458
   27401
   28499
   30081
   31665
   33850
   35943
   38205
   40694
   42992
   44698
   47155
   50470
   53858
   57902
   62236
   68403
   74950
   82064
   88331
   93134
   97940
  102382
  109286
  116387
  123933
  133933
  146123
  163458
  189285
  228572
  292668
  404457
  537452
  610917
  617255
  506100
  270248
  104688
   60289
   59791
   68401
   83659
  108413
  152940
  200553
  189138
  128375
   83908
   53825
   28673
   17437
   14955
   14584
   14444
   14573
   14263
   14249
   14331
   14300
   14254
   14324
   14295
   14470
   14547
   14463
   14557
   14642
   14589
   14714
   14912
   14864
   14756
   14692
   15039
   15105
   14876
   14977
   15075
   15159
   15125
   15104
   15317
   15338
   15086
   15092
   15223
   15144
   15318
   15150
   15512
   15289
   15344
   15484
   15426
   15589
   15444
   15553
   15565
   15668
   15378
   15430
   15932
   15744
   15760
   15949
   15979
   16085
   15987
   15997
   16204
   15902
   15875
   15864
   15894
   15931
   16202
   16088
   16047
   16215
   16428
   16449
   16329
   16589
   16609
   16877
   16761
   17060
   17086
   17380
   17713
   17925
   18385
   18791
   19130
   19823
   20367
   20810
   21235
   21476
   21784
   21513
   21259
   20889
   20875
   20254
   19976
   19569
   19553
   19111
   19055
   18928
   18476
   18312
   18332
   18184
   17902
   18082
   17527
   17794
   17447
   17849
   17429
   17693
   17442
   17784
   17712
   18038
   18050
   17901
   17987
   17830
   17685
   17342
   17108
   17062
   16906
   16619
   16322
   16247
   16010
   15969
   15793
   15496
   15573
   15438
   15231
   15413
   15030
   14906
   14957
   14867
   14731
   14615
   14813
   14386
   14470
   14374
   14321
   14128
   14063
   14195
   13741
   13899
   14080
   13745
   13815
   13677
   13513
   13603
   13587
   13641
   13519
   13697
   13624
   13490
   13545
   13416
   13221
   13385
   13346
   13314
   13205
   13279
   13195
   13101
   13133
   13050
   13230
   13056
   13101
   13023
   12957
   12902
   12744
   13010
   12964
   13030
   12804
   12825
   12969
   12945
   13079
   12900
   12785
   12881
   12842
   12958
   12822
   13004
   13002
   12877
   13058
   12747
   12984
   12822
   13215
   13152
   13115
   12874
   12904
   12986
   13060
   13190
   13162
   13170
   13222
   13093
   12895
   13088
   13463
   13310
   13251
   13196
   13259
   13408
   13542
   13530
   13464
   13509
   13555
   13671
   13545
   13679
   13608
   13752
   13658
   13932
   13837
   14047
   13898
   13842
   14014
   14205
   14191
   14229
   14293
   14278
   14355
   14292
   14390
   14396
   14514
   14674
   14629
   14695
   14860
   14859
   15177
   15149
   15216
   15395
   15247
   15107
   15358
   15237
   15826
   15710
   15953
   15800
   16045
   15989
   15999
   16403
   16435
   16230
   16257
   16447
   16278
   16572
   16691
   16856
   16618
   17029
   16909
   17018
   17024
   16939
   17005
   16966
   17101
   17359
   17027
   16965
   16920
   16907
   16731
   16227
   16594
   16011
   15710
   15447
   14982
   14660
   13820
   13276
   12665
   12231
   11758
   11570
   10909
   10923
   10742
   10572
   10431
   10301
   10186
   10147
   10094
    9963
    9733
    9926
    9464
    9379
    9425
    9271
    9177
    9217
    8969
    8819
    8935
    8714
    8673
    8575
    8583
    8598
    8470
    8406
    8279
    8255
    8170
    8040
    7932
    7787
    7685
    7619
    7706
    7653
    7499
    7487
    7462
    7384
    7230
    7183
    7188
    7131
    6969
    7118
    6826
    6788
    6801
    6676
    6602
    6472
    6490
    6329
    6204
    6293
    6087
    5944
    5978
    5948
    5923
    5836
    5889
    5835
    5692
    5623
    5500
    5480
    5553
    5511
    5307
    5267
    5326
    5329
    5311
    5160
    5220
    5074
    5328
    5128
    5096
    4987
    5068
    4955
    5018
    4976
    5026
    4995
    5106
    4912
    4943
    4995
    4995
    5085
    4990
    5071
    5015
    5076
    5034
    5033
    4984
    5063
    4934
    5098
    5024
    4878
    5143
    5063
    5133
    5026
    5121
    5188
    5154
    5236
    5282
    5321
    5363
    5453
    5535
    5663
    5715
    5628
    5574
    5685
    5768
    5799
    5993
    6068
    6265
    6317
    6285
    6477
    6790
    6685
    6957
    7119
    7270
    7487
    7795
    7979
    8512
    8869
    9231
    9841
    9959
   10265
   10650
   11180
   11506
   12129
   12824
   13714
   14197
   15545
   16192
   17205
   18695
   20071
   21928
   23840
   26512
   29288
   33310
   38357
   46205
   58376
   77609
  109413
  166716
  233638
  236774
  144621
   51483
   12643
    5160
    4287
    4186
    4020
    4077
    4011
    4084
    4146
    3977
    3957
    3932
    4075
    3822
    3762
    3785
    3791
    3658
    3772
    3744
    3814
    3799
    3780
    3765
    3670
    3669
    3810
    3660
    3847
    3736
    3681
    3804
    3797
    3789
    3719
    3629
    3802
    3616
    3764
    3693
    3828
    3777
    3683
    3841
    3857
    3744
    3932
    3895
    3953
    3883
    3952
    3885
    3905
    3958
    4029
    4114
    4071
    4037
    4043
    4106
    4219
    4156
    4266
    4408
    4338
    4450
    4569
    4696
    5128
    5341
    5846
    5805
    5379
    4829
    4125
    3937
    3963
    3916
    4020
    4151
    4222
    4303
    4236
    4133
    3921
    3844
    3768
    3801
    3709
    3719
    3677
    3697
    3716
    3637
    3797
    3758
    3859
    3765
    3857
    3818
    3883
    3845
    3740
    3804
    3920
    3883
    3788
    3788
    3900
    3857
    3849
    4018
    4032
    3932
    3847
    3916
    3978
    3902
    3996
    3928
    3836
    4056
    3911
    3907
    4044
    3982
    3970
    4016
    4039
    3988
    4035
    4092
    4018
    4042
    4074
    3985
    4020
    4069
    4059
    4090
    4132
    4190
    4116
    4239
    4229
    4264
    4203
    4091
    4231
    4232
    4263
    4244
    4220
    4250
    4396
    4184
    4326
    4344
    4431
    4334
    4433
    4292
    4423
    4464
    4437
    4482
    4313
    4433
    4607
    4539
    4478
    4482
    4558
    4572
    4639
    4734
    4722
    4697
    4672
    4570
    4616
    4636
    4650
    4549
    4673
    4603
    4754
    4594
    4742
    4762
    4904
    4775
    4764
    4814
    4859
    4891
    4853
    4865
    4870
    4995
    5043
    4911
    5185
    5104
    5134
    5111
    5100
    5114
    5187
    5206
    5271
    5210
    5155
    5284
    5347
    5333
    5260
    5411
    5480
    5428
    5426
    5417
    5494
    5460
    5596
    5506
    5639
    5529
    5580
    5722
    5737
    5772
    5815
    5847
    5678
    5856
    5861
    5924
    5977
    5885
    6125
    5970
    6059
    6209
    6091
    6013
    6218
    6125
    6214
    6225
    6203
    6296
    6236
    6219
    6450
    6340
    6286
    6482
    6393
    6492
    6640
    6380
    6506
    6704
    6495
    6420
    6634
    6599
    6526
    6596
    6564
    6448
    6506
    6509
    6344
    6452
    6428
    6119
    6309
    6095
    6096
    5775
    5795
    5530
    5338
    5153
    4837
    4788
    4642
    4395
    4359
    4177
    4212
    4045
    4082
    4059
    3928
    3903
    3914
    3932
    3831
    3774
    3693
    3764
    3821
    3640
    3653
    3632
    3513
    3583
    3498
    3357
    3632
    3551
    3513
    3382
    3465
    3467
    3219
    3345
    3260
    3258
    3254
    3311
    3239
    3332
    3348
    3200
    3089
    3057
    2966
    2962
    3014
    2960
    2975
    2802
    2931
    2912
    2918
    2788
    2695
    2814
    2767
    2680
    2661
    2647
    2699
    2498
    2581
    2498
    2466
    2441
    2414
    2255
    2426
    2332
    2247
    2283
    2269
    2185
    2214
    2114
    2093
    2086
    2045
    1971
    1938
    1911
    1881
    1796
    1854
    1820
    1727
    1762
    1737
    1659
    1695
    1591
    1582
    1581
    1549
    1527
    1471
    1508
    1464
    1448
    1408
    1414
    1386
    1375
    1327
    1351
    1332
    1293
    1302
    1312
    1215
    1243
    1234
    1223
    1254
    1209
    1192
    1196
    1161
    1188
    1160
    1229
    1160
    1124
    1203
    1155
    1075
    1143
    1091
    1124
    1145
    1120
    1129
    1139
    1067
    1136
    1102
    1147
    1159
    1132
    1198
    1120
    1132
    1149
    1181
    1214
    1196
    1205
    1226
    1213
    1236
    1278
    1337
    1395
    1415
    1382
    1390
    1447
    1476
    1473
    1499
    1574
    1609
    1570
    1655
    1693
    1748
    1833
    1853
    1840
    2009
    2139
    2102
    2173
    2280
    2494
    2657
    2813
    3041
    3203
    3265
    3459
    3478
    3740
    3923
    4163
    4529
    4843
    5280
    5597
    5789
    6416
    6856
    7625
    8277
    9239
   10195
   11768
   13409
   15585
   19209
   24822
   33326
   48334
   69692
   90895
   90376
   60833
   26014
    7503
    2000
    1090
     902
     883
     828
     803
     856
     787
     770
     759
     686
     667
     725
     697
     686
     729
     692
     650
     697
     634
     691
     671
     652
     675
     673
     648
     680
     683
     651
     688
     678
     613
     637
     590
     617
     658
     662
     617
     608
     620
     622
     659
     643
     665
     671
     689
     643
     635
     670
     662
     694
     633
     666
     657
     636
     667
     683
     645
     684
     659
     684
     691
     684
     693
     666
     680
     708
     743
     760
     817
     781
     655
     681
     647
     557
     547
     543
     557
     600
     600
     581
     600
     580
     542
     543
     481
     503
     511
     533
     511
     544
     513
     543
     495
     521
     548
     522
     488
     545
     523
     495
     532
     549
     534
     514
     539
     515
     510
     517
     526
     517
     545
     561
     492
     518
     530
     534
     476
     479
     526
     507
     555
     533
     544
     490
     510
     492
     521
     521
     526
     491
     531
     491
     542
     530
     526
     530
     519
     550
     551
     549
     514
     525
     543
     501
     519
     513
     514
     513
     513
     497
     534
     504
     487
     504
     513
     510
     515
     531
     531
     512
     547
     525
     494
     501
     487
     514
     539
     555
     546
     500
     541
     559
     483
     567
     521
     580
     535
     540
     537
     527
     528
     542
     558
     540
     536
     563
     594
     547
     633
     602
     661
     700
     596
     557
     492
     499
     449
     473
     487
     498
     497
     444
     500
     475
     468
     490
     445
     442
     481
     466
     469
     474
     492
     474
     453
     500
     492
     439
     451
     495
     483
     456
     456
     431
     431
     446
     458
     462
     468
     457
     476
     426
     425
     435
     463
     469
     474
     452
     473
     442
     480
     444
     425
     464
     484
     465
     431
     459
     458
     481
     453
     446
     440
     450
     429
     467
     449
     443
     482
     468
     441
     412
     409
     453
     480
     474
     436
     430
     442
     429
     434
     451
     450
     466
     441
     484
     479
     445
     398
     471
     436
     476
     492
     470
     490
     454
     484
     455
     481
     441
     457
     445
     473
     478
     482
     477
     422
     473
     442
     485
     509
     477
     468
     485
     492
     516
     472
     442
     540
     471
     480
     518
     506
     491
     493
     476
     515
     514
     511
     473
     513
     526
     466
     541
     521
     494
     506
     527
     544
     468
     541
     488
     499
     540
     489
     558
     536
     539
     537
     534
     554
     551
     557
     554
     520
     575
     565
     509
     556
     502
     574
     516
     524
     531
     528
     548
     558
     549
     507
     562
     510
     537
     516
     497
     490
     507
     516
     542
     551
     533
     536
     550
     584
     607
     673
     572
     541
     532
     508
     519
     477
     491
     502
     467
     505
     497
     475
     476
     478
     455
     459
     431
     416
     462
     461
     433
     419
     488
     414
     442
     434
     415
     435
     430
     439
     429
     463
     448
     440
     421
     444
     410
     467
     435
     468
     436
     455
     456
     457
     412
     463
     453
     458
     462
     437
     453
     441
     464
     419
     420
     432
     460
     440
     458
     434
     434
     454
     432
     462
     457
     457
     439
     449
     463
     438
     416
     479
     432
     411
     423
     454
     428
     445
     459
     420
     411
     408
     455
     429
     416
     474
     416
     449
     473
     424
     422
     415
     440
     376
     374
     417
     387
     407
     435
     368
     406
     340
     329
     384
     394
     362
     329
     316
     314
     306
     306
     283
     294
     241
     274
     253
     273
     265
     255
     279
     256
     288
     272
     268
     278
     272
     268
     259
     272
     284
     247
     243
     225
     238
     229
     268
     253
     241
     265
     249
     265
     268
     256
     297
     237
     265
     269
     251
     237
     243
     249
     228
     235
     250
     221
     215
     264
     247
     298
     243
     244
     219
     244
     257
     276
     303
     250
     240
     277
     242
     300
     285
     295
     290
     306
     348
     299
     315
     349
     343
     360
     389
     472
     430
     520
     653
     813
    1047
    1359
    1712
    2093
    1831
    1229
     612
     249
     154
     148
     139
     126
     123
     109
     123
     115
     123
     119
     117
     103
      83
     125
      94
      86
     122
      91
      99
      90
      98
      82
      88
     101
      91
      97
      65
     108
      89
      93
      77
      75
      82
      83
      66
      86
      67
      74
      67
      70
      70
      65
      81
      60
      68
      69
      74
      65
      64
      64
      66
      61
      63
      79
      66
      73
      65
      70
      66
      77
      77
      57
      75
      74
      60
      76
      68
      91
      69
      81
      52
      71
      80
      69
      73
      59
      71
      78
      59
      81
      93
      75
      85
      81
      76
      86
      76
      86
      84
      90
      90
      76
     102
      99
     102
     101
     129
      99
     120
     123
     127
     140
     124
     151
     158
     180
     188
     176
     194
     183
     218
     249
     219
     241
     250
     315
     319
     371
     342
     379
     437
     485
     509
     578
     654
     781
     945
    1133
    1459
    1971
    2731
    3756
    4592
    4779
    3621
    2028
     884
     277
      99
      55
      47
      55
      54
      53
      60
      56
      65
      57
      31
      39
      35
      31
      35
      40
      37
      45
      39
      44
      27
      41
      27
      40
      39
      30
      40
      30
      29
      28
      24
      24
      32
      34
      26
      38
      31
      36
      34
      29
      31
      44
      30
      36
      24
      43
      42
      36
      49
      32
      32
      34
      42
      47
      29
      30
      44
      32
      24
      42
      33
      31
      33
      36
      36
      39
      35
      39
      36
      30
      23
      40
      30
      29
      28
      32
      21
      34
      29
      29
      22
      35
      27
      25
      29
      22
      25
      32
      34
      25
      10
      26
      26
      23
      27
      19
      32
      29
      20
      19
      26
      29
      26
      31
      22
      21
      28
      30
      24
      28
      19
      29
      23
      24
      21
      24
      28
      22
      19
      22
      26
      31
      25
      32
      38
      28
      20
      24
      32
      19
      25
      35
      32
      19
      18
      22
      26
      23
      20
      30
      18
      22
      23
      20
      24
      21
      23
      27
      21
      22
      14
      25
      19
      23
      18
      16
      26
      28
      19
      18
      15
      21
      26
      13
      30
      16
      26
      18
      20
      20
      28
      23
      29
      27
      25
      22
      28
      23
      23
      15
      19
      22
      17
      19
      25
      14
      19
      17
      14
      18
      25
      21
      28
      27
      24
      19
      23
      17
      16
      20
      16
      18
      17
      25
      22
      19
      19
      15
      18
      20
      19
      23
      19
      21
      18
       7
      20
      21
      16
      22
      20
      24
      17
       9
      25
      11
      16
      18
      13
      19
      18
      22
      13
      17
      13
      13
      20
      17
      14
      13
      15
      15
      20
      15
      21
      14
      18
      10
      12
      16
      15
       8
      27
      17
      10
      15
      11
      15
      12
      19
      13
      19
      15
      18
       8
      12
       8
      18
      24
      11
      13
      21
      17
      17
      15
      16
      14
      18
      18
      14
      15
      16
      12
      14
      19
      14
      24
      21
      18
      20
      16
      15
      16
      11
      15
      23
      25
      13
      16
      14
      19
      19
      13
      12
      11
      16
      14
       8
      18
      19
      16
      16
      19
      20
      10
      10
      17
      12
      18
      16
      10
      23
      23
      25
      13
      17
      18
      25
      13
      15
      18
      11
      17
      19
      21
      12
      19
      19
      23
      16
      22
      16
      15
      15
      17
      18
      16
      16
      23
      18
      20
       9
      19
      22
      12
      15
       9
      11
      13
      15
      15
      14
      15
      17
      13
      18
      17
      12
       8
       9
      16
      12
      14
      13
      18
      13
      15
      17
       9
      14
      17
      20
      11
      12
      16
      14
      10
      10
       7
      12
       8
       5
       4
       7
      14
       7
       8
       5
      11
       8
       6
      12
       6
       6
       4
      10
       7
       8
      10
       8
       6
       8
      10
      13
      10
       7
       3
       9
       4
       7
       6
      11
       5
      12
       4
       8
       5
       8
       4
       6
       9
       8
       6
       6
       6
       4
       8
       6
       9
      13
       4
       2
       2
       3
       3
       8
       8
       2
       2
       4
       2
       3
       6
       5
       1
       6
       2
       4
       3
       6
       5
       6
       2
       3
       6
       4
       1
       6
       2
       7
       1
       2
       2
       8
       5
       9
       7
       5
       0
       4
       8
       3
       4
       5
       1
       2
       5
       2
       4
       7
       2
       0
       7
       3
       4
       2
       2
       3
       4
       1
       6
       2
       3
       1
       3
       3
       3
       5
       2
       3
       5
       6
       3
       4
       4
       6
       1
       2
       3
       4
       5
       6
       2
       7
       5
       6
       3
       4
       1
       8
       6
       9
       9
       3
       5
       6
       7
       6
       9
       5
       5
       5
       6
       8
       8
       6
      11
       9
      13
      11
       9
       8
      12
      11
      12
      10
      15
      18
      25
      21
      20
      36
      42
      55
      79
      90
      93
      61
      29
       8
       6
       2
       4
       1
       2
       4
       1
       1
       2
       3
       2
       2
       0
       2
       2
       1
       2
       2
       4
       0
       1
       1
       2
       1
       0
       1
       0
       1
       0
       2
       1
       1
       2
       2
       4
       1
       0
       1
       2
       3
       1
       1
       2
       0
       1
       1
       3
       3
       0
       0
       0
       1
       0
       2
       1
       0
       0
       1
       1
       1
       1
       4
       3
       1
       0
       0
       2
       2
       0
       0
       3
       1
       0
       1
       1
       1
       2
       0
       0
       1
       2
       1
       2
       0
       0
       0
       1
       0
       1
       1
       1
       1
       1
       0
       0
       0
       0
       0
       1
       3
       0
       0
       0
       0
       1
       0
       1
       1
       2
       3
       1
       1
       1
       0
       2
       1
       0
       1
       0
       1
       3
       1
       0
       3
       2
       0
       0
       1
       0
       1
       2
       1
       1
       2
       0
       1
       1
       1
       0
       0
       1
       0
       0
       0
       2
       1
       0
       1
       0
       1
       3
       3
       0
       1
       1
       0
       1
       2
       2
       1
       0
       3
       0
       0
       1
       0
       1
       0
       3
       1
       1
       2
       0
       0
       0
       0
       0
       0
       1
       1
       1
       1
       1
       2
       1
       3
       0
       1
       0
       0
       0
       2
       1
       1
       1
       1
       0
       0
       5
       2
       0
       0
       0
       0
       2
       2
       0
       2
       0
       0
       0
       1
       1
       1
       0
       2
       0
       0
       1
       2
       0
       1
       0
       2
       2
       0
       0
       1
       1
       1
       1
       0
       2
       0
       1
       1
       1
       0
       0
       0
       0
       0
       0
       0
       0
       1
       1
       1
       0
       1
       0
       1
       0
       1
       1
       0
       2
       0
       0
       0
       1
       1
       1
       1
       0
       0
       0
       0
       0
       2
       1
       1
       1
       0
       2
       2
       0
       1
       1
       1
       1
       1
       0
       0
       0
       0
       0
       1
       1
       1
       1
       0
       0
       1
       0
       1
       0
       0
       0
       0
       1
       0
       1
       0
       0
       2
       1
       0
       0
       0
       0
       2
       0
       0
       0
       1
       0
       1
       0
       1
       0
       0
       1
       1
       1
       1
       1
       0
       0
       0
       0
       0
       0
       1
       1
       0
       1
       0
       0
       0
       0
       3
       0
       0
       1
       0
       1
       0
       1
       1
       0
       0
       1
       0
       1
       0
       0
       0
       0
       0
       2
       0
       0
       0
       0
       2
       0
       1
       1
       0
       0
       1
       0
       0
       2
       1
       1
       1
       0
       0
       0
       1
       1
       0
       0
       0
       0
       0
       0
       0
       0
       1
       0
       0
       0
       1
       0
       0
       0
       0
       1
       0
       1
       0
       0
       0
       0
       0
       1
       0
       1
       0
       0
       0
       0
       0
       0
       0
       0
       0
       0
       0
       0
       0
       0
       0
       0
       0
       0
       0
       1
       1
       0
       1
       2
       0
       1
       0
       0
       0
       0
       0
       1
       0
       0
       0
       0
       0
       0
       0
       0
       0
       0
       0
       0
       1
       0
       1
       0
       1
       0
       0
       1
       0
       0
       0
       1
       0
       0
       0
       0
       0
       0
       0
       1
       0
       0
       1
       1
       0
       0
       1
       1
       1
       0
       0
       0
       2
       2
       1
       0
       0
       1
       1
       0
       2
       0
       0
       0
       0
       0
       0
       0
       0
       0
       0
       0
       0
       0
       0
       0
       0
       1
       1
       0
       0
       0
       0
       0
       0
       0
       0
       0
       0
       0
       0
       0
       1
       0
       0
       0
       0
       0
       1
       0
       0
       0
       0
       0
       0
       0
       1
       1
       0
       0
       1
       0
       0
       1
       0
       0
       0
       0
       0
       0
       1
       0
       0
       0
       0
       0
       0
       0
       0
       0
       0
       0
       0
       0
       0
       0
       0
       0
       1
       0
       0
       0
       0
       0
       0
       0
       0
       0
       0
       0
       0
       1
       0
       0
       1
       0
       0
       0
       0
       1
       0
       0
       0
       0
       0
       0
       0
       0
       1
       0
       0
       0
       0
       0
       0
       0
       1
       0
       0
       1
       0
       0
       0
       0
       0
       0
       0
       0
       0
       0
       0
       0
       0
       0
       0
       0
       0
       0
       0
       0
       0
       0
       0
       0
       1
       0
       0
       0
       1
       0
       0
       0
       0
       0
       1
       0
       0
       1
       0
       0
       1
       0
       0
       0
       0
       1
       0
       1
       0
       0
       0
       0
       0
       0
       2
       0
       2
       1
       0
       1
       0
       1
       0
       0
       1
       0
       1
       0
       0
       0
       0
       0
       0
       0
       0
       0
       0
       1
       0
       0
       0
       0
       0
       0
       0
       0
       1
       0
       1
       0
       0
       1
       0
       0
       0
       0
       0
       0
       2
       0
       0
       0
       0
       0
       0
       0
       1
       0
       0
       0
       0
       0
       0
       0
       0
       0
       1
       0
       0
       0
       0
       1
       0
       1
       0
       0
       0
       1
       0
       0
       0
       0
       1
       0
       0
       0
       1
       0
       0
       0
       1
       0
       0
       0
       0
       0
       1
       0
       0
       2
       0
       0
       2
       0
       0
       1
       0
       0
       0
       0
       0
       0
       0
       0
       0
       0
       2
       0
       0
       0
       0
       1
       0
       0
       0
       0
       0
       0
       0
       0
       0
       0
       0
       0
       0
       0
       0
       0
       0
       0
       0
       1
       0
       0
       0
       1
       0
       0
       1
       0
       0
       0
       0
       0
       0
       0
       0
       0
       0
       0
       0
       0
       0
       0
       0
       0
       0
       0
       0
       0
       0
       0
       0
       0
       0
       0
       0
       0
       0
       2
       0
       0
       1
       0
       0
       0
       1
       0
       0
       0
       0
       0
       1
       0
       0
       0
       0
       0
       0
       0
       0
       0
       0
       0
       0
       0
       0
       0
       1
       0
       0
       0
       0
       0
       0
       0
       0
       0
       0
       0
       0
       0
       0
       0
       0
       0
       0
       1
       0
       0
       0
       0
       0
       0
       0
       0
       0
       2
       0
       0
       0
       0
       0
       0
       0
       0
       0
       0
       0
       0
       0
       0
       0
       0
       0
       0
       0
       0
       0
       0
       0
       0
       0
       1
       0
       0
       0
       0
       0
       0
       0
       0
       0
       0
       0
       0
       0
       0
       0
       0
       0
       0
       0
       0
       0
       0
       0
       0
       0
       0
       0
       1
       0
       0
       0
       0
       0
       0
       0
       0
       0
       0
       0
       0
       0
       0
       0
       0
       0
       0
       0
       0
       0
       0
       0
       0
       0
       1
       0
       0
       0
       1
       0
       0
       0
       0
       0
       1
       0
       0
       0
       0
       0
       0
       0
       0
       0
       0
       0
       0
       0
       0
       0
       1
       0
       0
       1
       0
       0
       0
       0
       1
       0
       0
       0
       0
       1
       0
       0
       0
       0
       0
       1
       0
       0
       0
       0
       0
       0
       0
       0
       0
       0
       1
       0
       0
       0
       0
       0
       0
       0
       0
       0
       0
       0
       1
       0
       0
       0
       0
       0
       0
       0
       0
       0
       0
       0
       1
       0
       0
       1
       0
       0
       0
       0
       0
       0
       0
       0
       0
       0
       0
       0
       0
       0
       0
       0
       0
       0
       0
       0
       0
       0
       0
       0
       0
       0
       0
       0
       0
       0
       0
       0
       0
       0
       0
       0
       0
       0
       0
       0
       0
       0
       1
       0
       1
       0
       0
       0
       0
       0
       0
       0
       0
       0
       0
       0
       0
       0
       0
       0
       0
       0
       0
       0
       0
       0
       0
       0
       0
       0
       0
       0
       0
       0
       0
       0
       0
       0
       0
       0
       0
       0
       0
       0
       0
       0
       1
       0
       0
       0
       0
       0
       0
       0
       0
       0
       0
       0
       0
       0
       0
       0
       0
       0
       0
       0
       0
       0
       0
       0
       0
       0
       0
       0
       0
       0
       0
       0
       0
       0
       1
       0
       0
       0
       0
       0
       0
       0
       0
       0
       0
       0
       0
       0
       0
       0
       0
       0
       1
       0
       0
       0
       0
       0
       0
       0
       0
       0
       0
       0
       0
       0
       0
       0
       0
       0
       0
       0
       0
       1
       0
       0
       0
       0
       0
       0
       0
       0
       0
       0
       0
       0
       0
       0
       0
       0
       0
       0
       0
       0
       0
       0
       0
       0
       0
       0
       1
       0
       0
       0
       0
       0
       0
       0
       0
       0
       1
       0
       0
       0
       0
       0
       0
       0
       0
       0
       0
       0
       0
       0
       0
       0
       0
       0
       0
       0
       0
       0
       0
       0
       0
       0
       0
       0
       0
       0
       0
       0
       0
       0
       0
       0
       0
       0
       0
       1
       0
       0
       0
       0
       0
       0
       0
       1
       0
       0
       0
       0
       0
       0
       0
       0
       0
       0
       0
       0
       0
       0
       0
       0
       0
       0
       0
       0
       0
       0
       0
       0
       0
       0
       0
       0
       0
       0
       0
       0
       0
       0
       0
       0
       0
       0
       0
       0
       0
       0
       0
       0
       0
       0
       1
       0
       0
       1
       0
       0
       0
       0
       0
       0
       0
       0
       0
       0
       0
       0
       0
       0
       0
       0
       0
       0
       1
       0
       0
       0
       0
       0
       0
       0
       0
       0
       1
       0
       0
       0
       0
       0
       0
       0
       0
       1
       0
       0
       0
       0
       0
       0
       1
       0
       0
       0
       0
       0
       0
       0
       0
       0
       0
       0
       0
       0
       0
       0
       1
       0
       1
       0
       0
       0
       0
       1
       0
       0
       0
       0
       0
       0
       0
       0
       0
       0
       0
       0
       0
       0
       0
       0
       0
       0
       0
       0
       0
       0
       0
       0
       0
       1
       0
       0
       0
       0
       0
       0
       0
       0
       0
       1
       0
       0
       0
       0
       0
       0
       1
       0
       0
       0
       0
       0
       0
       0
       0
       0
       1
       0
       0
       0
       0
       0
       0
       0
       0
       0
       0
       0
       0
       0
       0
       0
       0
       0
       0
       0
       0
       1
       0
       0
       0
       0
       0
       0
       0
       0
       0
       0
       0
       0
       0
       0
       0
       0
       0
       0
       1
       0
       0
       0
       1
       0
       0
       0
       0
       0
       0
       0
       0
       0
       0
       0
       0
       0
       0
       0
       0
       0
       0
       0
       0
       0
       0
       0
       0
       0
       0
       0
       0
       0
       0
       0
       0
       0
       0
       0
       0
       0
       0
       0
       0
       0
       0
       0
       0
       0
       1
       0
       0
       0
       0
       0
       0
       0
       0
       0
       0
       0
       0
       0
       0
       0
       0
       0
       0
       0
       0
       0
       0
       0
       0
       0
       0
       0
       0
       0
       0
       0
       0
       0
       0
       0
       0
       0
       0
       0
       0
       0
       0
       0
       0
       0
       0
       0
       0
       0
       0
       0
       0
       0
       0
       0
       0
       0
       0
       0
       0
       0
       0
       0
       0
       0
       0
       0
       0
       0
       0
       0
       0
       0
       0
       0
       0
       0
       0
       0
       0
       0
       0
       0
       0
       0
       0
       0
       0
       0
       0
       0
       0
       0
       0
       0
       0
       0
       0
       0
       0
       0
       0
       0
       0
       0
       0
       0
       0
       0
       0
       0
       0
       0
       0
       0
       0
       0
       0
       0
       0
       0
       0
       0
       0
       0
       0
       0
       0
       0
       0
       0
       0
       0
       0
       0
       0
       0
       0
       0
       0
       0
       0
       0
       0
       0
       0
       0
       0
       0
       0
       0
       0
       0
       0
       0
       0
       0
       0
       0
       0
       0
       0
       0
       0
       0
       0
       0
       0
       0
       0
       0
       0
       0
       0
       0
       0
$ROI:
0
$PRESETS:
None
0
0
$ENER_FIT:
0.000000 0.000000
$MCA_CAL:
3
0.000000E+000 0.000000E+000 0.000000E+000 
$SHAPE_CAL:
3
0.000000E+000 0.000000E+000 0.000000E+000
