$SPEC_ID:
No sample description was entered.
$SPEC_REM:
DET# 1
DETDESC# SCE-SOPA-00035 MCB 133
AP# Maestro Version 7.01
$DATE_MEA:
10/07/2019 14:18:12
$MEAS_TIM:
610 613
$DATA:
0 4095
       0
       0
       0
       0
       0
       0
       0
       0
       0
       0
       0
       0
       0
       0
       0
       0
       0
       0
       0
       0
       0
       0
       0
       0
       0
       0
       2
       9
       7
     105
     696
     722
     736
     724
     734
     738
     703
     782
     778
     711
     713
     733
     680
     746
     718
     678
     730
     716
     704
     717
     698
     682
     706
     749
     698
     705
     684
     733
     771
     675
     735
     742
     727
     751
     698
     709
     774
     729
     769
     696
     711
     735
     663
     720
     735
     764
     717
     708
     684
     724
     709
     622
     732
     670
     714
     712
     709
     738
     752
     735
     701
     749
     714
     724
     751
     702
     733
     700
     765
     733
     702
     756
     772
     772
     782
     769
     724
     786
     798
     792
     784
     811
     763
     784
     820
     830
     779
     797
     843
     822
     817
     827
     846
     833
     850
     878
     875
     827
     764
     814
     812
     815
     826
     842
     841
     861
     850
     863
     837
     823
     821
     806
     876
     819
     837
     850
     875
     846
     913
     904
     867
     882
     846
     805
     917
     893
     904
     943
     999
     918
     969
     973
     957
     946
     961
     982
     954
     991
    1058
    1118
    1206
    1328
    1296
    1383
    1444
    1370
    1369
    1311
    1294
    1361
    1334
    1234
    1269
    1203
    1189
    1101
    1185
    1096
    1138
    1107
    1072
    1084
    1060
    1037
    1030
    1003
    1011
     948
     935
     925
     941
     944
     948
     924
     971
     935
     910
     942
     899
     905
     938
     913
     904
     902
     918
     940
     948
    1004
     977
     951
     925
     905
     934
     848
     900
     920
     836
     838
     831
     842
     900
     808
     833
     824
     799
     826
     776
     777
     813
     850
     818
     768
     783
     767
     776
     779
     726
     756
     829
     842
     807
     787
     781
     746
     800
     808
     781
     730
     745
     751
     780
     750
     739
     798
     777
     725
     743
     732
     770
     795
     749
     724
     764
     767
     748
     849
     772
     764
     808
     761
     744
     817
     756
     723
     747
     770
     790
     777
     782
     828
     735
     806
     787
     753
     768
     844
     798
     789
     797
     792
     756
     849
     792
     870
     843
     830
     830
     826
     908
     873
     820
     947
     874
     848
     893
     917
     900
     896
     941
     935
     856
     970
     895
     988
     923
     939
     949
     906
     958
     938
     952
     976
     918
     922
     942
     947
     880
     902
     910
     874
     816
     810
     779
     659
     617
     602
     620
     641
     584
     582
     552
     502
     537
     542
     534
     488
     485
     508
     465
     456
     441
     464
     484
     462
     455
     416
     444
     427
     439
     430
     415
     416
     392
     391
     404
     404
     367
     389
     380
     366
     368
     360
     363
     345
     358
     374
     362
     356
     325
     336
     346
     320
     284
     337
     313
     345
     309
     305
     318
     291
     277
     280
     264
     288
     292
     278
     274
     261
     245
     283
     261
     262
     260
     284
     246
     248
     254
     248
     238
     237
     259
     246
     217
     223
     239
     220
     203
     234
     229
     217
     226
     214
     235
     220
     197
     202
     221
     219
     248
     234
     230
     223
     210
     242
     230
     209
     209
     232
     221
     218
     211
     224
     228
     230
     240
     222
     186
     199
     210
     222
     203
     230
     239
     198
     221
     225
     224
     225
     206
     234
     240
     211
     212
     217
     220
     212
     205
     209
     229
     234
     207
     224
     229
     228
     223
     229
     231
     261
     249
     260
     280
     271
     289
     277
     272
     288
     319
     325
     328
     379
     381
     450
     464
     529
     525
     598
     783
    1063
    1862
    4385
    9700
   16368
   19029
   15138
    8047
    2986
     899
     281
     195
     131
     125
     115
     106
     100
     123
      98
     110
     110
     107
     104
      99
     108
      97
     102
     108
     112
      87
     109
     111
      98
     104
      85
      91
      97
     122
      86
     107
      89
     112
     100
      96
     101
     102
     104
      95
     102
      84
      81
     123
      96
      97
      87
      97
     105
     113
      89
      95
      89
     110
     101
     109
      86
     102
     115
     112
     110
      73
      84
     112
     114
     107
     100
      94
     107
      90
     108
      93
      98
     102
      82
     100
      94
     104
     113
      98
      97
      83
      98
      96
      93
      62
      87
     101
      83
      88
     100
      79
      79
     103
     102
      88
      94
     104
     100
     104
     101
      96
      95
      84
      92
      88
      97
     108
      93
      83
     108
     100
     101
      86
     109
     101
     103
      95
     102
      99
     109
     101
      97
      96
     110
      94
     104
      93
      85
     114
     106
      99
     105
      83
      86
     101
     101
      74
      92
     108
      82
     105
      89
      89
      90
      99
      84
      92
     102
     103
      86
     114
      94
     108
      80
      94
      92
     103
      91
     103
      98
      96
      99
     111
     114
     123
     123
     109
     130
     109
      97
     121
     126
      96
     115
     118
     104
      96
      99
     107
      94
     102
      88
      85
      79
      98
      86
      85
      89
      91
     108
      81
      85
      87
      86
      90
     113
     114
      84
      96
     101
      83
      94
      83
      95
     103
      93
     103
      94
      90
      96
      98
     122
     101
     112
      87
      91
      90
     119
     110
     100
      88
     113
      87
     119
      78
      96
      83
     104
     104
     118
      89
      96
      90
     111
      89
     120
     110
     109
     106
     104
     102
      98
      88
      91
      98
     103
     112
     117
     108
      98
     108
     108
      95
      88
     117
      96
      82
     102
     102
     102
     105
     104
      84
      88
     118
     104
     114
     105
     106
      97
      87
     113
      74
     113
     108
     107
     109
     104
     122
      79
      96
      94
      94
     110
     102
      91
      93
     105
     100
     104
      94
      95
      99
     105
     107
      87
     106
      96
     111
     111
     112
      91
     105
      97
     104
     104
     109
      98
     113
      98
      95
     113
     113
      92
     106
      97
      99
      96
      84
      90
      99
     112
     119
     112
     110
     117
     109
     116
     121
     107
     115
     120
     119
      90
     114
     113
     103
     108
      95
     106
     101
     101
     104
     119
     111
     113
     103
     119
     106
     110
     121
     120
     116
     114
     107
     104
     113
     113
     112
     122
     121
     113
     112
     117
     118
     108
     105
     110
     115
     114
     119
     144
     136
     126
     128
     110
     111
     119
     118
     128
     135
     110
     111
     120
     142
     129
     143
     126
     125
     105
     112
     113
     125
     115
     119
     121
     112
     121
     124
     120
     119
     120
     128
     141
     130
     126
     135
     115
     121
     136
     130
     124
     152
     134
     116
     129
     144
     125
     123
     138
     135
     126
     125
     137
     119
     128
     152
     138
     155
     135
     143
     137
     143
     126
     147
     142
     156
     135
     146
     113
     143
     145
     148
     146
     161
     144
     145
     146
     143
     138
     157
     152
     144
     154
     137
     156
     156
     160
     142
     154
     152
     163
     163
     159
     152
     147
     160
     136
     148
     153
     165
     189
     159
     142
     150
     168
     169
     173
     162
     159
     184
     154
     155
     160
     177
     157
     183
     170
     178
     167
     170
     156
     158
     200
     190
     180
     168
     180
     180
     162
     188
     206
     160
     184
     196
     183
     162
     200
     198
     239
     194
     215
     183
     171
     215
     206
     225
     216
     188
     223
     193
     194
     219
     198
     222
     192
     206
     214
     188
     203
     194
     208
     201
     212
     211
     205
     200
     189
     202
     212
     193
     193
     225
     194
     176
     198
     173
     179
     164
     165
     158
     159
     135
     151
     124
     123
     122
     139
     112
     116
     122
     133
     102
     123
     129
     117
     123
     116
     128
     100
     118
     121
      99
     116
     102
     104
     103
     117
     100
     114
      95
     104
      96
     109
      93
     103
      98
     113
     103
     108
     100
     105
     103
     108
      95
     112
      82
     100
      98
      93
      96
     101
      85
      87
      72
      97
     103
      73
      87
      84
      86
     103
      92
      87
      83
      73
      84
      70
      85
      69
      89
      71
      75
      72
      89
      72
      70
      72
      72
      64
      60
      52
      65
      65
      69
      54
      55
      71
      48
      53
      59
      63
      51
      64
      55
      48
      44
      71
      46
      57
      50
      42
      38
      50
      45
      52
      40
      40
      31
      35
      35
      38
      25
      30
      39
      39
      45
      27
      32
      31
      33
      20
      24
      32
      30
      33
      41
      26
      27
      24
      35
      38
      34
      38
      33
      36
      25
      22
      26
      30
      22
      40
      33
      30
      24
      22
      32
      27
      32
      30
      29
      35
      28
      33
      29
      26
      27
      32
      30
      36
      28
      31
      23
      34
      30
      23
      34
      37
      28
      24
      35
      45
      30
      25
      26
      21
      27
      16
      24
      33
      26
      33
      32
      33
      31
      37
      37
      42
      53
      47
      38
      36
      39
      50
      53
      55
      59
      64
      77
      78
      85
     112
     119
     116
     156
     221
     374
     837
    2050
    3785
    4824
    4070
    2010
     707
     118
      45
      25
      13
      18
      11
      20
      13
      12
      13
      14
      10
      12
      12
       5
      12
       9
      19
      14
      12
       8
       8
       7
       7
      12
       7
      10
      10
      10
      13
      13
      11
      11
      10
      13
      17
       8
       8
      11
      14
       6
       9
      11
       8
       7
      18
       9
       9
       9
       9
      12
      10
      11
       7
      12
      15
      10
       3
       5
      11
       7
       8
       6
      12
       9
       8
       9
       7
      16
      10
      13
      15
      11
       4
       7
      10
      14
       8
      11
       8
      13
      13
      10
      11
       8
       6
      11
      12
       7
       6
      13
       7
      16
       9
      10
      13
      15
      15
       9
       9
       8
      11
       9
       7
       7
      14
      10
       7
       9
       9
      12
       6
       8
       6
      14
       7
      10
       5
       8
      11
       9
       4
       5
       5
       4
       6
      10
      12
       7
       8
      12
       8
      11
       9
       9
       4
      11
      11
      10
      14
      13
      11
      11
      10
      15
       9
       6
       7
       7
       6
      10
      10
       8
      14
       8
       9
      12
      11
       7
      11
      12
       6
      11
      10
      10
      19
      14
       6
       7
       9
      13
      10
       5
       9
      17
      14
       7
       6
       9
      10
      15
       7
      12
      12
       8
       8
      10
       8
       4
       5
       8
      11
      11
       6
       9
      10
       8
       7
       6
       7
       5
       5
       4
       4
       3
       9
       5
       8
       5
       5
       3
      15
       9
      10
       7
      13
       7
       7
      12
      10
       5
       3
      10
       7
       9
       9
      13
       9
      11
       8
       8
       5
       4
      10
       5
       6
       7
       8
      11
      13
       3
       8
       9
       3
       4
       8
       4
       7
       8
      12
       6
      14
       3
       7
      10
       9
       7
       5
       8
       3
       7
       8
       8
      15
       4
       4
      10
       6
       6
       7
      11
       4
       6
      13
       7
       8
      12
      14
      12
       4
      14
      10
      12
       8
       9
      11
       6
       8
       8
       9
       3
      10
       6
      10
       7
       5
       4
       5
      11
       6
       5
       6
       2
       3
       6
      10
      10
       8
      11
       5
       6
      13
       6
      16
       8
       8
       5
      10
       5
       9
       5
       4
       4
       7
       2
       4
       6
      11
       6
       7
      11
       8
      10
       7
       9
       2
      11
       1
      12
       4
       3
       3
       6
       4
       1
       9
       5
       4
       5
       2
       3
       5
       8
       6
       4
       5
       4
       1
       6
       2
       2
       2
       1
       5
       0
       4
       1
       7
       3
       5
       7
       6
       6
       1
       3
       3
       5
       2
       1
       4
       2
       3
       2
       3
       1
       1
       2
       3
       0
       1
       1
       1
       4
       2
       3
       1
       3
       0
       2
       0
       1
       3
       2
       0
       3
       0
       2
       4
       1
       5
       4
       1
       1
       3
       0
       4
       0
       1
       5
       1
       2
       0
       0
       4
       1
       1
       1
       3
       3
       2
       0
       2
       0
       0
       1
       2
       0
       2
       0
       3
       4
       2
       0
       2
       2
       0
       0
       4
       0
       0
       1
       1
       1
       2
       0
       0
       1
       1
       2
       0
       0
       2
       3
       1
       1
       0
       1
       2
       0
       0
       1
       1
       0
       3
       1
       1
       2
       0
       2
       0
       1
       2
       1
       3
       1
       3
       2
       1
       1
       1
       1
       3
       3
       3
       2
       4
       2
       1
       4
       4
       5
       7
       6
       9
      20
      38
      68
      56
      68
      53
      27
       9
       1
       1
       1
       0
       0
       0
       0
       0
       0
       0
       0
       0
       0
       0
       0
       0
       0
       0
       0
       0
       0
       0
       0
       0
       0
       0
       0
       0
       0
       0
       0
       0
       0
       0
       0
       0
       0
       0
       0
       0
       0
       0
       0
       0
       1
       0
       0
       0
       0
       0
       0
       0
       0
       0
       0
       0
       0
       1
       0
       0
       0
       0
       0
       0
       0
       0
       1
       0
       0
       0
       0
       0
       0
       0
       0
       1
       0
       0
       0
       0
       0
       0
       0
       0
       0
       0
       0
       1
       0
       0
       0
       0
       1
       0
       0
       0
       0
       0
       0
       1
       0
       0
       0
       0
       0
       0
       0
       0
       0
       0
       0
       0
       0
       0
       1
       1
       1
       0
       0
       0
       0
       0
       2
       0
       0
       0
       0
       0
       0
       0
       1
       0
       1
       0
       0
       0
       0
       0
       0
       0
       0
       0
       0
       0
       0
       0
       0
       0
       0
       0
       0
       0
       0
       0
       0
       0
       2
       0
       0
       0
       0
       0
       0
       0
       0
       0
       0
       0
       0
       1
       0
       1
       0
       0
       0
       0
       0
       0
       0
       0
       0
       0
       0
       0
       0
       0
       0
       0
       0
       0
       0
       0
       0
       0
       0
       0
       0
       0
       0
       0
       0
       0
       0
       0
       0
       0
       0
       0
       0
       0
       0
       0
       0
       0
       0
       0
       0
       0
       0
       0
       0
       0
       0
       0
       0
       0
       1
       0
       0
       0
       0
       0
       0
       0
       0
       0
       1
       0
       0
       0
       0
       0
       0
       0
       1
       0
       0
       0
       0
       0
       0
       0
       0
       1
       0
       0
       0
       0
       0
       0
       0
       0
       0
       0
       0
       0
       0
       1
       0
       0
       0
       0
       0
       0
       0
       0
       0
       0
       1
       0
       0
       0
       1
       0
       0
       0
       0
       0
       0
       0
       0
       0
       0
       0
       0
       1
       0
       0
       0
       0
       0
       0
       1
       0
       0
       0
       0
       0
       0
       0
       0
       0
       0
       0
       0
       0
       0
       0
       0
       0
       0
       0
       0
       0
       0
       0
       0
       0
       0
       0
       0
       1
       0
       0
       0
       0
       0
       0
       0
       0
       0
       0
       0
       0
       0
       0
       0
       0
       0
       0
       0
       0
       0
       0
       1
       0
       0
       0
       0
       0
       0
       0
       0
       0
       0
       0
       2
       0
       1
       0
       1
       0
       0
       0
       0
       1
       0
       0
       0
       0
       0
       0
       0
       0
       0
       0
       0
       0
       0
       0
       0
       0
       0
       0
       0
       0
       1
       0
       0
       0
       0
       0
       0
       0
       0
       0
       0
       0
       0
       0
       0
       0
       0
       0
       0
       0
       0
       0
       0
       0
       0
       0
       1
       0
       0
       0
       0
       0
       1
       0
       0
       0
       0
       0
       0
       0
       0
       0
       0
       0
       0
       0
       0
       0
       0
       0
       0
       0
       0
       0
       0
       0
       0
       0
       0
       0
       0
       0
       0
       0
       0
       0
       0
       0
       0
       0
       0
       0
       0
       0
       0
       0
       0
       0
       0
       0
       0
       0
       1
       0
       0
       0
       0
       0
       0
       1
       0
       0
       0
       0
       0
       0
       0
       0
       0
       0
       0
       0
       0
       0
       0
       0
       0
       0
       0
       0
       0
       0
       0
       0
       0
       0
       0
       0
       1
       0
       0
       1
       0
       0
       0
       0
       0
       0
       0
       0
       0
       0
       0
       0
       0
       0
       0
       0
       0
       0
       0
       0
       0
       0
       0
       0
       0
       0
       0
       0
       0
       0
       0
       0
       0
       0
       0
       0
       0
       0
       0
       0
       0
       0
       0
       1
       0
       0
       0
       0
       0
       0
       0
       0
       0
       0
       0
       1
       0
       1
       0
       0
       0
       0
       0
       0
       0
       0
       0
       0
       0
       0
       0
       0
       0
       0
       0
       0
       0
       0
       0
       0
       0
       0
       0
       0
       0
       0
       0
       0
       0
       0
       0
       0
       0
       0
       0
       0
       0
       0
       0
       0
       0
       0
       0
       0
       0
       0
       0
       0
       0
       0
       0
       0
       0
       0
       0
       0
       0
       0
       0
       0
       0
       0
       0
       0
       0
       0
       0
       0
       0
       0
       0
       1
       0
       0
       0
       0
       0
       0
       0
       0
       0
       0
       0
       0
       0
       0
       0
       0
       0
       0
       0
       0
       0
       0
       0
       0
       0
       0
       0
       0
       0
       0
       0
       0
       0
       0
       0
       0
       0
       0
       0
       0
       0
       0
       0
       0
       0
       0
       0
       0
       0
       0
       0
       0
       0
       0
       0
       1
       0
       0
       0
       0
       1
       0
       0
       0
       0
       0
       0
       0
       0
       0
       0
       0
       0
       0
       0
       0
       0
       0
       0
       0
       1
       0
       0
       0
       0
       0
       0
       0
       0
       1
       0
       0
       0
       0
       0
       0
       0
       0
       0
       0
       0
       0
       0
       0
       0
       0
       0
       0
       0
       0
       0
       0
       0
       0
       0
       0
       0
       0
       0
       0
       0
       0
       0
       0
       0
       0
       0
       0
       0
       0
       0
       0
       0
       0
       0
       0
       0
       0
       0
       0
       0
       0
       0
       1
       0
       0
       0
       0
       0
       0
       0
       0
       0
       0
       0
       0
       0
       0
       0
       0
       0
       0
       0
       0
       0
       0
       0
       0
       1
       0
       0
       0
       0
       1
       0
       0
       0
       0
       0
       0
       0
       0
       0
       1
       0
       0
       0
       0
       0
       0
       0
       0
       0
       0
       0
       0
       0
       0
       0
       0
       0
       0
       0
       0
       0
       0
       0
       0
       0
       0
       0
       0
       0
       0
       0
       0
       0
       0
       0
       0
       1
       0
       0
       0
       0
       0
       0
       0
       0
       0
       0
       0
       0
       0
       0
       0
       0
       0
       0
       0
       0
       0
       0
       0
       2
       0
       0
       0
       0
       0
       0
       0
       0
       0
       0
       0
       0
       0
       0
       0
       0
       0
       0
       0
       0
       0
       0
       0
       0
       0
       0
       0
       0
       0
       0
       0
       0
       0
       0
       0
       0
       0
       0
       0
       0
       0
       0
       0
       0
       0
       0
       0
       0
       0
       0
       0
       0
       0
       0
       0
       0
       0
       0
       0
       0
       0
       0
       0
       0
       0
       0
       0
       0
       0
       0
       0
       0
       0
       0
       0
       0
       0
       0
       0
       0
       0
       0
       0
       0
       0
       0
       0
       0
       0
       0
       0
       0
       0
       0
       0
       0
       0
       0
       0
       0
       0
       0
       0
       0
       0
       0
       0
       0
       0
       0
       0
       0
       0
       0
       0
       0
       0
       0
       0
       0
       0
       0
       0
       0
       0
       0
       0
       0
       0
       0
       0
       0
       0
       0
       0
       0
       0
       0
       0
       0
       0
       0
       0
       0
       0
       0
       0
       0
       0
       0
       0
       0
       0
       0
       0
       0
       0
       0
       0
       0
       0
       0
       0
       0
       0
       0
       0
       0
       0
       0
       0
       0
       0
       0
       0
       0
       1
       0
       0
       0
       0
       0
       0
       1
       0
       0
       0
       0
       0
       0
       0
       0
       0
       0
       0
       0
       0
       0
       0
       0
       0
       0
       0
       0
       0
       0
       0
       0
       0
       0
       0
       0
       0
       0
       0
       0
       0
       0
       0
       0
       0
       0
       0
       1
       0
       0
       0
       0
       0
       0
       0
       0
       0
       0
       0
       0
       0
       0
       0
       0
       0
       0
       0
       0
       0
       0
       0
       0
       0
       0
       0
       0
       0
       0
       0
       0
       0
       0
       0
       0
       0
       0
       0
       0
       0
       0
       0
       0
       0
       0
       0
       0
       0
       0
       0
       0
       0
       0
       0
       0
       0
       0
       1
       0
       0
       0
       0
       0
       0
       0
       0
       0
       0
       0
       0
       0
       0
       0
       0
       0
       0
       0
       0
       0
       0
       0
       0
       0
       0
       0
       0
       0
       0
       0
       1
       0
       0
       0
       0
       0
       0
       0
       0
       0
       0
       0
       0
       0
       0
       0
       1
       0
       0
       0
       0
       0
       0
       0
       0
       0
       0
       0
       0
       0
       0
       0
       0
       0
       0
       0
       0
       0
       0
       0
       0
       0
       0
       0
       0
       0
       0
       1
       0
       0
       0
       0
       0
       0
       0
       0
       0
       0
       0
       0
       0
       0
       0
       0
       0
       0
       0
       0
       0
       0
       0
       0
       0
       0
       0
       0
       0
       0
       0
       0
       0
       0
       0
       0
       0
       0
       0
       0
       0
       0
       0
       0
       0
       0
       0
       0
       0
       0
       0
       0
       0
       0
       0
       0
       0
       0
       0
       0
       0
       0
       0
       0
       0
       0
       0
       0
       0
       0
       0
       0
       0
       0
       0
       0
       0
       0
       0
       0
       0
       0
       0
       0
       0
       0
       0
       0
       0
       0
       0
       0
       0
       0
       0
       0
       0
       0
       0
       0
       0
       0
       0
       0
       0
       0
       0
       0
       0
       0
       0
       0
       0
       0
       0
       0
       0
       0
       0
       0
       0
       0
       0
       0
       0
       0
       0
       0
       0
       0
       0
       0
       0
       0
       0
       0
       0
       0
       0
       0
       0
       0
       0
       0
       0
       0
       0
       0
       0
       0
       0
       0
       0
       0
       0
       0
       0
       0
       0
       0
       0
       0
       1
       0
       0
       0
       0
       0
       0
       0
       0
       0
       0
       0
       0
       0
       0
       0
       0
       0
       0
       0
       0
       0
       0
       0
       0
       0
       0
       0
       0
       0
       0
       0
       0
       0
       1
       0
       0
       0
       0
       0
       0
       0
       0
       0
       0
       0
       0
       0
       0
       0
       0
       0
       0
       0
       0
       0
       0
       0
       0
       0
       0
       0
       0
       0
       0
       0
       0
       0
       0
       0
       0
       0
       0
       0
       0
       0
       0
       0
       0
       0
       0
       0
       0
       0
       0
       0
       0
       0
       0
       0
       0
       0
       0
       0
       0
       0
       0
       0
       0
       0
       0
       0
       0
       0
       0
       0
       0
       0
       0
       0
       0
       0
       0
       0
       0
       0
       0
       0
       0
       0
       0
       0
       0
       0
       0
       0
       0
       0
       0
       0
       0
       0
       0
       0
       0
       0
       0
       0
       0
       0
       0
       0
       0
       0
       0
       0
       0
       0
       0
       0
       0
       0
       0
       0
       0
       0
       0
       0
       0
       0
       0
       0
       0
       0
       0
       0
       0
       0
       0
       0
       0
       0
       0
       0
       0
       0
       0
       0
       0
       0
       0
       0
       0
       0
       0
       0
       0
       0
       0
       0
       0
       0
       0
       0
       0
       0
       0
       0
       0
       0
       0
       0
       0
       0
       0
       0
       0
       0
       0
       0
       0
       0
       0
       0
       0
       0
       0
       0
       0
       0
       0
       0
       0
       0
       0
       0
       0
       0
       0
       0
       0
       0
       0
       0
       0
       0
       0
       0
       0
       0
       0
       0
       0
       0
       0
       0
       0
       0
       0
       0
       0
       0
       0
       0
       0
       0
       1
       0
       0
       0
       0
       0
       0
       0
       0
       0
       0
       0
       0
       0
       0
       0
       0
       0
       0
       0
       0
       0
       0
       0
       0
       0
       0
       0
       0
       0
       0
       0
       0
       0
       0
       0
       0
       0
       0
       0
       0
       0
       0
       0
       1
       0
       0
       0
       0
       0
       0
       0
       1
       0
       0
       0
       0
       0
       0
       0
       0
       1
       0
       0
       0
       0
       0
       0
       0
       0
       0
       0
       0
       0
       0
       0
       0
       0
       0
       0
       0
       0
       0
       0
       0
       0
       0
       0
       0
       0
       0
       0
       0
       0
       0
       0
       0
       0
       0
       0
       0
       0
       0
       0
       0
       0
       0
       0
       0
       0
       0
       0
       1
       0
       0
       0
       0
       0
       0
       0
       0
       0
       0
       0
       0
       0
       0
       0
       0
       0
       0
       0
       0
       0
       0
       0
       0
       0
       0
       0
       0
       0
       0
       0
       0
       0
       0
       0
       0
       0
       0
       0
       0
       0
       0
       0
       0
       0
       0
       0
       0
       0
       0
       0
       0
       0
       0
       0
       0
       0
       0
       0
       0
       0
       0
       0
       0
       0
       0
       0
       0
       0
       0
       0
       0
       0
       0
       0
       0
       0
       0
       0
       0
       0
       0
       0
       0
       0
       0
       0
       0
       0
       1
       0
       0
       0
       0
       0
       0
       0
       0
       0
       1
       0
       0
       0
       0
       0
       0
       0
       0
       0
       0
       0
       0
       0
       0
       0
       0
       0
       0
       0
       0
       0
       0
       0
       0
       0
       0
       0
       0
       0
       0
       0
       0
       0
       0
       0
       0
       0
       0
       0
       0
       0
       0
       0
       0
       0
       0
       0
       0
       0
       0
       0
       0
       0
       0
       0
       0
       0
       0
       0
       0
       0
       0
       0
       0
       0
       0
       0
       0
       0
       0
       0
       0
       0
       0
       0
       0
       0
       0
       0
       0
       0
       0
       0
       0
       0
       0
       0
       0
       0
       0
       0
       0
       0
       0
       0
       0
       0
       0
       0
       0
       0
       0
       0
       0
       0
       0
       0
       0
       0
       0
       0
       0
       0
       0
       0
       0
       0
       0
       0
       0
       0
       0
       0
       0
       0
       1
       0
       0
       0
       0
       0
       0
       0
       0
       0
       0
       0
       0
       0
       0
       0
       0
       0
       0
       0
       0
       0
       0
       0
       0
       0
       0
       0
       0
       0
       0
       0
       0
       0
       0
       0
       0
       0
       0
       0
       0
       0
       0
       1
       0
       0
       0
       0
       0
       0
       0
       0
       0
       0
       0
       0
       0
       0
       0
       0
       0
       0
       0
       0
       0
       0
       0
       0
       0
       0
       0
       0
       0
       0
       0
       0
       0
       0
       0
       0
       0
       0
       0
       0
       0
       0
       0
       0
       0
       0
       0
       0
       0
       0
       0
       0
       0
       0
       0
       0
       0
       0
       0
       0
       0
       0
       0
       0
       0
       0
       0
       0
       0
       0
       0
       0
       0
       0
       0
       0
       0
       0
       0
       0
       0
       0
       0
       0
       0
       0
       0
       0
       0
       0
       0
       0
       0
       0
       0
       0
       0
       0
       0
       0
       0
       0
       0
       0
       0
       0
       0
       0
       0
       0
       0
       0
       0
       0
       0
       0
       0
       0
       0
       0
       0
       0
       0
       0
       0
       0
       0
       0
       0
       0
       0
       0
       0
       0
       0
       0
       0
       0
       0
       0
       0
       0
       0
       0
       0
       0
       0
       0
       0
       0
       0
       0
       0
       0
       0
       0
       0
       0
       0
       0
       0
       0
       0
       0
       0
       0
       0
       0
       0
       0
       0
       0
       0
       0
       0
       0
       0
       0
       0
       0
       0
       0
       0
       0
       0
       0
       0
       0
       0
       0
       0
       0
       0
       0
       0
       0
       0
       0
       0
       0
       0
       0
       0
       0
       0
       0
       0
       0
       0
       0
       0
       0
       0
       0
       0
       0
       0
       0
       0
       0
       0
       0
       0
       0
       0
       0
       0
       0
       0
       0
       0
       0
       0
       0
       0
       0
       0
       0
       0
       0
       0
       0
       0
       0
       0
       0
       0
$ROI:
0
$PRESETS:
None
0
0
$ENER_FIT:
0.000000 1.000000
$MCA_CAL:
3
0.000000E+000 1.000000E+000 0.000000E+000 keV
$SHAPE_CAL:
3
1.000000E+000 0.000000E+000 0.000000E+000
