$SPEC_ID:
No sample description was entered.
$SPEC_REM:
DET# 1
DETDESC# SCE-SOPA-00035 MCB 133
AP# Maestro Version 7.01
$DATE_MEA:
10/07/2019 11:37:29
$MEAS_TIM:
7876 7911
$DATA:
0 4095
       0
       0
       0
       0
       0
       0
       0
       0
       0
       0
       0
       0
       0
       0
       0
       0
       0
       0
       0
       0
       0
      63
     277
     284
     545
   10788
    8889
    8983
   11375
   15636
   18522
   19261
   19968
   23094
   30800
   41633
   50196
   66113
  140699
  313740
  419639
  287375
  104253
   39799
   53480
   93678
   99729
   60257
   23554
    9174
    5620
    4756
    4253
    4165
    4110
    3919
    3993
    4000
    4055
    3986
    3996
    4025
    3901
    4005
    4173
    4194
    4270
    4254
    4329
    4518
    4600
    4714
    4713
    4908
    5128
    5310
    5708
    5921
    6672
    8461
    9852
    9421
    8147
    8341
    9461
   10220
   10324
    9195
    8159
    7520
    7354
    7225
    7116
    7024
    6897
    6789
    6782
    6648
    6404
    6566
    6614
    6664
    6642
    6615
    6712
    6692
    6947
    6926
    6946
    7145
    7040
    7406
    7509
    7803
    7697
    8082
    8532
    8863
    9744
   13152
   35718
  108887
  185035
  149805
   57392
   13457
    5642
    5171
    5029
    4905
    4942
    4861
    4894
    4695
    4712
    4753
    4826
    4830
    4623
    4655
    4773
    4615
    4755
    4879
    4945
    5092
    5215
    5458
    5798
    6020
    6063
    5952
    6191
    5909
    5991
    5796
    5882
    6072
    6195
    6440
    7529
   10679
   13219
   11234
    7504
    5819
    5914
    6526
    6753
    6104
    5317
    4943
    4821
    4744
    4828
    4817
    4756
    4880
    4742
    4756
    4771
    4803
    4725
    4801
    4829
    4893
    4765
    4787
    4861
    4899
    4826
    4846
    4890
    4945
    4856
    4763
    4895
    4705
    4566
    4425
    4313
    4301
    4211
    4147
    4250
    4130
    4051
    3999
    4213
    4171
    4117
    4150
    4025
    4053
    3961
    4076
    3875
    3801
    3850
    3761
    3843
    3765
    3731
    3657
    3646
    3577
    3638
    3399
    3417
    3402
    3354
    3256
    3365
    3268
    3264
    3150
    3082
    3235
    3199
    3236
    3195
    3336
    3641
    6258
   15103
   26305
   24868
   12318
    4513
    2968
    2694
    2781
    2815
    2775
    2596
    2637
    2522
    2533
    2480
    2413
    2439
    2416
    2475
    2355
    2297
    2364
    2307
    2396
    2284
    2348
    2330
    2486
    2477
    2426
    2298
    2443
    2378
    2406
    2253
    2285
    2364
    2326
    2303
    2502
    3103
    3589
    3280
    2693
    2225
    2204
    2262
    2373
    2231
    2220
    2052
    2467
    2976
    3184
    2520
    2083
    2019
    1885
    1946
    1874
    1940
    1872
    1851
    1931
    1820
    1806
    1902
    1836
    1835
    1831
    1828
    1903
    2023
    1910
    1897
    1808
    1841
    1841
    1802
    1847
    1896
    2052
    2055
    1950
    1963
    2080
    2169
    2209
    2063
    1985
    1963
    2048
    2084
    2045
    2220
    2299
    2600
    2914
    5063
   16511
   46397
   70496
   53465
   20324
    4775
    1809
    1527
    1565
    1561
    1565
    1460
    1459
    1444
    1467
    1435
    1459
    1411
    1435
    1424
    1437
    1419
    1584
    2091
    2971
    3485
    3574
    2464
    1656
    1442
    1401
    1345
    1339
    1379
    1313
    1238
    1427
    1324
    1344
    1357
    1349
    1338
    1400
    1397
    1425
    1449
    1294
    1351
    1319
    1349
    1321
    1375
    1318
    1343
    1239
    1366
    1214
    1381
    1292
    1308
    1321
    1331
    1346
    1359
    1345
    1477
    1592
    2432
    4465
    5679
    4580
    2402
    1500
    1553
    1609
    1531
    1330
    1230
    1207
    1299
    1232
    1242
    1234
    1276
    1204
    1218
    1318
    1301
    1284
    1239
    1250
    1276
    1248
    1269
    1280
    1285
    1290
    1334
    1371
    1692
    2940
    5390
    6599
    4846
    2399
    1344
    1242
    1269
    1209
    1265
    1224
    1325
    1238
    1253
    1237
    1278
    1220
    1256
    1256
    1206
    1244
    1256
    1284
    1236
    1211
    1286
    1214
    1269
    1244
    1245
    1338
    1299
    1320
    1347
    1273
    1248
    1366
    1362
    1344
    1374
    1420
    1515
    1505
    1469
    1411
    1440
    1896
    1949
    1679
    1382
    1337
    1285
    1306
    1303
    1321
    1247
    1313
    1324
    1253
    1307
    1410
    1479
    1490
    1358
    1278
    1317
    1330
    1413
    1296
    1351
    1348
    1383
    1251
    1289
    1215
    1258
    1286
    1386
    1307
    1399
    1313
    1264
    1379
    1348
    1339
    1361
    1415
    1336
    1333
    1297
    1347
    1289
    1385
    1362
    1347
    1344
    1359
    1373
    1328
    1335
    1362
    1384
    1363
    1341
    1390
    1389
    1364
    1378
    1360
    1411
    1380
    1360
    1395
    1346
    1395
    1390
    1417
    1339
    1454
    1481
    1608
    1886
    2114
    2079
    1881
    1656
    1513
    1423
    1418
    1399
    1399
    1442
    1420
    1437
    1432
    1422
    1449
    1437
    1469
    1378
    1399
    1453
    1524
    1754
    1934
    1873
    1562
    1359
    1255
    1222
    1226
    1246
    1221
    1260
    1257
    1283
    1205
    1273
    1226
    1249
    1198
    1201
    1258
    1231
    1231
    1223
    1181
    1320
    1210
    1207
    1208
    1191
    1269
    1239
    1161
    1211
    1159
    1242
    1226
    1180
    1171
    1143
    1243
    1182
    1157
    1228
    1173
    1180
    1158
    1262
    1209
    1153
    1168
    1147
    1134
    1210
    1198
    1191
    1167
    1154
    1178
    1165
    1179
    1154
    1172
    1135
    1112
    1193
    1206
    1196
    1151
    1138
    1194
    1191
    1359
    1304
    1251
    1142
    1164
    1141
    1093
    1182
    1173
    1163
    1152
    1133
    1184
    1155
    1183
    1194
    1198
    1216
    1303
    1377
    1351
    1408
    1581
    1674
    1442
    1134
    1079
    1090
    1109
    1179
    1214
    1526
    1871
    2174
    1745
    1301
    1151
    1087
    1075
    1116
    1091
    1140
    1112
    1146
    1117
    1109
    1109
    1159
    1089
    1113
    1122
    1047
    1127
    1140
    1152
    1205
    1257
    1282
    1281
    1191
    1218
    1194
    1317
    1409
    1467
    1307
    1178
    1195
    1167
    1154
    1223
    1228
    1215
    1303
    1198
    1158
    1152
    1235
    1237
    1192
    1182
    1191
    1210
    1242
    1148
    1146
    1170
    1237
    1210
    1215
    1255
    1258
    1176
    1192
    1239
    1184
    1211
    1325
    1319
    1355
    1312
    1342
    1324
    1211
    1218
    1195
    1219
    1220
    1287
    1366
    1357
    1223
    1196
    1232
    1302
    1184
    1247
    1169
    1262
    1343
    2251
    4967
   10352
   14316
   11486
    5496
    2066
    1135
    1018
    1010
    1011
    1013
    1003
    1010
    1024
     979
    1057
    1032
     988
    1018
    1024
    1065
    1048
     990
     986
     994
    1020
     989
     985
    1002
    1068
    1088
    1022
    1157
    1291
    1346
    1249
    1109
    1032
    1070
    1014
     993
     974
     966
     996
    1031
    1059
     992
     954
    1000
    1010
    1004
    1000
    1016
     966
    1033
    1062
    1032
    1009
    1043
    1046
    1001
    1021
    1023
    1062
    1165
    1125
    1101
    1099
    1019
    1035
    1037
    1037
    1062
    1026
    1040
    1031
    1031
    1028
    1001
    1024
    1038
    1073
    1028
    1078
    1049
    1047
    1098
    1201
    1524
    2700
    3872
    4345
    3090
    1643
    1141
    1120
    1078
    1095
    1052
    1039
     994
    1006
    1003
    1005
     961
     932
     958
    1012
     940
     957
     883
     956
     947
     951
     925
     946
     876
     832
     963
     973
    1012
    1003
     938
    1005
     919
     955
     915
     863
     902
     955
     983
    1000
     896
     797
     802
     837
     802
     775
     777
     778
     810
     898
     982
    1101
     940
     795
     704
     788
     853
     939
     915
     874
     792
     749
     818
     772
     744
     679
     706
     654
     660
     673
     676
     700
     673
     692
     638
     675
     673
     649
     625
     662
     680
     690
     680
     619
     703
     658
     735
     681
     671
     749
     795
     913
    1480
    3436
    7350
   10920
   10368
    6100
    2366
     847
     576
     576
     548
     573
     545
     568
     522
     527
     535
     573
     521
     509
     562
     531
     528
     495
     548
     508
     531
     598
     589
     616
     628
     554
     552
     507
     475
     550
     540
     527
     568
     568
     606
     740
    1010
    1314
    1480
    1165
     849
     628
     625
     585
     604
     509
     470
     455
     450
     479
     444
     432
     405
     441
     454
     431
     429
     400
     443
     437
     469
     402
     434
     423
     438
     454
     395
     397
     424
     424
     431
     423
     401
     436
     415
     430
     472
     467
     460
     486
     434
     473
     477
     462
     462
     411
     426
     476
     372
     458
     462
     383
     471
     473
     438
     449
     421
     453
     445
     452
     460
     461
     475
     465
     480
     471
     473
     502
     497
     527
     532
     491
     481
     546
     590
     726
    1245
    2581
    5470
    7666
    6863
    4431
    2460
    1833
    1452
    1033
     610
     505
     433
     429
     485
     424
     411
     447
     471
     434
     485
     494
     455
     502
     604
     748
    1224
    2553
    5480
    8707
    8688
    5529
    2300
     793
     487
     464
     514
     466
     496
     670
     741
     849
     850
     807
     690
     571
     478
     500
     491
     499
     511
     479
     443
     414
     426
     419
     431
     474
     482
     459
     455
     444
     499
     491
     461
     505
     590
     673
     808
    1019
     934
     754
     573
     537
     558
     591
     580
     518
     497
     516
     440
     523
     462
     512
     471
     511
     476
     505
     558
     464
     521
     525
     509
     521
     460
     506
     549
     480
     491
     505
     510
     532
     492
     485
     503
     454
     510
     448
     518
     449
     388
     408
     391
     374
     398
     360
     371
     342
     374
     322
     347
     335
     354
     328
     296
     338
     373
     380
     539
     769
     993
    1005
     728
     470
     345
     293
     296
     287
     313
     303
     306
     293
     275
     287
     267
     307
     273
     303
     300
     373
     402
     508
     454
     356
     349
     257
     263
     271
     215
     224
     256
     230
     260
     232
     258
     242
     325
     337
     359
     343
     290
     272
     263
     248
     240
     221
     232
     228
     223
     254
     241
     212
     187
     194
     174
     207
     202
     199
     179
     206
     222
     193
     198
     201
     176
     186
     205
     170
     174
     177
     160
     164
     161
     156
     165
     152
     164
     157
     206
     198
     185
     207
     214
     224
     349
     596
     955
     985
     752
     403
     197
     116
     136
     108
     130
      89
     105
      96
     108
     114
     102
     116
      86
      86
     101
      87
      84
      71
      91
      85
      94
      81
      69
      97
      76
      76
      75
      70
      84
      82
      86
     105
      88
      80
      85
      68
      65
      93
      65
      73
      71
      74
      66
      77
      63
      69
      74
      78
      53
      77
      69
      82
      63
      72
      39
      54
      65
      71
      75
      69
      80
      78
      72
      74
      69
      55
      69
      61
      67
      53
      65
      63
      41
      80
      63
      63
      74
      64
      57
      54
      66
      64
      71
      60
      72
      83
      66
      57
      85
      72
      84
      84
      84
      92
      88
      93
     137
     118
     150
     167
     228
     398
     951
    2463
    5392
    8800
    9610
    7309
    3447
     971
     211
      68
      36
      39
      36
      32
      29
      21
      26
      25
      25
      19
      18
      26
      26
      21
      21
      30
      32
      42
      39
      59
      60
      49
      48
      34
      54
      40
      58
      67
      92
      98
     161
     285
     444
     617
     623
     467
     226
     137
     129
     173
     204
     203
     194
     260
     248
     143
      72
      28
      20
      13
       5
       8
      13
      10
      10
       6
      15
       6
      10
      10
      10
       4
      12
       7
      10
      11
       8
       8
       8
      13
       7
      17
      24
      23
      10
      21
      17
      23
      35
      22
      26
      25
      32
      33
      24
      25
      20
      10
      20
      13
      17
      18
      11
      16
      16
      11
       8
      14
      11
      17
       8
      16
      13
      17
      20
      21
      14
      16
      11
      19
      23
      54
     101
     244
     321
     402
     410
     252
     105
      26
       6
       2
       7
       3
       6
      10
       2
       4
       1
       2
       3
       3
       1
       0
       9
       4
       2
       3
       6
       2
       5
       6
       4
       3
       6
       4
       1
       6
       8
       6
       8
      10
      12
      16
      19
      32
      18
      12
       5
       5
      11
       6
       4
       6
       5
      14
       5
      12
       3
       3
       4
       3
       4
       1
       6
       3
       1
       2
       3
       5
       1
       0
       1
       2
       1
       1
       5
       0
       2
       4
       4
       6
       7
       8
       6
       8
       0
       3
       1
       3
       1
       4
       1
       1
       6
       4
       0
       1
       3
       1
       1
       3
       3
       5
       2
       3
       3
       1
       1
       2
       3
       1
       2
       4
       3
       3
       7
       9
      20
      29
      31
      10
       7
       4
      10
       7
      10
       3
       3
       2
       2
       1
       0
       2
       1
       1
       3
       0
       2
       1
       0
       1
       1
       3
       2
       0
       1
       3
       1
       1
       2
       1
       1
       3
       1
       0
       1
       3
       0
       5
       2
       2
       1
       1
       3
       0
       1
       2
       1
       1
       1
       2
       0
       1
       1
       0
       0
       0
       1
       2
       0
       2
       1
       2
       0
       1
       0
       0
       1
       1
       0
       2
       0
       5
       2
       1
       3
       1
       0
       1
       4
       2
       1
       0
       2
       1
       2
       3
       2
       1
       0
       0
       1
       0
       1
       0
       1
       2
       1
       2
       0
       1
       0
       0
       3
       1
       0
       1
       1
       3
       0
       4
       3
       1
       3
       0
       3
       1
       1
       3
       3
       5
       3
       1
       2
       4
       4
       7
       1
       1
       2
       0
       0
       2
       3
       3
       0
       2
       3
       1
       1
       1
       1
       0
       2
       1
       3
       0
       0
       0
       1
       2
       2
       2
       0
       2
       0
       2
       1
       1
       1
       1
       0
       2
       1
       0
       0
       0
       2
       2
       0
       1
       1
       3
       2
       2
       3
       1
       2
       2
       0
       0
       2
       0
       0
       2
       0
       0
       2
       5
       2
       1
       1
       1
       1
       2
       1
       0
       3
       1
       2
       2
       3
       1
       1
       1
       2
       0
       1
       0
       1
       1
       1
       2
       0
       1
       0
       2
       0
       0
       1
       2
       0
       0
       1
       0
       1
       3
       1
       2
       1
       2
       2
       1
       0
       0
       1
       3
       3
       0
       0
       3
       1
       1
       1
       0
       1
       0
       1
       1
       0
       1
       0
       2
       0
       2
       1
       0
       0
       0
       1
       1
       1
       0
       1
       2
       1
       2
       3
       1
       0
       1
       2
       1
       0
       1
       0
       0
       0
       1
       1
       3
       2
       0
       1
       1
       1
       1
       3
       1
       2
       2
       0
       2
       0
       1
       2
       3
       0
       0
       2
       0
       0
       1
       0
       1
       1
       0
       1
       0
       1
       0
       0
       1
       1
       1
       0
       2
       2
       1
       1
       0
       2
       1
       0
       0
       1
       1
       0
       1
       0
       1
       2
       0
       1
       1
       1
       0
       0
       3
       0
       2
       0
       2
       1
       2
       0
       0
       1
       0
       0
       1
       4
       2
       3
       0
       0
       0
       1
       0
       1
       1
       0
       1
       2
       0
       0
       2
       1
       1
       1
       3
       0
       0
       0
       1
       0
       0
       0
       0
       0
       3
       1
       0
       0
       1
       0
       1
       0
       0
       2
       0
       2
       1
       0
       0
       1
       0
       3
       0
       0
       0
       0
       2
       1
       0
       0
       3
       2
       0
       1
       1
       0
       0
       0
       0
       1
       3
       1
       0
       2
       1
       2
       0
       2
       0
       2
       0
       0
       0
       0
       0
       0
       0
       2
       0
       0
       1
       2
       1
       1
       0
       1
       0
       1
       1
       0
       0
       1
       0
       1
       1
       1
       2
       0
       0
       0
       1
       1
       1
       1
       2
       1
       0
       0
       0
       2
       0
       1
       0
       0
       1
       0
       3
       2
       0
       1
       2
       1
       1
       0
       1
       0
       0
       3
       1
       1
       1
       1
       0
       0
       1
       0
       0
       1
       0
       1
       2
       0
       1
       0
       1
       1
       1
       0
       0
       0
       0
       1
       1
       1
       1
       2
       1
       0
       2
       0
       1
       0
       1
       0
       0
       1
       0
       0
       0
       1
       4
       0
       0
       0
       1
       1
       1
       0
       1
       0
       1
       2
       0
       2
       1
       1
       0
       0
       1
       0
       0
       2
       0
       0
       1
       0
       1
       0
       0
       0
       1
       0
       1
       0
       1
       0
       0
       0
       0
       0
       1
       1
       2
       0
       0
       0
       2
       0
       0
       0
       0
       2
       1
       0
       0
       1
       2
       0
       1
       0
       0
       0
       3
       0
       1
       0
       0
       1
       0
       0
       0
       1
       1
       1
       1
       0
       0
       0
       3
       1
       0
       0
       1
       1
       0
       0
       0
       0
       0
       1
       1
       0
       0
       3
       1
       1
       0
       0
       1
       0
       0
       2
       0
       2
       0
       0
       0
       1
       0
       1
       3
       1
       1
       2
       2
       1
       0
       1
       0
       0
       1
       3
       2
       1
       2
       1
       1
       0
       1
       0
       1
       0
       1
       1
       1
       0
       1
       2
       1
       0
       0
       0
       1
       0
       0
       1
       0
       1
       1
       0
       0
       1
       2
       0
       0
       1
       0
       0
       0
       0
       1
       0
       1
       0
       4
       0
       1
       0
       0
       0
       0
       0
       0
       0
       2
       1
       1
       1
       0
       1
       1
       0
       1
       0
       0
       0
       2
       0
       3
       0
       1
       1
       0
       1
       0
       0
       1
       2
       0
       0
       1
       0
       0
       2
       1
       0
       0
       0
       1
       1
       0
       1
       1
       1
       1
       0
       0
       0
       2
       1
       1
       0
       0
       1
       0
       1
       0
       0
       1
       0
       0
       1
       0
       0
       0
       1
       0
       0
       0
       0
       0
       0
       0
       1
       0
       0
       0
       0
       0
       0
       2
       0
       0
       0
       0
       1
       0
       0
       0
       0
       0
       0
       0
       0
       1
       0
       0
       1
       0
       0
       2
       0
       1
       0
       0
       1
       1
       0
       0
       1
       0
       0
       0
       0
       0
       2
       0
       1
       3
       1
       1
       1
       0
       3
       0
       0
       0
       0
       0
       0
       1
       0
       2
       0
       0
       0
       1
       0
       0
       0
       0
       1
       0
       0
       0
       1
       0
       0
       0
       0
       0
       0
       0
       0
       0
       0
       0
       1
       0
       0
       0
       0
       0
       1
       1
       0
       0
       0
       0
       0
       0
       1
       0
       0
       1
       0
       0
       1
       1
       0
       0
       0
       2
       0
       0
       1
       1
       1
       0
       0
       0
       0
       0
       0
       2
       0
       0
       2
       0
       0
       0
       0
       0
       0
       0
       0
       0
       0
       0
       0
       0
       0
       1
       2
       0
       2
       0
       0
       0
       1
       1
       0
       0
       0
       1
       0
       0
       0
       1
       0
       0
       2
       0
       0
       0
       0
       0
       0
       0
       0
       0
       0
       0
       0
       0
       1
       0
       1
       0
       0
       0
       0
       0
       0
       0
       0
       1
       0
       0
       0
       0
       1
       1
       0
       1
       0
       1
       1
       0
       0
       0
       1
       1
       3
       5
       1
       4
       3
       2
       1
       1
       0
       2
       0
       1
       0
       0
       1
       0
       1
       0
       0
       1
       0
       0
       0
       0
       1
       0
       0
       0
       1
       0
       1
       1
       0
       0
       1
       0
       0
       0
       0
       0
       0
       0
       1
       0
       0
       0
       0
       0
       0
       1
       0
       0
       0
       0
       0
       0
       1
       0
       0
       0
       0
       2
       1
       0
       2
       0
       0
       0
       0
       0
       1
       1
       2
       1
       0
       0
       1
       0
       1
       0
       1
       1
       0
       1
       0
       0
       0
       0
       0
       1
       1
       0
       0
       0
       0
       1
       1
       0
       0
       0
       0
       1
       1
       0
       0
       1
       1
       0
       0
       0
       2
       1
       0
       0
       0
       1
       0
       1
       0
       0
       0
       1
       0
       0
       2
       0
       0
       0
       0
       0
       1
       2
       0
       1
       0
       1
       0
       0
       0
       2
       0
       0
       0
       0
       1
       1
       0
       0
       0
       0
       0
       2
       0
       0
       0
       0
       1
       1
       1
       0
       1
       0
       0
       0
       0
       0
       0
       0
       0
       0
       0
       0
       1
       0
       0
       1
       1
       0
       0
       1
       0
       0
       0
       0
       0
       1
       1
       1
       1
       0
       0
       0
       1
       0
       0
       0
       0
       0
       0
       0
       0
       0
       0
       0
       0
       0
       1
       1
       0
       1
       0
       1
       0
       0
       0
       0
       0
       0
       1
       0
       0
       0
       0
       0
       0
       1
       0
       1
       0
       1
       0
       1
       1
       0
       0
       0
       0
       0
       0
       0
       0
       0
       2
       0
       0
       2
       1
       0
       0
       1
       0
       0
       0
       1
       0
       0
       0
       0
       0
       1
       0
       0
       1
       1
       0
       0
       0
       0
       0
       0
       0
       0
       0
       0
       1
       0
       0
       0
       0
       0
       0
       0
       1
       0
       0
       0
       0
       1
       0
       2
       0
       1
       1
       1
       0
       1
       1
       1
       0
       0
       1
       1
       0
       1
       0
       0
       0
       0
       0
       0
       1
       0
       0
       1
       0
       2
       0
       0
       0
       1
       0
       1
       0
       0
       0
       0
       0
       0
       0
       0
       0
       0
       0
       0
       1
       1
       0
       0
       0
       1
       0
       1
       0
       0
       0
       1
       0
       0
       1
       0
       0
       0
       0
       1
       1
       2
       0
       0
       1
       0
       2
       1
       0
       0
       0
       2
       0
       0
       1
       0
       0
       1
       0
       0
       0
       1
       1
       1
       0
       0
       1
       0
       0
       0
       0
       0
       0
       0
       0
       0
       0
       0
       0
       0
       0
       0
       0
       1
       0
       0
       0
       0
       0
       1
       0
       0
       0
       1
       0
       0
       0
       0
       0
       1
       0
       0
       0
       0
       0
       0
       0
       0
       0
       0
       1
       0
       0
       0
       0
       0
       1
       0
       1
       0
       0
       0
       0
       1
       1
       0
       0
       0
       0
       0
       0
       0
       1
       1
       0
       1
       0
       0
       0
       0
       0
       0
       0
       0
       0
       0
       0
       0
       0
       0
       0
       0
       0
       0
       0
       0
       0
       1
       0
       0
       0
       0
       0
       1
       0
       1
       0
       0
       1
       1
       1
       0
       1
       0
       0
       0
       0
       0
       0
       0
       1
       0
       0
       0
       0
       1
       1
       1
       0
       0
       0
       0
       0
       0
       2
       0
       0
       0
       0
       0
       0
       0
       0
       1
       1
       0
       0
       1
       0
       0
       0
       0
       0
       0
       0
       0
       0
       0
       1
       0
       0
       0
       0
       0
       1
       0
       1
       2
       1
       2
       1
       1
       0
       0
       0
       0
       0
       0
       1
       0
       0
       0
       0
       0
       0
       0
       2
       0
       0
       0
       1
       1
       0
       0
       1
       1
       0
       2
       0
       0
       0
       0
       0
       0
       2
       0
       0
       2
       0
       0
       1
       0
       0
       0
       0
       1
       0
       0
       0
       0
       0
       0
       0
       1
       0
       0
       0
       0
       0
       0
       0
       0
       0
       0
       1
       0
       0
       0
       0
       1
       0
       0
       0
       0
       0
       0
       0
       1
       0
       1
       0
       0
       0
       0
       0
       0
       2
       0
       0
       0
       0
       0
       0
       0
       1
       0
       0
       0
       0
       0
       0
       1
       0
       0
       0
       0
       0
       0
       1
       0
       2
       0
       0
       0
       0
       1
       1
       0
       0
       0
       0
       1
       0
       0
       1
       0
       0
       0
       0
       1
       0
       0
       0
       1
       0
       0
       0
       0
       1
       0
       0
       0
       0
       0
       0
       0
       0
       0
       0
       0
       0
       1
       0
       0
       0
       0
       0
       0
       0
       0
       0
       0
       0
       0
       1
       0
       0
       0
       0
       0
       0
       0
       0
       1
       1
       1
       0
       0
       1
       0
       0
       0
       0
       0
       1
       0
       0
       0
       0
       0
       1
       0
       1
       0
       0
       0
       0
       1
       0
       0
       0
       0
       0
       0
       0
       0
       0
       0
       2
       0
       0
       0
       0
       0
       0
       0
       0
       0
       0
       0
       0
       0
       0
       0
       0
       0
       0
       0
       0
       1
       1
       0
       0
       0
       0
       0
       0
       0
       0
       0
       0
       0
       0
       0
       0
       0
       0
       0
       0
       0
       0
       0
       0
       0
       1
       0
       0
       0
       0
       0
       1
       1
       0
       0
       0
       0
       0
       0
       0
       0
       1
       0
       1
       1
       0
       0
       0
       1
       0
       0
       0
       0
       0
       0
       0
       0
       0
       1
       0
       0
       0
       0
       0
       0
       0
       2
       0
       0
       0
       0
       2
       0
       0
       0
       0
       0
       3
       0
       0
       0
       0
       0
       0
       0
       0
       0
       0
       1
       0
       0
       0
       0
       1
       0
       0
       0
       1
       0
       0
       0
       0
       0
       0
       0
       2
       0
       0
       0
       0
       0
       0
       0
       0
       0
       0
       0
       0
       0
       0
       0
       0
       0
       0
       0
       0
       0
       0
       0
       0
       0
       0
       0
       0
       0
       0
       0
       0
       0
       0
       0
       0
       0
       0
       0
       0
       0
       0
       0
       0
       0
       0
       0
       0
       0
       1
       0
       0
       0
       0
       0
       0
       0
       1
       1
       0
       0
       0
       1
       0
       0
       0
       1
       0
       0
       0
       0
       0
       0
       0
       0
       0
       0
       0
       0
       0
       0
       0
       0
       0
       0
       0
       0
       0
       0
       1
       0
       1
       0
       0
       1
       0
       0
       1
       0
       0
       0
       0
       0
       0
       1
       0
       0
       0
       0
       0
       0
       0
       0
       0
       0
       0
       0
       0
       1
       0
       1
       0
       0
       0
       1
       1
       0
       0
       0
       0
       1
       1
       1
       1
       0
       0
       0
       1
       1
       0
       1
       0
       0
       0
       1
       0
       0
       0
       0
       0
       1
       0
       1
       0
       0
       0
       1
       0
       0
       0
       0
       1
       0
       0
       0
       1
       0
       0
       0
       1
       1
       0
       0
       0
       0
       0
       0
       0
       0
       0
       1
       1
       0
       0
       0
       0
       1
       1
       2
       0
       1
       0
       0
       0
       0
       0
       2
       0
       0
       0
       0
       0
       1
       1
       0
       0
       0
       0
       0
       0
       0
       0
       0
       0
       0
       2
       0
       0
       0
       0
       2
       1
       0
       0
       0
       0
       0
       1
       0
       0
       0
       0
       0
       0
       0
       1
       0
       0
       1
       0
       1
       0
       0
       0
       0
       1
       0
       0
       0
       1
       1
       0
       1
       0
       1
       0
       0
       0
       0
       0
       1
       0
       0
       0
       0
       0
       0
       0
       0
       0
       0
       0
       0
       0
       0
       0
       1
       0
       0
       1
       0
       0
       0
       0
       1
       0
       0
       1
       0
       1
       0
       0
       0
       0
       0
       0
       0
       0
       0
       1
       0
       0
       0
       0
       0
       0
       1
       0
       0
       0
       1
       2
       1
       0
       0
       0
       0
       0
       0
       0
       0
       0
       1
       0
       1
       0
       0
       0
       0
       0
       0
       0
       0
       1
       1
       1
       0
       0
       0
       0
       1
       0
       0
       0
       0
       1
       0
       0
       0
       0
       0
       0
       0
       0
       1
       0
       1
       0
       0
       0
       0
       0
       0
       0
       1
       1
       1
       0
       0
       0
       0
       0
       0
       0
       0
       0
       1
       0
       0
       0
       0
       0
       0
       0
       0
       0
       0
       0
       0
       1
       0
       0
       0
       1
       0
       1
       0
       0
       1
       1
       0
       0
       0
       0
       0
       0
       0
       0
       0
       0
       0
       0
       0
       0
       0
       0
       0
       0
       1
       1
       0
       0
       0
       0
       0
       1
       0
       0
       0
       1
       1
       0
       2
       0
       0
       0
       0
       0
       0
       0
       1
       0
       0
       0
       0
       2
       0
       0
       0
       0
       0
       0
       0
       0
       0
       0
       0
       0
       0
       0
       0
       0
       0
       0
       0
       0
       0
       0
       0
       0
       0
       0
       0
       0
       0
       0
       0
       0
       0
       0
       0
       0
       0
       0
       0
       0
       0
       0
       0
       0
       0
       0
       0
       0
       0
       0
       0
       0
       0
       0
       0
       0
       0
       0
       0
       0
       0
       0
       0
       0
       0
       0
       0
       0
       0
       0
       0
       0
       0
       0
       0
       0
       0
       0
       0
       0
       0
       0
       0
       0
       0
       0
       0
       0
       0
       0
       0
       0
       0
       0
       0
       0
       0
       0
       0
       0
       0
       0
       0
       0
       0
       0
       0
       0
       0
       0
       0
       0
       0
       0
       0
       0
       0
       0
       0
       0
       0
       0
       0
       0
       0
       0
       0
       0
       0
       0
       0
       0
       0
       0
       0
       0
       0
       0
       0
       0
       0
       0
       0
       0
       0
       0
       0
       0
       0
       0
       0
       0
       0
       0
       0
$ROI:
0
$PRESETS:
None
0
0
$ENER_FIT:
0.000000 1.000000
$MCA_CAL:
3
0.000000E+000 1.000000E+000 0.000000E+000 keV
$SHAPE_CAL:
3
1.000000E+000 0.000000E+000 0.000000E+000
