$SPEC_ID:
No sample description was entered.
$SPEC_REM:
DET# 1
DETDESC# SCE-SOPA-00035 MCB 133
AP# Maestro Version 7.01
$DATE_MEA:
10/22/2019 12:59:04
$MEAS_TIM:
3288 3304
$DATA:
0 4095
       0
       0
       0
       0
       0
       0
       0
       0
       0
       0
       0
       0
       0
       0
       0
       0
       0
       0
       0
       0
       0
       0
       0
       0
       1
       1
      22
     254
     549
   15726
  209836
  271563
  172368
   66417
   51651
   69083
   54929
   23108
    6729
    3096
    2668
    2601
    2651
    2643
    2761
    2799
    2860
    2905
    3075
    3143
    3405
    4505
    6731
    9595
    8721
    5502
    3859
    3797
    4293
    5375
    7807
   12614
   15787
   13244
    9118
    9214
   10353
    9061
    6647
    5773
    5644
    5725
    5520
    5114
    5145
    5271
    5815
    6604
    9368
   21815
   60216
  107228
   97463
   41831
   10215
    3594
    2768
    2444
    2533
    2525
    2445
    2525
    2531
    2648
    2649
    2663
    2677
    2657
    2809
    2661
    2772
    2901
    3217
    3024
    2814
    2756
    2773
    2990
    3241
    3941
    5318
    8621
   11692
   10243
    5977
    4096
    4517
    4388
    3550
    2740
    2391
    2447
    2507
    2467
    2528
    2500
    2513
    2592
    2536
    2627
    2658
    2614
    2710
    2775
    2953
    3016
    2909
    3002
    2942
    3008
    3147
    3138
    3130
    3266
    3284
    3270
    3295
    3322
    3458
    3464
    3785
    3742
    3737
    3712
    3812
    3694
    3823
    3680
    3724
    3844
    4459
    5288
    5135
    3991
    3497
    3322
    3252
    3216
    3110
    3021
    3033
    3051
    3001
    3085
    3026
    3051
    2990
    3016
    2900
    2972
    2945
    3054
    3095
    3033
    3010
    3052
    2957
    3061
    3012
    2962
    2995
    3077
    3133
    3061
    3008
    2950
    2977
    3047
    2941
    2931
    2880
    2899
    2894
    2889
    2744
    2750
    2665
    2495
    2444
    2299
    2303
    2165
    2089
    2007
    2001
    1957
    1957
    1972
    1884
    1898
    1823
    1846
    1980
    2119
    2387
    2322
    1868
    1802
    1749
    1768
    1754
    1677
    1626
    1618
    1564
    1539
    1542
    1476
    1383
    1355
    1398
    1297
    1305
    1280
    1264
    1185
    1151
    1221
    1178
    1140
    1092
    1120
    1132
    1159
    1206
    1110
    1117
    1069
    1020
    1059
     997
     980
     905
     913
     939
     916
     951
     914
     865
     926
     877
     901
     863
     935
    1058
    1753
    4457
    8353
    8609
    4549
    1653
     831
     774
     762
     749
     676
     754
     732
     733
     716
     723
     712
     712
     720
     752
     736
     723
     811
     820
     838
    1030
    1679
    5259
   14300
   20981
   15304
    5927
    2215
    1996
    1728
    1096
     771
     825
     864
     669
     513
     461
     470
     460
     464
     503
     454
     517
     530
     582
     593
     572
     493
     499
     503
     583
     727
     965
    1667
    3066
    3782
    2703
    1374
    1135
    1364
    1186
     764
     576
     543
     554
     571
     544
     590
     612
     660
     735
     801
     968
    1306
    2760
   10095
   33074
   58981
   53484
   23784
    5267
     822
     365
     288
     293
     392
     450
     349
     293
     272
     332
     294
     278
     264
     264
     350
     387
     493
     626
     535
     478
     534
     815
    2264
    6329
   10567
   10202
    8584
    8325
    6378
    2877
    1629
    1802
    1731
     923
     307
     116
      50
      68
      65
      62
      54
      75
      70
      75
     109
     112
     107
      93
     101
     115
     123
     158
     222
     452
     862
    1220
    1016
     625
     547
     569
     431
     310
     302
     239
     175
     130
     155
     162
     165
     150
     147
     126
     139
     192
     249
     700
    1986
    3439
    3321
    1568
     397
      65
      24
      21
      23
      40
      33
      39
      32
      34
      39
      31
      27
      16
      26
      31
      31
      24
      32
      25
      20
      26
      21
      27
      32
      53
      83
     175
     242
     237
     121
      60
      58
      65
      31
      14
       7
       6
       7
       9
       4
       9
       3
       5
       6
       2
       4
       4
       5
       2
       9
       8
       6
       7
       6
       6
       3
       8
       5
       3
       8
       5
       3
       2
       6
       3
       1
       3
      11
       8
      16
      18
      14
      13
       6
       9
       4
       3
       2
       9
       7
       4
       4
       6
       4
       7
       3
       5
       2
       4
       3
       6
       4
       6
       5
       5
       4
       5
       2
       5
       6
       6
       2
       7
       4
       4
       5
       0
       3
       8
       4
       5
       4
       7
       2
       3
       7
       2
       3
       8
       3
       5
       4
       4
       5
       1
       7
       8
       7
       3
       0
       2
       3
       3
       4
       5
       3
       5
       3
       6
       5
       4
       6
       7
       6
       5
       6
       3
       5
       6
       7
       3
       3
       9
       3
       1
       4
       3
       3
       4
       4
       3
       3
       4
       7
       2
       1
       2
       9
       9
      18
      17
       3
       5
       3
       9
       3
       5
       3
       4
       2
       2
       3
       1
       3
       5
       4
       3
       3
       5
       2
       5
       2
       1
       4
       3
       7
       4
      10
       1
       7
       3
       6
       3
       7
       4
       2
       5
       3
       6
       5
       3
       3
       3
       2
       1
       4
       4
       5
       2
       6
       1
       6
       4
       3
       2
       1
       2
       4
       6
       5
       8
       6
       5
       2
       2
       5
       0
       2
       2
       3
       6
       2
       3
       2
       4
       3
       5
       5
       5
       1
       1
       3
       5
       2
       5
       3
       3
       4
       0
       1
       3
       3
       5
       4
       2
       6
       2
       3
       2
       2
       5
       7
       6
       2
       5
       6
       3
       2
       6
       2
       6
       2
       1
       2
       1
       2
       4
       3
       7
       3
       1
       5
       4
       4
       5
       3
       2
       1
       4
       4
       2
       3
       4
       3
       2
       2
       8
       1
       2
       2
       3
       7
       0
       4
       2
       2
       0
       2
       3
       3
       3
       2
       3
       2
       1
       2
       2
       5
       8
       4
       3
       5
       0
       1
       2
       3
       3
       4
       3
       0
       3
       1
       5
       2
       1
       3
       3
       2
       3
       2
       1
       2
       3
       4
       4
       3
       2
       2
       2
       1
       2
       3
       4
       4
       2
       0
       3
       0
       2
       6
       4
       0
       0
       2
       1
       3
       0
       3
       0
       0
       2
       5
       2
       0
       0
       5
       2
       1
       1
       5
       3
       0
       6
       1
       1
       3
       1
       5
       1
       2
       3
       1
       3
       5
       2
       3
       1
       3
       1
       1
       3
       1
       1
       2
       2
       1
       2
       1
       1
       2
       2
       1
       2
       5
       1
       3
       2
       2
       2
       3
       4
       3
       1
       1
       0
       3
       1
       2
       1
       4
       4
       2
       6
       2
       1
       3
       3
       2
       4
       3
       0
       2
       1
       3
       2
       0
       4
       4
       2
       1
       2
       1
       4
       1
       3
       1
       1
       4
       1
       2
       4
       1
       2
       0
       1
       1
       5
       3
       1
       0
       4
       4
       2
       1
       2
       3
       1
       4
       1
       2
       3
       4
       1
       0
       6
       3
       3
       6
       4
       2
       1
       3
       1
       2
       0
       3
       3
       2
       2
       0
       2
       1
       2
       2
       3
       3
       0
       3
       1
       2
       4
       1
       2
       4
       2
       0
       1
       1
       1
       2
       2
       3
       1
       2
       1
       2
       1
       1
       2
       2
       1
       2
       2
       0
       4
       2
       0
       4
       3
       2
       1
       5
       3
       1
       2
       2
       2
       3
       1
       2
       1
       0
       1
       0
       1
       1
       2
       2
       0
       0
       1
       3
       1
       1
       1
       2
       0
       1
       2
       1
       1
       0
       0
       1
       1
       1
       5
       1
       0
       2
       1
       0
       1
       2
       1
       1
       1
       3
       2
       1
       2
       1
       1
       0
       1
       1
       3
       0
       0
       0
       1
       1
       2
       2
       4
       2
       2
       1
       1
       0
       3
       1
       3
       2
       0
       2
       1
       3
       4
       0
       1
       1
       1
       2
       1
       2
       1
       3
       1
       2
       2
       0
       1
       1
       1
       3
       2
       0
       1
       1
       1
       2
       3
       3
       1
       1
       1
       2
       1
       0
       1
       2
       2
       2
       0
       0
       2
       0
       0
       0
       0
       1
       1
       2
       0
       1
       1
       3
       1
       4
       1
       4
       5
       2
       1
       3
       0
       0
       1
       5
       2
       0
       0
       1
       2
       3
       2
       0
       1
       3
       4
       2
       0
       1
       1
       2
       2
       2
       0
       3
       0
       2
       2
       0
       2
       0
       2
       2
       1
       1
       1
       0
       3
       1
       3
       1
       0
       1
       0
       1
       1
       1
       1
       1
       2
       1
       0
       4
       0
       1
       0
       0
       4
       1
       3
       0
       1
       0
       4
       3
       1
       2
       1
       1
       1
       1
       2
       2
       2
       0
       3
       2
       0
       3
       1
       0
       1
       1
       1
       1
       1
       0
       3
       3
       0
       2
       3
       0
       1
       1
       1
       1
       0
       0
       1
       1
       0
       1
       0
       1
       1
       2
       0
       2
       1
       0
       2
       1
       3
       2
       2
       2
       2
       0
       2
       1
       2
       0
       2
       0
       2
       3
       1
       0
       3
       0
       3
       0
       2
       2
       0
       4
       3
       1
       1
       1
       1
       1
       0
       2
       1
       1
       0
       1
       2
       1
       1
       0
       1
       1
       0
       2
       2
       2
       3
       0
       0
       0
       1
       1
       1
       3
       1
       1
       0
       1
       2
       0
       0
       0
       2
       1
       1
       0
       1
       2
       1
       1
       1
       2
       0
       2
       0
       0
       0
       0
       0
       1
       0
       1
       0
       3
       0
       1
       0
       1
       1
       0
       0
       0
       1
       3
       1
       0
       1
       1
       1
       0
       0
       0
       2
       1
       1
       0
       1
       1
       2
       2
       0
       1
       0
       1
       2
       1
       0
       2
       1
       0
       0
       0
       0
       3
       0
       2
       1
       0
       2
       0
       1
       0
       0
       1
       1
       2
       2
       3
       2
       1
       2
       1
       0
       0
       1
       1
       1
       1
       0
       2
       0
       2
       2
       3
       2
       2
       2
       0
       1
       0
       2
       1
       0
       1
       1
       0
       1
       3
       1
       1
       1
       1
       1
       0
       2
       1
       1
       0
       3
       0
       0
       3
       1
       1
       1
       0
       1
       0
       1
       0
       2
       0
       0
       2
       0
       2
       0
       0
       2
       3
       2
       0
       0
       2
       0
       0
       0
       2
       0
       0
       0
       0
       1
       2
       0
       0
       2
       0
       1
       1
       0
       0
       2
       2
       4
      10
       2
       2
       1
       0
       1
       0
       1
       1
       2
       0
       1
       0
       1
       0
       1
       0
       1
       1
       1
       0
       0
       2
       0
       2
       1
       0
       0
       0
       2
       1
       0
       2
       2
       0
       0
       1
       0
       0
       1
       0
       0
       0
       0
       0
       0
       1
       2
       0
       0
       0
       1
       0
       1
       0
       2
       0
       0
       0
       0
       0
       1
       1
       1
       2
       0
       1
       0
       0
       1
       1
       1
       1
       2
       0
       1
       3
       0
       0
       0
       1
       1
       0
       2
       0
       1
       0
       1
       1
       0
       0
       0
       0
       0
       1
       0
       0
       0
       3
       1
       1
       0
       0
       0
       0
       1
       0
       0
       1
       0
       1
       1
       0
       1
       1
       0
       1
       1
       2
       0
       0
       0
       2
       0
       0
       0
       0
       0
       1
       2
       1
       1
       0
       1
       2
       0
       1
       2
       1
       1
       2
       2
       1
       1
       2
       0
       0
       0
       1
       0
       1
       0
       0
       0
       0
       1
       0
       0
       0
       0
       1
       0
       0
       1
       0
       0
       3
       0
       0
       0
       0
       1
       0
       1
       0
       0
       1
       1
       2
       2
       1
       0
       1
       0
       1
       0
       0
       1
       0
       0
       0
       0
       2
       0
       0
       1
       2
       0
       1
       1
       2
       1
       0
       1
       0
       0
       2
       1
       0
       0
       0
       0
       0
       1
       2
       1
       1
       0
       1
       0
       1
       0
       0
       0
       0
       0
       1
       1
       0
       0
       0
       0
       0
       0
       1
       2
       1
       1
       0
       1
       1
       0
       0
       1
       0
       0
       2
       0
       1
       0
       0
       2
       0
       0
       0
       1
       0
       0
       0
       1
       1
       1
       0
       2
       1
       1
       1
       0
       1
       1
       1
       2
       2
       1
       2
       0
       2
       0
       0
       1
       0
       0
       1
       0
       1
       0
       0
       0
       0
       0
       1
       1
       0
       0
       0
       1
       1
       0
       1
       2
       0
       2
       0
       0
       4
       2
       1
       0
       0
       1
       0
       1
       1
       0
       0
       1
       0
       1
       1
       0
       0
       1
       0
       0
       0
       0
       0
       0
       0
       1
       2
       0
       0
       1
       0
       0
       0
       0
       0
       0
       1
       1
       1
       0
       0
       0
       0
       0
       0
       0
       1
       0
       0
       0
       1
       1
       0
       0
       0
       0
       0
       0
       0
       0
       0
       0
       1
       0
       0
       0
       0
       1
       1
       0
       0
       0
       1
       1
       0
       0
       1
       0
       3
       0
       0
       0
       1
       0
       2
       2
       0
       0
       0
       0
       2
       1
       1
       0
       1
       1
       1
       0
       0
       0
       0
       1
       0
       1
       0
       1
       0
       1
       1
       0
       0
       1
       0
       0
       1
       0
       2
       0
       2
       0
       1
       0
       1
       0
       0
       0
       0
       0
       0
       0
       1
       1
       0
       0
       0
       1
       0
       0
       0
       0
       0
       0
       0
       1
       0
       0
       0
       1
       1
       1
       0
       1
       0
       1
       1
       2
       0
       0
       0
       1
       0
       0
       0
       0
       0
       1
       0
       0
       0
       0
       1
       0
       1
       0
       0
       0
       0
       0
       1
       1
       0
       0
       0
       0
       2
       0
       0
       0
       0
       0
       0
       0
       1
       0
       0
       0
       0
       0
       0
       0
       0
       2
       1
       1
       0
       1
       0
       0
       0
       0
       1
       1
       0
       1
       0
       0
       1
       0
       0
       0
       0
       0
       0
       1
       0
       2
       0
       0
       0
       0
       0
       0
       0
       0
       0
       0
       0
       1
       0
       0
       0
       0
       0
       0
       0
       0
       0
       0
       0
       0
       0
       0
       0
       0
       0
       0
       1
       0
       0
       0
       0
       0
       0
       0
       0
       0
       2
       0
       0
       0
       1
       1
       0
       0
       0
       0
       0
       0
       0
       0
       0
       0
       0
       1
       0
       0
       1
       0
       0
       1
       0
       0
       0
       0
       0
       2
       0
       0
       0
       1
       0
       0
       0
       0
       0
       0
       0
       0
       0
       0
       0
       0
       1
       1
       0
       0
       1
       0
       0
       0
       1
       0
       0
       0
       0
       1
       1
       0
       0
       0
       0
       1
       0
       0
       1
       0
       1
       0
       0
       1
       1
       2
       0
       1
       0
       0
       1
       0
       0
       0
       0
       0
       0
       0
       0
       0
       0
       0
       0
       0
       0
       0
       0
       0
       0
       0
       0
       0
       1
       1
       0
       0
       0
       0
       1
       0
       1
       1
       1
       0
       0
       0
       0
       0
       0
       0
       0
       1
       1
       0
       0
       0
       1
       0
       0
       0
       1
       0
       0
       1
       0
       2
       0
       0
       0
       0
       0
       0
       0
       0
       0
       0
       0
       0
       1
       0
       0
       1
       0
       0
       0
       0
       0
       1
       2
       0
       0
       1
       0
       0
       0
       0
       1
       3
       0
       0
       0
       1
       1
       1
       1
       1
       0
       0
       0
       0
       0
       1
       0
       0
       1
       1
       0
       0
       0
       0
       0
       0
       0
       0
       1
       0
       0
       1
       0
       0
       0
       0
       0
       0
       0
       1
       0
       1
       0
       1
       0
       0
       0
       0
       2
       0
       0
       0
       0
       1
       2
       0
       0
       0
       0
       0
       0
       0
       0
       0
       0
       0
       0
       0
       0
       0
       0
       1
       0
       1
       0
       1
       0
       0
       0
       0
       0
       0
       0
       0
       0
       0
       0
       0
       0
       0
       0
       1
       2
       0
       0
       0
       0
       1
       0
       0
       0
       1
       0
       0
       0
       0
       0
       0
       0
       1
       0
       2
       0
       0
       0
       0
       0
       0
       0
       0
       0
       0
       0
       0
       0
       0
       0
       0
       0
       1
       0
       0
       0
       0
       0
       0
       0
       0
       1
       2
       0
       0
       1
       0
       1
       0
       0
       0
       1
       0
       0
       0
       0
       0
       0
       0
       0
       0
       0
       0
       0
       0
       0
       1
       0
       0
       0
       0
       1
       2
       0
       0
       1
       1
       1
       0
       0
       0
       0
       0
       1
       0
       0
       0
       0
       0
       0
       0
       0
       0
       0
       0
       0
       1
       0
       0
       0
       0
       0
       0
       0
       1
       0
       0
       0
       0
       0
       0
       0
       0
       1
       0
       1
       0
       0
       0
       2
       1
       0
       0
       0
       0
       0
       0
       1
       1
       1
       0
       0
       0
       1
       0
       0
       0
       0
       1
       0
       0
       0
       0
       1
       0
       0
       0
       1
       0
       0
       1
       0
       0
       1
       0
       1
       0
       0
       1
       0
       0
       0
       0
       0
       1
       0
       1
       0
       1
       0
       0
       0
       0
       0
       0
       0
       0
       1
       1
       0
       1
       0
       0
       0
       0
       2
       0
       0
       0
       0
       0
       0
       0
       0
       0
       1
       0
       1
       1
       0
       0
       0
       0
       0
       1
       0
       0
       0
       0
       0
       0
       0
       0
       0
       0
       0
       0
       0
       0
       0
       0
       0
       0
       1
       1
       0
       0
       0
       0
       0
       0
       0
       0
       0
       0
       0
       0
       0
       0
       0
       0
       0
       0
       0
       1
       0
       0
       0
       0
       0
       0
       0
       0
       0
       0
       0
       1
       0
       0
       2
       1
       0
       0
       0
       0
       0
       0
       0
       1
       0
       0
       0
       0
       0
       0
       0
       1
       0
       0
       0
       0
       0
       0
       0
       1
       0
       0
       0
       1
       1
       0
       0
       1
       0
       0
       1
       0
       0
       1
       0
       0
       0
       0
       0
       0
       0
       0
       0
       0
       0
       0
       0
       0
       0
       0
       1
       0
       0
       0
       0
       0
       1
       1
       2
       0
       0
       1
       0
       1
       0
       1
       0
       0
       0
       1
       1
       0
       0
       0
       0
       0
       0
       0
       0
       0
       0
       0
       0
       1
       1
       0
       0
       0
       0
       0
       0
       0
       0
       0
       0
       0
       1
       0
       2
       1
       0
       0
       0
       0
       0
       0
       0
       0
       0
       0
       0
       0
       0
       0
       0
       0
       0
       0
       0
       0
       1
       0
       0
       0
       0
       0
       0
       1
       0
       0
       0
       0
       0
       0
       0
       0
       0
       0
       0
       0
       0
       1
       0
       0
       0
       0
       0
       0
       1
       0
       0
       0
       0
       1
       0
       0
       0
       0
       0
       0
       0
       0
       0
       0
       2
       0
       0
       0
       0
       0
       0
       1
       0
       1
       1
       0
       0
       0
       0
       0
       0
       0
       0
       0
       0
       0
       0
       0
       1
       0
       0
       0
       1
       0
       0
       0
       0
       0
       0
       0
       0
       0
       0
       0
       0
       0
       0
       0
       0
       1
       0
       0
       0
       0
       0
       0
       1
       0
       0
       0
       0
       0
       0
       0
       0
       0
       0
       0
       0
       0
       0
       0
       0
       1
       1
       0
       0
       0
       0
       0
       0
       0
       0
       0
       0
       0
       0
       0
       0
       0
       0
       1
       0
       0
       0
       0
       0
       0
       0
       0
       0
       0
       0
       0
       0
       0
       0
       0
       0
       1
       0
       0
       0
       0
       0
       0
       0
       0
       0
       0
       0
       1
       0
       0
       0
       1
       0
       0
       0
       0
       0
       0
       0
       0
       0
       0
       1
       1
       0
       0
       0
       0
       0
       0
       0
       0
       0
       0
       0
       0
       0
       0
       0
       0
       0
       0
       0
       3
       0
       0
       0
       0
       1
       0
       1
       0
       0
       0
       0
       0
       1
       0
       0
       0
       0
       0
       0
       0
       0
       0
       0
       0
       0
       0
       0
       0
       0
       0
       0
       0
       1
       1
       0
       0
       0
       0
       0
       0
       0
       1
       0
       0
       0
       0
       0
       0
       0
       0
       0
       0
       0
       0
       0
       0
       0
       0
       0
       0
       1
       0
       0
       0
       0
       0
       0
       0
       0
       0
       0
       0
       0
       0
       1
       0
       0
       0
       0
       0
       0
       0
       0
       0
       0
       0
       0
       0
       0
       0
       0
       1
       0
       0
       0
       0
       0
       0
       1
       0
       0
       0
       0
       0
       0
       0
       0
       0
       0
       1
       1
       1
       0
       0
       0
       0
       0
       0
       0
       0
       0
       0
       0
       0
       0
       0
       0
       0
       0
       0
       0
       0
       0
       0
       1
       0
       0
       0
       0
       0
       0
       0
       0
       0
       0
       0
       0
       0
       0
       0
       0
       0
       0
       0
       0
       0
       0
       1
       0
       0
       1
       0
       0
       0
       0
       0
       0
       0
       0
       0
       0
       0
       0
       0
       0
       1
       0
       0
       0
       0
       0
       0
       0
       0
       0
       0
       0
       0
       0
       0
       0
       0
       0
       0
       0
       2
       1
       0
       0
       0
       0
       0
       0
       1
       0
       0
       0
       0
       1
       0
       0
       0
       0
       0
       0
       0
       0
       0
       1
       0
       0
       0
       0
       0
       0
       0
       0
       0
       0
       0
       0
       0
       0
       0
       0
       0
       0
       0
       0
       0
       0
       0
       0
       0
       0
       0
       1
       0
       0
       0
       0
       0
       0
       0
       0
       0
       0
       0
       0
       0
       0
       0
       0
       0
       0
       0
       0
       0
       0
       0
       0
       0
       0
       0
       0
       0
       0
       0
       0
       0
       1
       0
       0
       0
       0
       1
       0
       0
       0
       0
       0
       0
       0
       0
       0
       1
       1
       0
       0
       0
       0
       0
       0
       0
       0
       0
       0
       0
       0
       0
       0
       0
       0
       0
       0
       0
       0
       0
       0
       0
       0
       0
       0
       1
       0
       0
       0
       0
       0
       0
       0
       0
       1
       0
       0
       0
       0
       0
       0
       0
       0
       0
       1
       0
       1
       0
       0
       0
       0
       0
       0
       0
       0
       0
       0
       0
       0
       0
       0
       0
       0
       0
       0
       0
       0
       0
       0
       0
       0
       0
       0
       0
       0
       0
       0
       0
       0
       0
       0
       0
       0
       0
       1
       0
       0
       0
       0
       1
       0
       1
       0
       0
       1
       0
       0
       0
       0
       0
       0
       0
       0
       0
       1
       0
       0
       0
       0
       1
       0
       0
       0
       0
       0
       0
       0
       1
       0
       0
       0
       0
       0
       0
       0
       0
       0
       0
       0
       0
       0
       0
       0
       0
       0
       0
       0
       0
       0
       0
       0
       0
       0
       0
       0
       0
       0
       0
       0
       0
       0
       0
       0
       0
       0
       0
       0
       0
       1
       0
       0
       0
       1
       0
       0
       0
       0
       0
       0
       1
       0
       0
       1
       0
       0
       0
       1
       0
       0
       0
       0
       0
       0
       0
       0
       0
       0
       0
       0
       0
       0
       0
       0
       0
       0
       0
       0
       0
       0
       0
       0
       1
       0
       0
       0
       1
       0
       0
       0
       0
       0
       0
       0
       0
       0
       0
       0
       0
       0
       0
       0
       0
       0
       0
       1
       0
       0
       0
       0
       0
       0
       0
       0
       0
       0
       0
       0
       0
       0
       0
       1
       0
       0
       0
       0
       0
       0
       0
       0
       0
       0
       0
       0
       0
       0
       0
       0
       0
       0
       0
       0
       0
       0
       0
       0
       0
       0
       0
       0
       0
       0
       0
       0
       0
       0
       0
       0
       0
       0
       0
       0
       0
       0
       0
       1
       0
       1
       0
       0
       0
       0
       0
       1
       1
       0
       0
       0
       0
       0
       1
       1
       0
       0
       0
       0
       0
       0
       0
       0
       1
       0
       0
       0
       1
       0
       0
       0
       0
       0
       0
       0
       0
       0
       0
       0
       0
       0
       0
       0
       0
       0
       0
       0
       0
       0
       0
       0
       0
       0
       0
       0
       0
       0
       1
       0
       0
       0
       0
       0
       0
       0
       0
       0
       0
       1
       0
       0
       0
       1
       0
       0
       0
       0
       0
       0
       0
       0
       0
       0
       0
       0
       0
       0
       0
       0
       0
       0
       0
       0
       0
       0
       1
       0
       0
       1
       0
       1
       0
       0
       0
       1
       0
       0
       0
       1
       0
       0
       0
       0
       0
       0
       0
       0
       0
       0
       0
       0
       0
       0
       0
       1
       0
       0
       0
       0
       0
       0
       0
       0
       0
       0
       0
       0
       0
       0
       0
       0
       0
       0
       0
       0
       0
       0
       0
       0
       0
       0
       0
       0
       0
       0
       0
       0
       0
       0
       0
       0
       0
       0
       0
       0
       0
       0
       0
       0
       0
       0
       0
       0
       0
       0
       0
       0
       0
       0
       0
       0
       0
       0
       0
       0
       0
       1
       0
       0
       0
       0
       0
       0
       0
       0
       1
       0
       0
       0
       0
       0
       0
       0
       0
       0
       0
       0
       0
       0
       0
       0
       0
       0
       0
       0
       0
       0
       0
       0
       0
       0
       0
       0
       0
       0
       0
       0
       0
       0
       0
       1
       0
       0
       0
       0
       0
       0
       1
       0
       0
       0
       1
       1
       0
       0
       0
       0
       0
       0
       0
       0
       0
       0
       0
       0
       0
       0
       0
       0
       1
       0
       0
       0
       0
       0
       0
       0
       0
       0
       0
       0
       0
       0
       0
       0
       0
       0
       0
       0
       0
       0
       0
       0
       0
       1
       0
       0
       0
       0
       1
       0
       0
       0
       1
       0
       0
       0
       0
       0
       0
       0
       0
       0
       0
       0
       0
       1
       0
       0
       0
       0
       1
       0
       0
       0
       1
       0
       0
       0
       0
       0
       0
       0
       0
       0
       0
       0
       0
       0
       0
       0
       0
       0
       0
       0
       0
       0
       0
       0
       0
       0
       0
       0
       0
       0
       0
       0
       0
       0
       0
       0
       0
       0
       0
       0
       0
       0
       0
       0
       0
       0
       1
       0
       1
       0
       0
       0
       0
       0
       0
       0
       0
       0
       0
       0
       1
       0
       0
       0
       0
       0
       0
       0
       0
       0
       0
       0
       0
       0
       0
       0
       0
       0
       0
       0
       0
       0
       0
       0
       0
       0
       0
       0
       0
       0
       0
       0
       0
       0
       0
       0
       0
       0
       0
       0
       0
       0
       0
       0
       0
       0
       0
       0
       0
       1
       0
       0
       0
       0
       0
       0
       1
       0
       0
       0
       0
       1
       0
       0
       0
       0
       1
       0
       0
       0
       0
       0
       1
       0
       0
       0
       0
       0
       0
       0
       0
       0
       0
       0
       0
       0
       0
       0
       0
       0
       0
       0
       0
       0
       0
       0
       0
       1
       0
       0
       0
       0
       0
       0
       0
       0
       0
       0
       0
       0
       0
       0
       0
       0
       0
       0
       0
       0
       0
       0
       0
       0
       0
       0
       0
       0
       0
       0
       0
       0
       0
       0
       0
       0
       0
       0
       0
       0
       0
       0
       0
       0
       0
       0
       0
       0
       0
       0
       0
       0
       0
       0
       0
       0
       0
       0
       0
       0
       0
       0
       0
       0
       0
       0
       0
       0
       0
       0
       0
       0
       0
       0
       0
       0
       0
       0
       0
       0
       0
       0
       0
       0
       0
       0
       0
       0
       0
       0
       0
       0
       0
       0
       0
       0
       0
       0
       0
       0
       0
       0
       0
       0
       0
       0
       0
       0
       0
       0
       0
       0
       0
       0
       0
       0
       0
       0
       0
       0
       0
       0
       0
       0
       0
       0
       0
       0
       0
       0
       0
       0
       0
       0
       0
       0
       0
       0
       0
       0
       0
       0
       0
       0
       0
       0
       0
       0
       0
       0
       0
       0
       0
       0
       0
       0
       0
       0
$ROI:
0
$PRESETS:
None
0
0
$ENER_FIT:
0.000000 0.000000
$MCA_CAL:
3
0.000000E+000 0.000000E+000 0.000000E+000 
$SHAPE_CAL:
3
0.000000E+000 0.000000E+000 0.000000E+000
