$SPEC_ID:
No sample description was entered.
$SPEC_REM:
DET# 1
DETDESC# SCE-SOPA-00035 MCB 133
AP# Maestro Version 7.01
$DATE_MEA:
11/01/2019 11:17:31
$MEAS_TIM:
3856 3856
$DATA:
0 4095
       0
       0
       0
       0
       0
       0
       0
       0
       0
       0
       0
       0
       0
       0
       0
       0
       0
       0
       0
       0
       0
       0
       0
       0
       0
       0
       4
      12
       1
       3
      12
      31
      31
      32
      31
      30
      29
      33
      49
      55
      63
     109
     127
     157
     167
     230
     270
     404
     580
     953
    1072
    1207
    1119
    1021
    1000
     932
     831
     880
    1783
    4322
    5695
    3246
     854
     130
      39
      35
      32
      25
      27
      30
      16
      23
      28
      34
      27
      27
      24
      27
      19
      22
      20
      15
      24
      16
      28
      18
      15
      16
      16
      27
      23
      18
      37
      42
      35
      23
      22
      31
      22
      21
      39
      27
      26
      35
      28
      30
      14
      19
      20
      20
      23
      15
      23
      14
      22
      26
      17
      22
      19
      23
      21
      24
      18
      20
      20
      23
      23
      24
      20
      20
      24
      20
      16
      23
      22
      12
      15
      25
      17
      23
      18
      24
      22
      18
      30
      19
      14
      19
      16
      19
      23
      12
      23
      19
      20
      12
      22
      24
      12
      18
      15
      16
      19
      21
      16
      28
      17
      23
      18
      15
      17
      23
      20
      12
      13
      15
      14
      10
      19
      19
      15
      16
      12
      20
      18
      26
      21
      20
      27
      22
      25
      11
      12
      11
      12
       9
      24
      15
      10
      25
      11
      12
      14
      11
      20
      13
      19
      21
      21
      14
      11
       8
      13
      11
       9
      13
      12
      12
      12
      17
      18
      11
      14
      12
      14
      13
      11
      21
      21
      15
      19
      11
      14
       9
      10
      10
      13
      15
      13
      21
      20
      20
      13
      17
      17
      11
      11
      12
      10
       8
      13
      11
       8
       7
      11
      14
       8
       9
      10
      15
       9
       6
      10
      17
      14
      12
       8
      10
       6
      10
       5
      18
      11
      13
       8
      13
       6
      15
       7
      12
       6
      17
      13
      11
       3
      10
       9
      10
      16
      13
      12
      14
      14
       8
      16
       7
      11
      11
       5
       8
      10
       9
       9
       9
       9
      11
      11
      16
       8
       9
      10
       9
       8
      11
      10
      14
       8
      10
       5
       6
       3
       5
       4
       5
       7
       6
       8
      11
       6
      11
       4
      12
       8
       9
      11
       8
       4
       6
      12
       8
       9
       7
       7
       7
       8
       7
      11
      10
       6
       6
       8
       8
       8
      11
      12
       7
      10
       8
       0
       5
       2
       8
       5
       4
       3
       5
       4
       3
       3
       7
       5
      10
       9
       7
      10
       3
       6
       5
       4
      12
       7
       8
       7
       9
       5
       6
       7
       7
       3
       5
      10
       9
      10
       8
       4
       4
       5
       6
       8
       2
       2
       7
       3
       3
       6
       8
       5
       4
       6
       3
       3
       7
       4
       3
       6
       7
       3
       6
       6
       4
       4
       6
       3
       6
       6
       4
       5
       8
       3
       3
       8
       3
       3
       3
       6
       3
       6
       5
       8
       4
       4
      10
       7
       4
       7
       6
       4
       2
       5
       3
       4
       4
       8
       6
       6
       4
       1
       7
      10
       7
       9
       3
       5
       5
       4
       5
       6
       7
       1
       2
       5
       7
       5
       3
       4
       6
       6
       5
       4
       1
       6
       5
       2
       4
       8
       6
       5
       9
       8
       4
       4
       5
       8
       1
       4
       7
       3
       8
       2
       6
       8
       1
       2
       4
       5
       6
       7
       4
       5
       3
       4
       6
      16
      12
       8
       4
       2
       7
       2
       5
       2
       2
       3
       2
       2
       1
       6
       1
       3
       4
       5
       7
       1
       4
       3
       6
       1
       4
       2
       4
       5
       2
       5
       3
       4
       1
       4
       5
       4
       2
       3
       5
       2
       3
       5
       6
       1
       9
       1
       5
      12
       4
       5
       7
       0
       4
       5
       3
       0
       1
       7
       4
       4
       9
       3
       4
       4
       8
       7
       3
       5
       1
       3
       1
       4
       6
       4
       5
       2
       7
       3
       4
       3
       3
       0
       4
       7
       5
       3
       1
       7
       6
       4
       3
       3
       5
       5
       4
       3
       6
       4
       6
       6
       6
       2
       4
       5
       3
       5
       3
       3
       2
       5
       2
       5
       3
       7
       7
       0
       2
       2
       7
       5
       3
       1
       1
       4
       6
       3
       5
       9
       3
       1
       3
       6
       2
       7
       2
       4
       4
       4
       2
       3
       3
       1
       2
       4
       3
       2
       7
       2
       5
       1
       4
       8
       2
       6
       5
       4
       2
       1
       4
       2
       2
       3
       6
       2
       3
       2
       7
       2
       3
       4
       2
       2
       4
       5
       3
       2
       4
       3
       2
       0
       3
       6
       3
       6
       2
       4
       2
       2
       3
       0
       7
       7
       6
       3
       3
       4
       6
       5
       7
       5
       3
       3
       4
       3
       1
       6
       1
       4
       3
       4
       4
       4
       0
       1
       1
       7
       3
       4
       0
       2
       1
       4
       5
       3
       3
       0
       2
       5
       4
       3
       2
       2
       3
       1
       1
       3
       1
       1
       4
       0
       2
       2
       1
       4
       0
       3
       0
       4
       1
       3
       2
       4
       2
       3
       0
       3
       2
       3
       1
       2
       1
      10
       4
       1
       6
       4
       3
       4
       1
       1
       2
       7
       4
       4
       4
       2
       3
       2
       3
       1
       3
       3
       2
       0
       2
       2
       1
       3
       2
       5
       2
       3
       4
       5
       0
       1
       1
       2
       1
       2
       1
       2
       2
       6
       3
       1
       1
       2
       3
       2
       0
       3
       1
       1
       2
       4
       2
       2
       1
       2
       2
       2
       2
       2
       1
       0
       2
       4
       4
       1
       1
       4
       2
       0
       0
       0
       4
       2
       2
       1
       3
       2
       2
       2
       1
       0
       3
       0
       2
       2
       0
       2
       0
       4
       6
       2
       4
       3
       0
       1
       4
       0
       2
       3
       4
       3
       2
       1
       2
       1
       1
       1
       4
       0
       2
       2
       3
       2
       3
       2
       1
       1
       9
       2
       1
       0
       1
       2
       1
       1
       2
       2
       1
       1
       5
       4
       3
       1
       0
       3
       2
       0
       0
       2
       3
       2
       0
       4
       3
       3
       4
       6
       2
       4
       3
       2
       3
       0
       2
       3
       2
       3
       0
       2
       1
       2
       4
       0
       3
       1
       6
       1
       2
       3
       1
       2
       1
       2
       0
       0
       1
       3
       4
       2
       4
       1
       2
       1
       2
       2
       3
       2
       3
       4
       2
       0
       4
       2
       4
       5
       2
       2
       2
       3
       6
       2
       3
       0
       2
       1
       2
       2
       2
       1
       3
       3
       1
       2
       1
       2
       6
       0
       0
       0
       1
       3
       2
       2
       2
       1
       4
       2
       4
       0
       4
       2
       4
       3
       0
       0
       1
       3
       1
       3
       2
       3
       1
       3
       2
       3
       3
       0
       0
       3
       4
       2
       2
       1
       1
       1
       1
       0
       1
       1
       4
       3
       0
       2
       5
       0
       3
       2
       5
       4
       3
       3
       1
       4
       2
       1
       1
       3
       1
       0
       1
       2
       0
       3
       2
       1
       2
       1
       1
       0
       2
       5
       2
       2
       2
       1
       3
       1
       1
       1
       1
       2
       3
       1
       2
       1
       2
       1
       1
       3
       2
       3
       1
       1
       2
       4
       2
       1
       0
       3
       1
       1
       2
       1
       1
       1
       1
       2
       0
       0
       3
       4
       2
       3
       0
       1
       1
       1
       2
       3
       1
       1
       3
       1
       0
       1
       1
       2
       0
       2
       1
       2
       1
       0
       0
       0
       3
       4
       4
       2
       1
       0
       1
       1
       1
       0
       1
       2
       0
       1
       2
       0
       1
       3
       2
       1
       2
       1
       0
       3
       2
       2
       1
       2
       2
       2
       1
       3
       2
       2
       4
       3
       1
       0
       2
       2
       2
       2
       1
       2
       0
       0
       1
       1
       0
       0
       2
       1
       0
       2
       0
       0
       1
       1
       1
       3
       2
       0
       0
       2
       3
       0
       0
       0
       2
       0
       0
       0
       2
       2
       1
       0
       2
       3
       2
       1
       0
       1
       1
       0
       1
       0
       2
       3
       1
       5
       0
       1
       1
       1
       1
       2
       2
       1
       1
       3
       3
       0
       2
       3
       1
       0
       2
       2
       2
       1
       1
       3
       0
       3
       0
       2
       1
       1
       2
       0
       2
       3
       2
       0
       1
       2
       1
       0
       2
       0
       1
       1
       2
       2
       3
       2
       1
       2
       0
       1
       1
       1
       2
       1
       0
       0
       2
       0
       4
       2
       0
       0
       3
       0
       0
       0
       0
       0
       1
       1
       2
       0
       1
       1
       1
       3
       2
       0
       1
       0
       0
       1
       0
       1
       3
       1
       0
       0
       2
       1
       5
       3
       1
       1
       2
       0
       0
       0
       1
       3
       1
       1
       1
       0
       1
       0
       1
       1
       0
       1
       0
       1
       0
       1
       0
       3
       2
       3
       0
       2
       1
       1
       0
       1
       0
       0
       1
       1
       1
       1
       1
       0
       0
       0
       1
       0
       1
       1
       2
       0
       0
       0
       1
       1
       0
       2
       1
       1
       0
       1
       2
       3
       1
       0
       1
       3
       1
       1
       0
       1
       0
       2
       1
       1
       0
       2
       0
       1
       1
       3
       1
       2
       0
       0
       1
       0
       1
       0
       1
       1
       2
       1
       0
       3
       1
       0
       1
       1
       1
       2
       1
       1
       0
       0
       0
       2
       3
       0
       0
       2
       0
       1
       1
       0
       1
       1
       1
       1
       1
       3
       2
       0
       0
       0
       0
       0
       1
       1
       1
       0
       0
       1
       1
       1
       2
       0
       0
       1
       1
       3
       0
       3
       3
       0
       2
       0
       1
       1
       2
       1
       2
       4
       7
       5
       0
       3
       0
       0
       1
       0
       0
       0
       1
       2
       1
       0
       0
       0
       1
       0
       3
       1
       2
       0
       0
       0
       1
       1
       1
       1
       1
       0
       1
       1
       0
       1
       1
       0
       1
       2
       0
       1
       0
       0
       0
       2
       0
       1
       3
       2
       1
       0
       0
       1
       1
       0
       2
       0
       1
       2
       1
       0
       0
       1
       1
       0
       0
       1
       0
       0
       1
       2
       2
       0
       1
       0
       1
       0
       1
       1
       1
       1
       0
       1
       2
       1
       0
       0
       2
       1
       1
       1
       0
       1
       3
       0
       0
       1
       0
       2
       0
       2
       2
       0
       0
       0
       0
       1
       3
       0
       0
       1
       0
       0
       1
       1
       2
       0
       1
       0
       0
       0
       2
       2
       3
       0
       1
       0
       1
       1
       0
       0
       0
       0
       0
       0
       0
       0
       0
       0
       1
       1
       2
       1
       1
       0
       0
       1
       2
       0
       1
       1
       1
       1
       0
       0
       0
       0
       0
       1
       1
       1
       1
       1
       2
       0
       1
       1
       2
       0
       0
       1
       1
       0
       2
       0
       1
       2
       1
       1
       0
       0
       2
       1
       2
       3
       0
       1
       0
       1
       0
       0
       0
       1
       2
       0
       0
       1
       1
       0
       1
       0
       2
       2
       0
       0
       1
       0
       1
       0
       0
       0
       2
       4
       0
       2
       0
       0
       1
       0
       2
       0
       1
       2
       0
       1
       0
       0
       0
       0
       0
       0
       0
       2
       1
       1
       0
       0
       0
       0
       1
       1
       0
       0
       0
       0
       0
       0
       0
       1
       0
       0
       0
       1
       0
       1
       1
       2
       0
       0
       1
       0
       2
       0
       0
       1
       0
       1
       0
       0
       0
       0
       1
       0
       1
       0
       0
       0
       4
       1
       0
       1
       0
       1
       1
       1
       0
       0
       0
       0
       0
       2
       1
       0
       1
       0
       2
       2
       1
       0
       0
       1
       1
       0
       0
       1
       2
       0
       1
       1
       0
       0
       0
       1
       2
       1
       0
       0
       0
       0
       1
       0
       0
       0
       0
       0
       1
       0
       0
       1
       1
       0
       1
       2
       0
       0
       0
       1
       0
       1
       1
       3
       0
       0
       0
       0
       1
       0
       0
       0
       0
       0
       1
       0
       0
       2
       0
       1
       0
       1
       0
       1
       0
       0
       0
       1
       1
       1
       0
       0
       0
       0
       1
       1
       2
       1
       0
       0
       0
       0
       1
       0
       0
       0
       0
       1
       1
       0
       1
       1
       0
       0
       2
       0
       2
       0
       1
       0
       1
       2
       1
       1
       1
       1
       0
       0
       0
       0
       2
       0
       0
       0
       0
       0
       0
       1
       0
       0
       1
       0
       1
       0
       0
       0
       0
       0
       0
       0
       0
       1
       2
       1
       1
       0
       1
       2
       0
       1
       0
       1
       0
       0
       1
       0
       0
       0
       0
       0
       1
       0
       0
       0
       0
       0
       1
       0
       0
       0
       0
       0
       0
       0
       0
       0
       0
       1
       0
       1
       0
       2
       0
       0
       0
       1
       0
       1
       2
       1
       1
       0
       0
       1
       0
       1
       2
       1
       0
       0
       0
       0
       1
       1
       2
       0
       0
       2
       0
       0
       0
       0
       0
       1
       0
       1
       0
       0
       0
       0
       0
       2
       1
       0
       0
       0
       0
       0
       0
       0
       0
       0
       0
       0
       1
       0
       0
       0
       1
       0
       0
       1
       0
       0
       0
       0
       0
       2
       0
       0
       0
       0
       0
       0
       0
       0
       1
       0
       0
       0
       1
       0
       0
       2
       0
       1
       1
       0
       0
       0
       0
       1
       0
       0
       1
       0
       1
       1
       1
       2
       0
       0
       0
       0
       2
       0
       0
       0
       0
       3
       0
       0
       0
       0
       0
       0
       0
       1
       0
       0
       1
       0
       0
       0
       1
       0
       1
       0
       1
       2
       0
       2
       0
       0
       1
       1
       1
       0
       0
       0
       0
       0
       0
       1
       1
       0
       3
       0
       1
       0
       1
       1
       0
       0
       0
       0
       0
       0
       0
       0
       0
       0
       0
       0
       1
       1
       1
       1
       0
       1
       0
       0
       0
       0
       1
       1
       0
       0
       0
       1
       0
       1
       0
       1
       1
       0
       0
       2
       0
       1
       1
       1
       0
       1
       1
       0
       0
       1
       0
       0
       1
       0
       0
       1
       0
       0
       1
       1
       1
       0
       0
       0
       0
       0
       0
       0
       1
       0
       0
       0
       0
       0
       0
       0
       0
       1
       0
       0
       0
       2
       1
       0
       0
       1
       0
       0
       1
       0
       0
       0
       0
       1
       0
       0
       0
       0
       1
       1
       0
       0
       0
       1
       0
       2
       0
       0
       0
       0
       0
       0
       0
       1
       1
       0
       0
       0
       0
       1
       1
       1
       0
       0
       0
       0
       0
       0
       0
       0
       0
       0
       0
       1
       0
       0
       1
       1
       1
       0
       0
       0
       0
       0
       1
       0
       0
       1
       1
       0
       1
       0
       0
       0
       0
       1
       0
       0
       0
       0
       0
       0
       0
       0
       0
       0
       0
       0
       0
       0
       0
       1
       0
       0
       0
       0
       1
       0
       0
       1
       0
       0
       0
       0
       0
       0
       0
       0
       0
       1
       1
       0
       0
       1
       4
       0
       0
       0
       1
       0
       0
       0
       1
       0
       0
       0
       0
       0
       0
       0
       0
       0
       1
       0
       0
       0
       1
       0
       0
       1
       0
       0
       0
       0
       0
       0
       0
       0
       0
       0
       3
       0
       0
       1
       1
       0
       1
       0
       0
       0
       0
       0
       0
       0
       0
       0
       0
       0
       0
       0
       1
       0
       0
       0
       0
       1
       0
       1
       0
       0
       0
       0
       0
       0
       0
       0
       0
       0
       1
       0
       0
       0
       0
       0
       1
       1
       0
       0
       0
       0
       0
       1
       0
       0
       0
       0
       0
       0
       1
       1
       1
       1
       0
       0
       0
       1
       2
       0
       0
       0
       0
       1
       1
       0
       1
       0
       0
       1
       0
       0
       0
       0
       0
       1
       0
       0
       0
       0
       0
       1
       0
       0
       0
       0
       0
       0
       0
       0
       1
       0
       0
       0
       0
       0
       0
       0
       0
       1
       2
       1
       0
       0
       0
       0
       1
       1
       1
       0
       0
       0
       0
       0
       0
       1
       0
       1
       0
       3
       0
       0
       0
       0
       0
       1
       1
       0
       0
       0
       2
       0
       0
       0
       0
       0
       0
       2
       0
       0
       2
       2
       0
       0
       0
       1
       0
       0
       0
       1
       0
       0
       0
       0
       1
       1
       1
       0
       1
       0
       0
       2
       0
       0
       0
       0
       1
       0
       0
       0
       1
       0
       1
       1
       0
       0
       0
       0
       0
       0
       0
       1
       0
       0
       1
       1
       0
       0
       0
       0
       1
       0
       0
       1
       0
       0
       0
       0
       0
       0
       1
       0
       1
       0
       0
       0
       0
       0
       0
       0
       0
       0
       1
       0
       0
       0
       0
       0
       0
       0
       0
       0
       0
       1
       0
       0
       0
       0
       0
       0
       0
       0
       0
       0
       1
       0
       0
       0
       0
       0
       0
       0
       0
       0
       0
       0
       1
       0
       1
       0
       0
       1
       1
       0
       0
       0
       0
       0
       0
       0
       1
       1
       0
       0
       0
       0
       1
       1
       1
       0
       0
       0
       0
       0
       0
       0
       0
       0
       0
       0
       0
       0
       0
       0
       0
       0
       0
       0
       0
       0
       1
       0
       0
       0
       0
       0
       0
       0
       0
       1
       0
       0
       1
       1
       0
       1
       2
       1
       2
       1
       0
       0
       1
       0
       0
       0
       0
       0
       2
       0
       0
       0
       0
       0
       0
       0
       0
       0
       1
       0
       0
       0
       0
       0
       0
       0
       1
       0
       1
       0
       1
       0
       0
       0
       0
       0
       0
       0
       0
       0
       0
       0
       0
       0
       0
       0
       0
       0
       0
       0
       0
       0
       0
       0
       0
       0
       0
       0
       0
       1
       0
       0
       0
       0
       0
       0
       0
       0
       0
       0
       0
       0
       0
       0
       0
       0
       0
       0
       0
       0
       0
       1
       0
       0
       0
       0
       0
       0
       0
       0
       0
       0
       0
       0
       0
       0
       0
       0
       1
       0
       0
       0
       1
       0
       0
       0
       0
       0
       0
       0
       0
       0
       0
       0
       1
       0
       0
       1
       0
       0
       0
       0
       0
       0
       0
       0
       1
       0
       0
       0
       0
       0
       0
       1
       0
       0
       0
       1
       0
       0
       0
       1
       0
       0
       0
       0
       0
       0
       0
       0
       0
       0
       0
       0
       1
       0
       0
       0
       0
       0
       0
       0
       0
       0
       0
       1
       0
       1
       2
       1
       0
       0
       0
       0
       0
       0
       0
       0
       0
       0
       0
       0
       0
       0
       0
       0
       1
       0
       0
       0
       0
       0
       0
       0
       0
       0
       0
       0
       0
       0
       0
       0
       0
       0
       0
       0
       0
       0
       0
       0
       0
       0
       0
       1
       1
       0
       1
       0
       1
       0
       0
       0
       0
       0
       0
       0
       0
       0
       0
       0
       1
       0
       0
       0
       0
       0
       1
       0
       0
       1
       0
       0
       0
       0
       1
       1
       0
       0
       0
       0
       0
       0
       1
       0
       0
       0
       0
       0
       1
       0
       0
       0
       0
       0
       0
       0
       0
       0
       0
       0
       0
       0
       0
       0
       0
       0
       0
       0
       1
       2
       0
       0
       0
       1
       0
       1
       1
       0
       0
       0
       0
       1
       0
       0
       0
       1
       0
       0
       0
       2
       0
       0
       0
       0
       0
       0
       0
       1
       0
       1
       0
       0
       0
       0
       0
       0
       0
       0
       0
       0
       0
       0
       0
       0
       0
       0
       0
       0
       0
       0
       0
       0
       0
       0
       0
       0
       0
       1
       0
       1
       1
       0
       0
       0
       0
       1
       0
       0
       0
       0
       0
       0
       0
       0
       0
       0
       0
       0
       0
       0
       0
       0
       0
       1
       0
       0
       1
       1
       0
       0
       0
       0
       1
       0
       0
       0
       1
       0
       0
       0
       0
       0
       0
       0
       0
       0
       0
       1
       0
       0
       0
       0
       1
       0
       0
       0
       0
       0
       0
       0
       0
       0
       0
       0
       0
       1
       0
       0
       0
       0
       0
       1
       0
       0
       0
       0
       0
       0
       0
       0
       0
       0
       0
       0
       0
       1
       0
       0
       0
       0
       0
       0
       0
       1
       2
       1
       0
       0
       0
       0
       0
       0
       0
       0
       0
       1
       0
       0
       1
       0
       0
       0
       0
       0
       0
       0
       1
       0
       1
       0
       0
       0
       0
       0
       0
       0
       0
       0
       0
       0
       1
       0
       0
       0
       0
       0
       1
       0
       2
       0
       0
       0
       0
       0
       0
       1
       0
       0
       0
       0
       0
       0
       0
       0
       0
       1
       0
       0
       0
       0
       0
       0
       0
       0
       0
       0
       0
       0
       0
       0
       0
       0
       0
       0
       0
       0
       0
       0
       0
       0
       1
       0
       0
       2
       0
       0
       0
       0
       0
       0
       0
       0
       0
       0
       0
       1
       0
       0
       0
       0
       0
       0
       0
       0
       0
       0
       0
       0
       1
       0
       0
       1
       0
       0
       0
       0
       0
       0
       0
       0
       1
       0
       0
       0
       0
       0
       0
       0
       0
       0
       1
       0
       0
       0
       1
       0
       0
       0
       0
       1
       0
       0
       1
       1
       0
       0
       0
       0
       0
       0
       0
       0
       0
       0
       0
       0
       0
       0
       0
       0
       1
       0
       0
       0
       0
       0
       0
       0
       0
       0
       0
       0
       0
       0
       0
       0
       0
       0
       0
       0
       0
       0
       1
       0
       1
       1
       0
       0
       0
       1
       0
       0
       0
       0
       0
       0
       1
       1
       0
       1
       0
       0
       0
       0
       0
       0
       0
       0
       0
       0
       1
       0
       0
       0
       0
       0
       0
       0
       1
       0
       0
       0
       0
       0
       0
       0
       0
       1
       0
       0
       0
       0
       0
       0
       0
       1
       0
       0
       0
       0
       0
       0
       0
       0
       0
       0
       0
       0
       0
       0
       0
       0
       0
       0
       0
       0
       0
       1
       0
       0
       0
       0
       0
       0
       0
       0
       0
       0
       0
       0
       0
       0
       0
       0
       0
       0
       0
       0
       0
       0
       0
       0
       0
       0
       0
       0
       0
       0
       0
       0
       0
       0
       0
       0
       0
       0
       2
       1
       0
       0
       0
       0
       0
       0
       0
       0
       0
       0
       0
       0
       0
       1
       0
       0
       0
       0
       0
       0
       0
       0
       0
       0
       0
       0
       0
       0
       0
       0
       0
       0
       0
       0
       0
       0
       0
       0
       0
       0
       0
       0
       0
       0
       0
       1
       0
       0
       0
       0
       0
       0
       0
       0
       0
       0
       0
       0
       0
       1
       0
       0
       0
       0
       0
       0
       0
       0
       0
       0
       0
       1
       1
       0
       0
       0
       0
       0
       0
       0
       0
       0
       0
       0
       0
       0
       0
       0
       1
       0
       0
       1
       0
       0
       0
       1
       0
       0
       0
       0
       1
       0
       0
       0
       0
       0
       0
       1
       0
       0
       0
       0
       0
       1
       0
       0
       0
       0
       0
       0
       0
       0
       0
       1
       0
       0
       0
       0
       1
       0
       0
       0
       0
       0
       0
       1
       0
       2
       0
       0
       0
       1
       0
       0
       0
       0
       0
       0
       0
       0
       0
       0
       0
       0
       0
       0
       0
       0
       0
       0
       0
       0
       0
       0
       0
       0
       0
       0
       0
       0
       0
       1
       0
       0
       1
       0
       0
       0
       1
       0
       0
       0
       0
       0
       0
       0
       0
       1
       0
       0
       0
       0
       0
       0
       0
       0
       0
       0
       0
       0
       0
       0
       0
       1
       0
       1
       0
       0
       0
       0
       0
       0
       0
       0
       0
       0
       0
       0
       0
       0
       0
       0
       0
       0
       0
       0
       1
       0
       0
       0
       0
       0
       0
       0
       0
       0
       1
       0
       0
       0
       0
       0
       1
       1
       2
       0
       0
       0
       0
       0
       0
       0
       0
       0
       0
       0
       0
       0
       0
       0
       0
       1
       0
       0
       0
       0
       0
       0
       0
       0
       0
       0
       0
       0
       0
       0
       0
       0
       0
       0
       1
       0
       0
       0
       0
       0
       0
       0
       1
       0
       0
       0
       0
       1
       0
       0
       1
       0
       0
       0
       0
       0
       0
       0
       0
       0
       1
       0
       1
       0
       0
       0
       0
       0
       0
       0
       0
       0
       0
       0
       0
       0
       0
       1
       0
       0
       1
       0
       0
       1
       0
       0
       0
       0
       0
       0
       0
       0
       0
       0
       2
       0
       1
       0
       0
       0
       0
       0
       0
       0
       0
       0
       0
       0
       0
       0
       0
       0
       0
       0
       0
       0
       0
       0
       0
       0
       1
       0
       0
       0
       0
       0
       0
       0
       0
       0
       0
       0
       0
       0
       0
       1
       0
       1
       0
       0
       0
       0
       0
       0
       0
       0
       0
       0
       0
       0
       0
       1
       1
       0
       1
       0
       0
       0
       1
       0
       0
       1
       0
       0
       0
       0
       0
       1
       0
       0
       0
       1
       0
       0
       0
       0
       0
       0
       0
       0
       0
       1
       0
       0
       0
       0
       0
       0
       0
       0
       0
       1
       0
       0
       0
       0
       0
       0
       0
       0
       0
       1
       0
       0
       0
       1
       0
       0
       0
       0
       0
       0
       0
       1
       0
       0
       0
       0
       0
       0
       0
       0
       1
       0
       0
       0
       0
       0
       0
       0
       0
       0
       0
       0
       0
       0
       0
       0
       1
       2
       1
       0
       0
       0
       0
       0
       0
       0
       1
       0
       0
       0
       0
       0
       0
       0
       0
       0
       0
       0
       0
       1
       0
       2
       0
       0
       0
       0
       0
       0
       0
       0
       0
       0
       0
       0
       1
       0
       0
       0
       0
       0
       0
       1
       0
       0
       0
       0
       0
       0
       0
       0
       0
       0
       0
       0
       0
       0
       0
       0
       0
       0
       0
       0
       0
       0
       0
       0
       0
       0
       0
       0
       0
       0
       0
       0
       0
       0
       0
       0
       0
       0
       0
       0
       0
       0
       1
       0
       0
       0
       0
       0
       0
       0
       0
       0
       0
       0
       0
       0
       0
       0
       0
       0
       0
       0
       0
       0
       0
       0
       0
       0
       0
       0
       0
       0
       0
       0
       0
       0
       0
       0
       0
       0
       0
       0
       0
       0
       0
       0
       0
       0
       0
       0
       0
       0
       0
       0
       0
       0
       0
       0
       0
       0
       0
       0
       0
       0
       0
       0
       0
       0
       0
       0
       0
       0
       0
       0
       0
       0
       0
       0
       0
       0
       0
       0
       0
       0
       0
       0
       0
       0
       0
       0
       0
       0
       0
       0
       0
       0
       0
       0
       0
       0
       0
       0
       0
       0
       0
       0
       0
       0
       0
       0
       0
       0
       0
       0
       0
       0
       0
       0
       0
       0
       0
       0
       0
       0
       0
       0
       0
       0
       0
       0
       0
       0
       0
       0
       0
       0
       0
       0
       0
       0
       0
       0
       0
       0
       0
       0
       0
       0
       0
       0
       0
       0
       0
       0
       0
       0
       0
       0
       0
       0
       0
$ROI:
0
$PRESETS:
None
0
0
$ENER_FIT:
0.000000 0.000000
$MCA_CAL:
3
0.000000E+000 0.000000E+000 0.000000E+000 
$SHAPE_CAL:
3
0.000000E+000 0.000000E+000 0.000000E+000
